ERR3077518.sra.74	gi|441431943|ref|NC_020104.1|_Acanthamoeba_polyphaga_moumouvirus,_complete_genome	96.970	33	1	0	1143	1175	460903	460871	2.90e-06	55.4
ERR3077518.sra.101	NC_010554_452966_454507	88.764	89	5	3	48	135	85	1	6.70e-22	107
ERR3077518.sra.116	NC_010554_452966_454507	87.736	106	6	5	859	957	1	106	5.49e-25	116
ERR3077518.sra.170	gi|9631294|ref|NC_001993.1|_Melanoplus_sanguinipes_entomopoxvirus,_complete_genome	79.688	64	10	1	98	161	218035	218095	5.39e-06	55.4
ERR3077518.sra.186	gi|529217045|ref|NC_021929.1|_Malvastrum_leaf_curl_Philippines_betasatellite,_complete_sequence	79.412	68	9	1	110	177	99	161	7.41e-08	60.8
ERR3077518.sra.214	gi|363539767|ref|NC_016072.1|_Megavirus_chiliensis,_complete_genome	78.205	78	10	4	496	569	387158	387232	7.98e-06	53.6
ERR3077518.sra.228	NC_010554_452966_454507	84.685	111	5	5	35	134	110	1	1.20e-23	113
ERR3077518.sra.255	gi|20153336|ref|NC_003624.1|_Impatiens_necrotic_spot_virus_segment_S,_complete_sequence	81.690	71	11	1	21	91	1955	2023	1.89e-10	68.0
ERR3077518.sra.302	gi|9964314|ref|NC_002520.1|_Amsacta_moorei_entomopoxvirus_'L',_complete_genome	73.913	115	20	4	202	313	114845	114738	4.83e-09	64.4
ERR3077518.sra.422	NC_010554_452966_454507	93.407	91	5	1	1417	1507	1	90	3.27e-30	134
ERR3077518.sra.452	NC_010554_452966_454507	85.586	111	8	5	26	129	110	1	6.72e-24	113
ERR3077518.sra.462	NC_022000_619303_620833	78.761	678	61	42	75	671	1410	735	2.75e-128	459
ERR3077518.sra.527	NC_010554_452966_454507	88.462	104	9	3	2076	2178	1	102	8.57e-27	123
ERR3077518.sra.541	NC_014366_19179_20701	80.435	92	6	5	25	106	96	7	1.35e-11	73.4
ERR3077518.sra.639	NC_005126_58438_59982	83.333	96	7	3	2098	2186	8	101	1.19e-18	96.9
ERR3077518.sra.701	NC_022000_619303_620833	86.022	93	6	5	1353	1439	5	96	9.52e-18	93.3
ERR3077518.sra.711	NC_009524_776635_778181	86.316	95	6	4	2003	2093	5	96	2.70e-20	102
ERR3077518.sra.833	NC_016809_179310_180858	77.660	94	11	5	18	102	1457	1549	1.29e-08	62.6
ERR3077518.sra.1175	NC_021286_1266767_1268321	91.358	81	5	2	1939	2018	1555	1476	6.14e-22	107
ERR3077518.sra.1363	NC_010554_452966_454507	89.189	111	4	4	25	128	110	1	8.68e-31	136
ERR3077518.sra.1476	gi|441431943|ref|NC_020104.1|_Acanthamoeba_polyphaga_moumouvirus,_complete_genome	96.970	33	1	0	1143	1175	460903	460871	2.90e-06	55.4
ERR3077518.sra.1477	NC_010554_452966_454507	92.632	95	5	1	763	855	1	95	1.51e-31	138
ERR3077518.sra.1541	NC_010554_452966_454507	88.764	89	5	3	48	135	85	1	6.70e-22	107
ERR3077518.sra.1569	NC_010554_452966_454507	84.545	110	6	7	21	123	106	1	5.40e-20	100
ERR3077518.sra.1594	gi|9964314|ref|NC_002520.1|_Amsacta_moorei_entomopoxvirus_'L',_complete_genome	76.596	94	14	5	2656	2744	114816	114726	5.04e-06	55.4
ERR3077518.sra.1625	NC_010554_452966_454507	87.736	106	6	5	859	957	1	106	5.49e-25	116
ERR3077518.sra.1640	NC_010554_452966_454507	76.814	1475	116	95	49	1308	1507	44	0.0	893
ERR3077518.sra.1725	NC_010554_452966_454507	81.250	112	12	5	49	153	110	1	1.10e-17	93.3
ERR3077518.sra.1772	NC_022000_619303_620833	75.815	951	76	61	44	852	555	1493	7.28e-153	542
ERR3077518.sra.1773	gi|9631294|ref|NC_001993.1|_Melanoplus_sanguinipes_entomopoxvirus,_complete_genome	79.688	64	10	1	98	161	218035	218095	5.39e-06	55.4
ERR3077518.sra.1821	gi|529217045|ref|NC_021929.1|_Malvastrum_leaf_curl_Philippines_betasatellite,_complete_sequence	79.412	68	9	1	110	177	99	161	7.41e-08	60.8
ERR3077518.sra.1921	gi|340025671|ref|NC_000852.5|_Paramecium_bursaria_Chlorella_virus_1,_complete_genome	84.906	53	8	0	64	116	312140	312088	1.01e-07	60.8
ERR3077518.sra.1930	gi|310830989|ref|NC_014637.1|_Cafeteria_roenbergensis_virus_BV-PW1,_complete_genome	77.778	81	12	3	809	886	545891	545814	6.03e-07	57.2
ERR3077518.sra.1931	gi|363539767|ref|NC_016072.1|_Megavirus_chiliensis,_complete_genome	78.205	78	10	4	496	569	387158	387232	7.98e-06	53.6
ERR3077518.sra.1972	NC_010554_452966_454507	84.685	111	5	5	35	134	110	1	1.20e-23	113
ERR3077518.sra.2081	gi|20153336|ref|NC_003624.1|_Impatiens_necrotic_spot_virus_segment_S,_complete_sequence	81.690	71	11	1	21	91	1955	2023	1.89e-10	68.0
ERR3077518.sra.2103	gi|441431943|ref|NC_020104.1|_Acanthamoeba_polyphaga_moumouvirus,_complete_genome	74.138	116	19	6	389	499	217457	217348	3.10e-07	57.2
ERR3077518.sra.2257	gi|9964314|ref|NC_002520.1|_Amsacta_moorei_entomopoxvirus_'L',_complete_genome	73.913	115	20	4	202	313	114845	114738	4.83e-09	64.4
ERR3077518.sra.2276	gi|448824968|ref|NC_020232.1|_Megavirus_lba_isolate_LBA111,_complete_genome	71.429	168	40	5	146	305	519040	518873	5.40e-11	71.6
ERR3077518.sra.2450	gi|441431943|ref|NC_020104.1|_Acanthamoeba_polyphaga_moumouvirus,_complete_genome	75.000	132	26	5	1263	1391	474871	474744	1.58e-11	73.4
ERR3077518.sra.2468	NC_010554_452966_454507	78.431	102	8	8	513	600	1	102	6.58e-09	62.6
ERR3077518.sra.2527	gi|441431943|ref|NC_020104.1|_Acanthamoeba_polyphaga_moumouvirus,_complete_genome	74.790	119	24	4	717	830	474866	474749	2.24e-10	68.0
ERR3077518.sra.2601	NC_010554_452966_454507	93.407	91	5	1	1417	1507	1	90	3.27e-30	134
ERR3077518.sra.2697	NC_010554_452966_454507	85.586	111	8	5	26	129	110	1	6.72e-24	113
ERR3077518.sra.2745	NC_022000_619303_620833	78.761	678	61	42	75	671	1410	735	2.75e-128	459
ERR3077518.sra.2826	gi|310830989|ref|NC_014637.1|_Cafeteria_roenbergensis_virus_BV-PW1,_complete_genome	75.000	132	27	5	776	903	451314	451443	1.18e-11	73.4
ERR3077518.sra.2946	NC_010554_452966_454507	88.462	104	9	3	2076	2178	1	102	8.57e-27	123
ERR3077518.sra.2991	NC_014366_19179_20701	80.435	92	6	5	25	106	96	7	1.35e-11	73.4
ERR3077518.sra.3323	NC_010554_452966_454507	89.362	94	2	5	63	148	94	1	1.40e-22	109
ERR3077518.sra.3334	NC_005126_58438_59982	83.333	96	7	3	2098	2186	8	101	1.19e-18	96.9
ERR3077518.sra.3365	NC_010554_452966_454507	91.429	105	2	2	2135	2232	1	105	7.68e-34	147
ERR3077518.sra.3535	NC_022000_619303_620833	86.022	93	6	5	1353	1439	5	96	9.52e-18	93.3
ERR3077518.sra.3574	NC_009524_776635_778181	86.316	95	6	4	2003	2093	5	96	2.70e-20	102
ERR3077518.sra.3588	NC_022000_619303_620833	84.091	88	7	5	631	712	8	94	2.93e-14	80.6
ERR3077518.sra.3602	NC_013971_41021_42578	100.000	46	0	0	65	110	46	1	4.71e-15	84.2
ERR3077518.sra.3676	NC_009783_3765179_3765351	79.775	89	8	3	1158	1236	102	14	2.22e-12	75.2
ERR3077518.sra.3927	NC_016809_179310_180858	77.660	94	11	5	18	102	1457	1549	1.29e-08	62.6
ERR3077518.sra.4015	NC_022000_619303_620833	79.788	851	69	48	627	1377	1531	684	0.0	636
ERR3077518.sra.4047	NC_021742_1085_2628	86.239	109	7	5	49	150	1437	1544	3.96e-24	114
ERR3077518.sra.4317	NC_010554_452966_454507	76.542	1492	129	86	800	2083	1	1479	0.0	924
ERR3077518.sra.4440	gi|441431943|ref|NC_020104.1|_Acanthamoeba_polyphaga_moumouvirus,_complete_genome	88.636	44	3	1	210	253	460871	460912	1.37e-06	55.4
ERR3077518.sra.4564	NC_010554_452966_454507	92.079	101	1	5	2076	2172	1	98	5.76e-29	131
ERR3077518.sra.4715	gi|590428184|ref|NC_023636.1|_Porcine_astrovirus_5_isolate_AstV5-US-IA122,_complete_genome	94.737	38	2	0	1832	1869	6500	6463	1.13e-07	60.8
ERR3077518.sra.4878	gi|22129792|ref|NC_004102.1|_Hepatitis_C_virus_genotype_1,_complete_genome	89.474	133	12	1	8	140	9418	9548	5.20e-42	174
ERR3077518.sra.4986	NC_021286_1266767_1268321	91.358	81	5	2	1939	2018	1555	1476	6.14e-22	107
ERR3077518.sra.5024	NC_021350_359864_361325	78.788	132	16	5	445	568	1220	1347	1.32e-19	100
ERR3077518.sra.5054	NC_010554_452966_454507	92.929	99	4	3	1542	1638	1	98	1.02e-30	136
ERR3077518.sra.5057	NC_012962_54772_56260	80.571	175	15	9	49	207	175	4	1.04e-31	140
ERR3077518.sra.5134	NC_012660_119713_121250	88.158	76	7	1	2678	2751	16	91	5.29e-18	95.1
ERR3077518.sra.5316	NC_022000_619303_620833	76.423	492	67	28	65	512	506	20	1.77e-74	282
ERR3077518.sra.5408	NC_010554_452966_454507	83.333	90	10	3	2622	2706	5	94	2.68e-15	86.0
ERR3077518.sra.5589	gi|9964314|ref|NC_002520.1|_Amsacta_moorei_entomopoxvirus_'L',_complete_genome	72.785	158	27	10	97	243	70189	70037	9.86e-08	60.8
ERR3077518.sra.5680	gi|441431943|ref|NC_020104.1|_Acanthamoeba_polyphaga_moumouvirus,_complete_genome	83.871	62	9	1	1422	1483	12702	12642	8.87e-09	64.4
ERR3077518.sra.5691	NC_009783_3765179_3765351	87.755	49	4	1	104	150	59	107	3.63e-07	59.0
ERR3077518.sra.5784	NC_022000_619303_620833	83.940	604	35	32	1463	2011	3	599	2.76e-159	563
ERR3077518.sra.6000	NC_009783_3765179_3765351	85.484	62	6	3	9	67	53	114	8.57e-08	60.8
ERR3077518.sra.6093	NC_009783_3765179_3765351	86.170	94	12	1	1834	1926	112	19	5.90e-22	107
ERR3077518.sra.6309	NC_010554_452966_454507	80.374	107	6	4	1723	1815	1	106	3.45e-18	95.1
ERR3077518.sra.6324	NC_021350_359864_361325	68.239	318	76	14	610	914	1302	997	4.11e-13	78.8
ERR3077518.sra.6353	gi|163954976|ref|NC_010191.1|_Ostreococcus_virus_OsV5,_complete_genome	68.269	208	42	10	2215	2407	9961	10159	4.35e-06	55.4
ERR3077518.sra.6567	gi|9964314|ref|NC_002520.1|_Amsacta_moorei_entomopoxvirus_'L',_complete_genome	82.456	57	9	1	1672	1728	213459	213514	4.77e-06	55.4
ERR3077518.sra.6602	NC_021286_1266767_1268321	78.125	96	10	4	7	91	1450	1545	6.30e-11	71.6
ERR3077518.sra.6987	gi|441431943|ref|NC_020104.1|_Acanthamoeba_polyphaga_moumouvirus,_complete_genome	84.906	53	6	2	413	463	799943	799995	3.89e-06	53.6
ERR3077518.sra.7034	gi|441431943|ref|NC_020104.1|_Acanthamoeba_polyphaga_moumouvirus,_complete_genome	76.238	101	17	4	580	677	973351	973447	2.41e-08	62.6
ERR3077518.sra.7106	NC_010554_452966_454507	84.071	113	8	7	11	116	110	1	7.35e-20	100
ERR3077518.sra.7507	NC_010554_452966_454507	82.584	178	15	9	26	188	177	1	1.95e-36	156
ERR3077518.sra.7666	NC_010554_452966_454507	87.000	100	8	3	2146	2240	1	100	1.59e-23	113
ERR3077518.sra.7987	NC_017731_1196537_1198078	78.571	84	12	4	2289	2367	1542	1460	3.28e-07	59.0
ERR3077518.sra.7990	NC_008593_170256_171767	79.518	83	10	5	1714	1793	2	80	8.60e-07	57.2
ERR3077518.sra.8097	NC_010554_452966_454507	75.490	102	7	6	2203	2286	4	105	8.99e-08	60.8
ERR3077518.sra.8179	gi|15078713|ref|NC_003038.1|_Invertebrate_iridescent_virus_6,_complete_genome	78.205	78	17	0	26	103	174361	174284	4.47e-09	64.4
ERR3077518.sra.8201	NC_010554_452966_454507	83.636	110	5	5	41	137	110	1	5.42e-22	107
ERR3077518.sra.8244	NC_023045_34251_35778	78.125	96	10	6	37	121	96	1	1.09e-08	62.6
ERR3077518.sra.8260	NC_010554_452966_454507	79.439	107	11	4	2762	2858	1	106	2.83e-15	86.0
ERR3077518.sra.8334	gi|254728914|ref|NC_013015.1|_Sclerotinia_sclerotiorum_partitivirus_S_segment_2,_complete_genome	86.538	52	7	0	1645	1696	1835	1784	2.59e-08	62.6
ERR3077518.sra.8356	NC_022738_191891_193429	95.652	46	2	0	43	88	50	5	3.79e-12	75.2
ERR3077518.sra.8395	NC_010554_452966_454507	80.944	1081	85	62	469	1445	1542	479	0.0	850
ERR3077518.sra.8615	NC_014618_448966_450494	77.394	752	82	43	17	691	789	1529	1.10e-132	475
ERR3077518.sra.8617	NC_010554_452966_454507	90.000	80	5	3	7	84	79	1	3.85e-19	98.7
ERR3077518.sra.8708	gi|441431943|ref|NC_020104.1|_Acanthamoeba_polyphaga_moumouvirus,_complete_genome	79.213	178	33	4	2568	2743	474864	474689	1.73e-31	140
ERR3077518.sra.8708	gi|441431943|ref|NC_020104.1|_Acanthamoeba_polyphaga_moumouvirus,_complete_genome	76.068	117	26	2	2582	2697	290842	290957	4.96e-13	78.8
ERR3077518.sra.8710	NC_010554_452966_454507	89.524	105	5	4	937	1035	1	105	3.29e-28	127
ERR3077518.sra.8867	NC_016809_179310_180858	80.851	94	7	5	11	95	1458	1549	9.44e-13	77.0
ERR3077518.sra.9015	NC_018706_214504_216058	74.242	132	24	6	1230	1354	129	1	7.17e-10	68.0
ERR3077518.sra.9032	gi|310830989|ref|NC_014637.1|_Cafeteria_roenbergensis_virus_BV-PW1,_complete_genome	76.991	113	13	10	236	340	339042	338935	4.27e-06	53.6
ERR3077518.sra.9203	gi|506498610|ref|NC_021249.1|_Choristoneura_rosaceana_entomopoxvirus_'L',_complete_genome	88.095	42	5	0	531	572	36347	36388	4.12e-06	53.6
ERR3077518.sra.9374	NC_010554_452966_454507	82.979	94	9	3	1539	1626	1	93	3.79e-17	91.5
ERR3077518.sra.9385	NC_021009_505857_508732	87.273	55	6	1	1454	1507	228	282	6.12e-09	64.4
ERR3077518.sra.9506	NC_021040_348381_351031	78.571	182	27	10	396	569	2470	2647	2.00e-25	118
ERR3077518.sra.9530	NC_011586_56013_57570	91.045	67	5	1	44	109	73	7	3.55e-17	91.5
ERR3077518.sra.9715	NC_022000_619303_620833	86.813	91	6	3	1385	1470	7	96	1.88e-20	102
ERR3077518.sra.9765	NC_004088_12016_13600	75.573	131	18	9	26	151	1464	1585	2.15e-09	64.4
ERR3077518.sra.9832	NC_009524_776635_778181	87.500	96	10	2	5	99	97	3	1.62e-23	113
ERR3077518.sra.9861	NC_020064_251250_252673	73.874	888	115	52	18	800	878	3	2.68e-118	426
ERR3077518.sra.9902	NC_022000_619303_620833	83.529	85	7	4	558	638	18	99	9.06e-14	78.8
ERR3077518.sra.9977	NC_022000_619303_620833	79.638	663	52	36	889	1470	1529	869	2.02e-140	500
ERR3077518.sra.10031	NC_017731_1196537_1198078	90.476	105	6	4	2147	2249	1542	1440	5.95e-29	131
ERR3077518.sra.10135	gi|441431943|ref|NC_020104.1|_Acanthamoeba_polyphaga_moumouvirus,_complete_genome	77.698	139	20	6	526	653	474871	474733	2.81e-18	95.1
ERR3077518.sra.10225	gi|531034792|ref|NC_022098.1|_Pandoravirus_salinus,_complete_genome	86.364	44	6	0	106	149	1323828	1323785	9.99e-06	53.6
ERR3077518.sra.10260	NC_021040_348381_351031	75.000	132	20	7	2072	2191	2602	2472	2.20e-10	69.8
ERR3077518.sra.10307	gi|582973099|ref|NC_023426.1|_Anomala_cuprea_entomopoxvirus_DNA,_complete_genome,_strain:_CV6M	86.275	51	6	1	971	1021	185990	185941	1.17e-06	57.2
ERR3077518.sra.10323	gi|506497718|ref|NC_021246.1|_Mythimna_separata_entomopoxvirus_'L',_complete_genome	79.268	82	11	5	2538	2618	15396	15320	4.72e-06	55.4
ERR3077518.sra.10408	NC_009783_3765179_3765351	87.879	66	6	2	1007	1071	99	35	5.60e-13	77.0
ERR3077518.sra.10520	NC_010554_452966_454507	81.731	104	2	4	1694	1780	2	105	7.95e-20	100
ERR3077518.sra.10574	NC_010554_452966_454507	78.446	399	46	24	37	404	390	1	5.49e-68	260
ERR3077518.sra.10575	NC_010554_452966_454507	79.242	501	44	31	2438	2884	1	495	1.59e-94	349
ERR3077518.sra.10576	NC_013971_41021_42578	95.833	48	1	1	454	500	2	49	9.50e-13	75.2
ERR3077518.sra.10633	gi|441431943|ref|NC_020104.1|_Acanthamoeba_polyphaga_moumouvirus,_complete_genome	80.435	92	16	1	482	571	474761	474852	3.06e-14	82.4
ERR3077518.sra.10662	gi|441431943|ref|NC_020104.1|_Acanthamoeba_polyphaga_moumouvirus,_complete_genome	79.487	78	14	2	901	978	474777	474852	1.56e-08	62.6
ERR3077518.sra.10690	gi|571026786|ref|NC_023292.1|_Papaya_leaf_curl_alphasatellite_clone_PaLCuA[PK_Mul_07],_complete_sequence	84.314	51	8	0	2521	2571	1184	1134	1.53e-06	57.2
ERR3077518.sra.10786	NC_010554_452966_454507	78.641	103	8	5	1287	1376	4	105	6.99e-13	77.0
ERR3077518.sra.10789	NC_009092_151087_152641	76.364	110	7	5	16	106	110	1	1.05e-12	77.0
ERR3077518.sra.11061	NC_010554_452966_454507	87.736	106	6	4	15	114	105	1	2.57e-26	122
ERR3077518.sra.11148	gi|582973099|ref|NC_023426.1|_Anomala_cuprea_entomopoxvirus_DNA,_complete_genome,_strain:_CV6M	82.692	52	9	0	866	917	19532	19583	8.18e-06	53.6
ERR3077518.sra.11148	gi|582973099|ref|NC_023426.1|_Anomala_cuprea_entomopoxvirus_DNA,_complete_genome,_strain:_CV6M	82.692	52	9	0	866	917	226186	226135	8.18e-06	53.6
ERR3077518.sra.11351	gi|674660326|ref|NC_024709.1|_Ball_python_nidovirus_strain_07-53,_complete_genome	96.970	33	1	0	22	54	33452	33420	4.27e-06	55.4
ERR3077518.sra.11445	gi|310830989|ref|NC_014637.1|_Cafeteria_roenbergensis_virus_BV-PW1,_complete_genome	73.099	171	28	7	426	579	451274	451443	1.91e-15	86.0
ERR3077518.sra.11490	NC_018706_214504_216058	73.643	129	27	3	1802	1923	129	1	1.53e-11	73.4
ERR3077518.sra.11625	NC_010554_452966_454507	91.111	90	6	1	10	97	90	1	8.47e-27	123
ERR3077518.sra.11714	NC_010554_452966_454507	76.471	102	13	5	1302	1392	1	102	4.47e-09	64.4
ERR3077518.sra.11789	NC_023045_34251_35778	80.000	85	5	5	15	88	85	2	1.27e-09	66.2
ERR3077518.sra.11800	NC_010554_452966_454507	84.112	107	14	3	2379	2483	1	106	2.62e-21	105
ERR3077518.sra.11906	gi|422933554|ref|NC_019491.1|_Cyprinid_herpesvirus_1_strain_NG-J1,_complete_genome	84.375	64	8	2	2005	2066	128432	128495	7.09e-09	64.4
ERR3077518.sra.11906	gi|422933554|ref|NC_019491.1|_Cyprinid_herpesvirus_1_strain_NG-J1,_complete_genome	83.929	56	8	1	2004	2058	128437	128492	1.05e-06	57.2
ERR3077518.sra.11906	gi|422933554|ref|NC_019491.1|_Cyprinid_herpesvirus_1_strain_NG-J1,_complete_genome	88.636	44	5	0	1998	2041	128455	128498	1.05e-06	57.2
ERR3077518.sra.12004	gi|118496614|ref|NC_008603.1|_Paramecium_bursaria_Chlorella_virus_FR483,_complete_genome	83.019	53	9	0	1591	1643	142509	142561	5.40e-06	55.4
ERR3077518.sra.12005	gi|632842269|ref|NC_024075.1|_Cat_Que_Virus_strain_VN04-2108_nucleoprotein_gene,_complete_cds	79.775	89	17	1	53	141	861	774	9.83e-13	77.0
ERR3077518.sra.12155	NC_021286_1266767_1268321	86.486	74	10	0	1281	1354	1542	1469	1.10e-16	89.7
ERR3077518.sra.12623	NC_021741_264344_265885	82.407	108	6	7	47	143	106	1	1.18e-16	89.7
ERR3077518.sra.12789	NC_017731_1196537_1198078	83.117	77	9	3	2153	2225	1539	1463	4.89e-11	71.6
ERR3077518.sra.13115	NC_010554_452966_454507	93.137	102	1	4	852	949	1	100	4.78e-32	140
ERR3077518.sra.13138	NC_010554_452966_454507	81.633	980	72	54	601	1483	1539	571	0.0	810
ERR3077518.sra.13147	gi|363539767|ref|NC_016072.1|_Megavirus_chiliensis,_complete_genome	74.257	101	23	3	747	845	1027089	1026990	4.54e-06	55.4
ERR3077518.sra.13197	NC_017731_1196537_1198078	78.966	1160	124	58	27	1082	1144	1	0.0	839
ERR3077518.sra.13346	gi|363539767|ref|NC_016072.1|_Megavirus_chiliensis,_complete_genome	77.895	95	16	4	590	682	463388	463297	6.51e-09	64.4
ERR3077518.sra.13421	NC_021286_1266767_1268321	86.420	81	9	2	1771	1850	1552	1473	1.51e-16	89.7
ERR3077518.sra.13446	gi|441431943|ref|NC_020104.1|_Acanthamoeba_polyphaga_moumouvirus,_complete_genome	75.439	114	23	4	156	264	474745	474858	1.71e-09	66.2
ERR3077518.sra.13568	NC_017731_1196537_1198078	81.731	104	6	6	33	123	1435	1538	8.04e-16	87.8
ERR3077518.sra.13693	NC_009783_3765179_3765351	86.170	94	8	3	32	121	16	108	3.52e-20	102
ERR3077518.sra.13757	NC_010554_452966_454507	78.000	100	14	5	1402	1493	1	100	1.38e-09	66.2
ERR3077518.sra.13815	NC_017540_397790_399343	86.726	113	10	3	14	121	113	1	4.03e-28	127
ERR3077518.sra.13869	NC_021350_359864_361325	70.652	460	102	21	1881	2312	1446	992	1.60e-36	156
ERR3077518.sra.13934	NC_022000_619303_620833	79.570	372	33	19	1254	1585	18	386	1.06e-74	282
ERR3077518.sra.14006	NC_017731_1196537_1198078	80.247	81	4	6	2129	2197	1542	1462	3.02e-07	59.0
ERR3077518.sra.14046	gi|441431943|ref|NC_020104.1|_Acanthamoeba_polyphaga_moumouvirus,_complete_genome	72.932	133	24	7	355	480	474744	474871	1.39e-06	57.2
ERR3077518.sra.14342	NC_010554_452966_454507	93.333	105	5	1	2555	2657	1	105	1.77e-36	156
ERR3077518.sra.14439	gi|9631294|ref|NC_001993.1|_Melanoplus_sanguinipes_entomopoxvirus,_complete_genome	78.571	84	9	4	805	888	141574	141500	7.32e-08	60.8
ERR3077518.sra.14454	NC_009783_3765179_3765351	83.333	72	9	1	9	77	41	112	4.12e-12	75.2
ERR3077518.sra.14469	NC_010554_452966_454507	77.466	1531	133	100	201	1533	2	1518	0.0	946
ERR3077518.sra.14652	NC_013971_41021_42578	85.577	104	8	4	2306	2402	1	104	2.08e-22	109
ERR3077518.sra.14724	NC_022000_619303_620833	87.879	99	11	1	41	138	99	1	1.36e-26	122
ERR3077518.sra.14841	NC_021040_348381_351031	77.778	90	14	4	517	601	2501	2589	1.13e-07	60.8
ERR3077518.sra.14857	NC_017731_1196537_1198078	92.000	100	7	1	15	114	1444	1542	3.86e-32	141
ERR3077518.sra.14960	gi|441431943|ref|NC_020104.1|_Acanthamoeba_polyphaga_moumouvirus,_complete_genome	82.178	101	13	3	1616	1711	474859	474759	1.36e-17	93.3
ERR3077518.sra.14978	gi|341926380|ref|NC_015874.1|_Nam_Dinh_virus,_complete_genome	92.593	81	4	1	2	82	20192	20114	1.69e-24	116
ERR3077518.sra.15003	gi|582973099|ref|NC_023426.1|_Anomala_cuprea_entomopoxvirus_DNA,_complete_genome,_strain:_CV6M	80.328	61	12	0	1907	1967	221086	221026	1.17e-06	57.2
ERR3077518.sra.15111	NC_010554_452966_454507	77.670	103	11	2	788	878	4	106	2.97e-15	84.2
ERR3077518.sra.15197	NC_013892_49904_51400	79.916	956	87	52	61	921	552	1497	0.0	719
ERR3077518.sra.15211	gi|295441891|ref|NC_014093.1|_Torque_teno_midi_virus_2,_complete_genome	79.710	69	10	1	2253	2317	2671	2739	1.05e-07	60.8
ERR3077518.sra.15262	gi|20153333|ref|NC_003616.1|_Impatiens_necrotic_spot_virus_segment_M,_complete_sequence	79.310	116	20	2	21	136	1245	1134	1.26e-18	96.9
ERR3077518.sra.15405	NC_010554_452966_454507	81.837	490	38	22	2636	3079	4	488	6.28e-119	430
ERR3077518.sra.15466	NC_022000_619303_620833	82.138	739	52	40	10	687	542	1261	7.59e-180	630
ERR3077518.sra.15686	NC_022000_619303_620833	85.870	92	3	5	673	755	1	91	1.41e-18	95.1
ERR3077518.sra.15717	NC_010554_452966_454507	84.906	106	11	3	833	934	1	105	2.28e-23	111
ERR3077518.sra.15720	NC_017731_1196537_1198078	92.157	102	3	3	40	137	1442	1542	5.45e-32	140
ERR3077518.sra.15858	gi|582973099|ref|NC_023426.1|_Anomala_cuprea_entomopoxvirus_DNA,_complete_genome,_strain:_CV6M	76.471	85	14	3	1413	1493	172817	172735	4.17e-06	55.4
ERR3077518.sra.15891	NC_015567_252738_254267	77.233	1388	149	80	780	2012	1515	140	0.0	868
ERR3077518.sra.15904	NC_021286_1266767_1268321	86.301	73	5	1	30	97	1468	1540	2.99e-16	87.8
ERR3077518.sra.15913	NC_010554_452966_454507	94.737	95	4	1	1194	1287	1	95	1.55e-33	145
ERR3077518.sra.15983	NC_010554_452966_454507	77.917	240	27	15	28	242	239	1	5.38e-35	150
ERR3077518.sra.16069	NC_021350_359864_361325	68.836	292	74	13	20	299	1412	1126	1.15e-11	73.4
ERR3077518.sra.16116	M75038	78.505	107	11	5	35	129	107	1	3.10e-13	78.8
ERR3077518.sra.16127	gi|310830989|ref|NC_014637.1|_Cafeteria_roenbergensis_virus_BV-PW1,_complete_genome	75.962	104	19	4	808	910	383367	383269	1.64e-08	62.6
ERR3077518.sra.16294	NC_013971_41021_42578	95.161	62	1	2	53	113	62	2	3.22e-17	91.5
ERR3077518.sra.16407	NC_005126_58438_59982	87.500	80	7	3	2789	2865	6	85	2.34e-16	89.7
ERR3077518.sra.16643	NC_017731_1196537_1198078	77.419	93	11	6	31	114	1444	1535	3.76e-06	55.4
ERR3077518.sra.16972	NC_017731_1196537_1198078	81.481	108	7	7	21	115	1435	1542	1.39e-15	86.0
ERR3077518.sra.16980	NC_010554_452966_454507	86.957	92	4	5	657	740	4	95	3.98e-19	96.9
ERR3077518.sra.17002	AY005034	77.038	1533	207	70	763	2175	1510	3	0.0	993
ERR3077518.sra.17098	gi|441431943|ref|NC_020104.1|_Acanthamoeba_polyphaga_moumouvirus,_complete_genome	78.095	105	15	3	322	419	474761	474864	1.03e-13	80.6
ERR3077518.sra.17167	gi|441431943|ref|NC_020104.1|_Acanthamoeba_polyphaga_moumouvirus,_complete_genome	81.818	66	10	1	71	134	41368	41433	2.81e-08	62.6
ERR3077518.sra.17184	NC_010554_452966_454507	82.727	110	7	4	2038	2140	1	105	2.26e-21	105
ERR3077518.sra.17291	NC_022000_619303_620833	75.241	311	32	22	81	352	1223	1527	6.34e-37	156
ERR3077518.sra.17425	NC_005126_58438_59982	88.372	86	7	3	1460	1544	2	85	6.99e-20	100
ERR3077518.sra.17457	NC_022000_619303_620833	89.412	85	5	2	36	116	104	20	3.63e-22	107
ERR3077518.sra.17486	NC_017731_1196537_1198078	76.238	101	11	5	14	101	1442	1542	5.50e-09	64.4
ERR3077518.sra.17569	NC_009783_3765179_3765351	90.476	42	3	1	1325	1365	99	58	2.35e-06	55.4
ERR3077518.sra.17710	NC_009783_3765179_3765351	88.043	92	8	3	905	994	112	22	1.04e-21	105
ERR3077518.sra.17729	NC_017731_1196537_1198078	88.889	108	9	1	12	116	1435	1542	1.17e-31	140
ERR3077518.sra.17751	gi|441431943|ref|NC_020104.1|_Acanthamoeba_polyphaga_moumouvirus,_complete_genome	79.464	112	21	2	790	900	474871	474761	2.96e-17	91.5
ERR3077518.sra.17962	NC_010554_452966_454507	77.451	102	13	3	1427	1518	1	102	7.74e-13	77.0
ERR3077518.sra.18052	NC_022000_619303_620833	76.596	94	8	5	42	121	100	7	4.30e-08	60.8
ERR3077518.sra.18220	gi|506498610|ref|NC_021249.1|_Choristoneura_rosaceana_entomopoxvirus_'L',_complete_genome	73.684	95	22	2	261	352	108149	108243	9.63e-06	53.6
ERR3077518.sra.18366	NC_010554_452966_454507	80.583	103	9	5	836	935	4	98	3.20e-15	84.2
ERR3077518.sra.18730	NC_010554_452966_454507	84.762	105	7	4	21	116	105	1	4.19e-22	107
ERR3077518.sra.18942	NC_017731_1196537_1198078	89.130	92	4	3	1	89	1452	1540	1.10e-23	113
ERR3077518.sra.19158	NC_021350_359864_361325	69.091	275	60	14	980	1234	1126	1395	1.82e-11	73.4
ERR3077518.sra.19228	gi|363539767|ref|NC_016072.1|_Megavirus_chiliensis,_complete_genome	90.476	42	3	1	1220	1260	665797	665756	3.47e-06	55.4
ERR3077518.sra.19233	gi|570033518|ref|NC_023162.1|_Carp_picornavirus_1_isolate_F37_06,_complete_genome	88.095	84	2	1	45	128	7697	7622	4.97e-23	109
ERR3077518.sra.19294	NC_010554_452966_454507	80.439	1549	139	81	645	2039	1542	4	0.0	1211
ERR3077518.sra.19492	NC_009783_3765179_3765351	87.912	91	11	0	2562	2652	102	12	5.45e-24	114
ERR3077518.sra.19499	NC_022000_619303_620833	73.419	1012	114	58	756	1620	1520	517	1.14e-137	491
ERR3077518.sra.19608	gi|310830989|ref|NC_014637.1|_Cafeteria_roenbergensis_virus_BV-PW1,_complete_genome	75.000	112	21	5	762	868	451438	451329	9.98e-08	60.8
ERR3077518.sra.20047	gi|288860181|ref|NC_013801.1|_Croton_yellow_vein_mosaic_alphasatellite,_complete_genome	84.314	51	8	0	95	145	1149	1099	1.34e-06	57.2
ERR3077518.sra.20094	NC_010554_452966_454507	85.577	104	7	6	1136	1233	1	102	5.47e-20	100
ERR3077518.sra.20178	gi|9631294|ref|NC_001993.1|_Melanoplus_sanguinipes_entomopoxvirus,_complete_genome	80.000	60	12	0	1175	1234	162586	162645	4.13e-06	55.4
ERR3077518.sra.20182	gi|9964314|ref|NC_002520.1|_Amsacta_moorei_entomopoxvirus_'L',_complete_genome	75.207	121	21	6	305	422	45585	45699	2.51e-09	64.4
ERR3077518.sra.20203	gi|700075216|ref|NC_025379.1|_Mamastrovirus_3_isolate_PAstV-GX1,_complete_genome	80.000	80	11	1	111	185	6706	6627	1.64e-11	73.4
ERR3077518.sra.20265	NC_010554_452966_454507	80.198	101	9	2	53	142	101	1	1.52e-17	93.3
ERR3077518.sra.20422	NC_009783_3765179_3765351	84.810	79	4	6	47	118	22	99	1.09e-10	69.8
ERR3077518.sra.20557	gi|363539767|ref|NC_016072.1|_Megavirus_chiliensis,_complete_genome	73.214	112	21	5	378	487	717502	717398	6.91e-06	53.6
ERR3077518.sra.20808	gi|448260147|ref|NC_020077.1|_Sulfolobus_virus_STSV2,_complete_genome	76.812	69	16	0	908	976	1738	1806	8.60e-06	53.6
ERR3077518.sra.20848	NC_010554_452966_454507	81.053	95	4	6	1598	1678	1	95	8.60e-13	77.0
ERR3077518.sra.20868	gi|20153333|ref|NC_003616.1|_Impatiens_necrotic_spot_virus_segment_M,_complete_sequence	71.681	113	27	1	8	115	1293	1405	9.98e-08	60.8
ERR3077518.sra.21025	gi|506497718|ref|NC_021246.1|_Mythimna_separata_entomopoxvirus_'L',_complete_genome	76.842	95	18	4	1517	1608	107940	107847	3.11e-07	59.0
ERR3077518.sra.21031	NC_010554_452966_454507	86.111	108	9	5	938	1042	1	105	2.54e-23	111
ERR3077518.sra.21032	gi|21426909|ref|NC_004006.1|_Broad_bean_mottle_virus_RNA_3,_complete_sequence	87.209	86	1	1	45	130	1374	1449	4.70e-23	111
ERR3077518.sra.21043	gi|310830989|ref|NC_014637.1|_Cafeteria_roenbergensis_virus_BV-PW1,_complete_genome	76.471	102	18	4	289	388	282726	282823	1.85e-09	64.4
ERR3077518.sra.21071	gi|12175745|ref|NC_002645.1|_Human_coronavirus_229E,_complete_genome	96.296	54	1	1	19	72	27317	27265	6.55e-16	86.0
ERR3077518.sra.21180	NC_015735_8736_10280	83.750	80	4	3	832	902	1545	1466	3.79e-14	80.6
ERR3077518.sra.21493	gi|73852470|ref|NC_007346.1|_Emiliania_huxleyi_virus_86,_complete_genome	71.552	116	33	0	4	119	242630	242515	6.61e-08	60.8
ERR3077518.sra.21502	NC_005126_58438_59982	85.556	90	5	6	21	104	89	2	4.25e-15	84.2
ERR3077518.sra.21563	NC_010554_452966_454507	80.808	99	7	6	2062	2151	1	96	1.10e-12	77.0
ERR3077518.sra.21913	NC_010554_452966_454507	83.810	105	5	5	2642	2734	1	105	3.52e-20	102
ERR3077518.sra.21949	NC_006155_12249_13794	89.552	67	2	3	977	1039	3	68	4.42e-14	80.6
ERR3077518.sra.21966	NC_010554_452966_454507	85.981	107	3	4	20	114	110	4	2.81e-25	118
ERR3077518.sra.21974	NC_018525_217930_219472	78.947	76	10	4	16	88	87	15	5.72e-06	53.6
ERR3077518.sra.22030	NC_010554_452966_454507	80.617	1491	119	83	924	2252	1483	1	0.0	1166
ERR3077518.sra.22033	NC_022738_191891_193429	90.698	43	3	1	2930	2972	13	54	1.45e-06	57.2
ERR3077518.sra.22182	EF620925	76.742	1062	120	66	23	984	471	1505	3.82e-176	619
ERR3077518.sra.22200	NC_005126_58438_59982	87.356	87	5	4	1980	2063	2	85	3.95e-18	95.1
ERR3077518.sra.22346	gi|377829940|ref|NC_016924.1|_Cotia_virus_SPAn232,_complete_genome	79.688	64	7	2	8	68	58648	58708	9.92e-06	53.6
ERR3077518.sra.22408	NC_010554_452966_454507	71.170	607	79	43	2043	2558	1	602	1.62e-49	199
