ERR3077527.sra.41	NC_017186_1295147_1296668	73.874	111	15	5	2600	2701	1	106	1.07e-07	60.8
ERR3077527.sra.72	NC_015964_438409_439961	83.086	1076	74	51	2157	3138	1545	484	0.0	987
ERR3077527.sra.147	DQ232537	83.989	356	21	20	244	563	1455	1100	9.79e-89	327
ERR3077527.sra.255	AY879305	80.778	463	42	26	273	692	1512	1054	2.05e-98	360
ERR3077527.sra.258	AY995769	81.751	1496	130	81	607	1971	17	1500	0.0	1232
ERR3077527.sra.306	NC_021040_348381_351031	78.704	108	14	4	972	1070	2585	2478	2.01e-14	82.4
ERR3077527.sra.348	NC_014498_31096_32654	83.091	550	42	29	48	558	1020	1557	6.85e-137	488
ERR3077527.sra.752	L14326	81.031	1513	100	82	279	1626	1537	47	0.0	1234
ERR3077527.sra.810	gi|260665870|ref|NC_013288.1|_Ostreococcus_tauri_virus_1_complete_genome	86.538	52	5	2	1528	1577	12843	12792	3.12e-06	55.4
ERR3077527.sra.942	gi|441431943|ref|NC_020104.1|_Acanthamoeba_polyphaga_moumouvirus,_complete_genome	76.336	131	21	4	552	676	474727	474853	8.93e-16	87.8
ERR3077527.sra.978	NC_014371_962840_964317	78.481	79	4	3	49	114	1398	1476	2.14e-09	64.4
ERR3077527.sra.1164	gi|116536735|ref|NC_008516.1|_White_bream_virus,_complete_genome	92.683	41	3	0	568	608	26655	26615	5.85e-08	60.8
ERR3077527.sra.1282	NC_009443_16967_18518	82.090	268	23	12	231	487	1549	1296	4.17e-61	235
ERR3077527.sra.1406	NC_015291_14803_16340	73.516	1314	136	81	1803	2921	1535	239	4.38e-178	627
ERR3077527.sra.1615	gi|723265770|ref|NC_008310.2|_Hibiscus_latent_Singapore_virus,_complete_genome	94.318	88	3	1	1	86	6359	6272	8.67e-30	134
ERR3077527.sra.1744	gi|310830989|ref|NC_014637.1|_Cafeteria_roenbergensis_virus_BV-PW1,_complete_genome	90.000	40	4	0	1899	1938	454856	454895	6.18e-06	55.4
ERR3077527.sra.1860	NC_021175_16001_17556	75.066	381	44	24	12	343	1178	1556	1.21e-49	197
ERR3077527.sra.1919	NC_021040_348381_351031	73.077	130	22	6	734	852	2456	2583	2.19e-08	62.6
ERR3077527.sra.1956	gi|506498610|ref|NC_021249.1|_Choristoneura_rosaceana_entomopoxvirus_'L',_complete_genome	73.016	126	28	5	962	1086	220827	220947	1.02e-06	57.2
ERR3077527.sra.2036	NC_022226_483035_484865	80.145	826	76	43	70	815	994	1811	0.0	637
ERR3077527.sra.2045	NC_021009_505857_508732	80.952	84	13	2	3740	3820	178	261	2.41e-11	73.4
ERR3077527.sra.2154	AY278611	72.421	504	54	44	122	559	1014	1498	4.91e-38	161
ERR3077527.sra.2667	AF003929	80.445	1529	142	78	658	2053	9	1513	0.0	1200
ERR3077527.sra.2735	M58839	80.000	1045	85	59	557	1484	1490	453	0.0	791
ERR3077527.sra.2788	gi|441431943|ref|NC_020104.1|_Acanthamoeba_polyphaga_moumouvirus,_complete_genome	74.561	114	19	6	1185	1289	961237	961349	1.17e-06	57.2
ERR3077527.sra.2812	NC_003028_15344_16903	86.264	182	8	7	1019	1183	1560	1379	7.28e-50	199
ERR3077527.sra.2887	AM157441	77.193	741	88	36	501	1167	41	774	3.47e-136	486
ERR3077527.sra.2927	AY278626	67.667	733	111	53	158	779	795	78	7.31e-29	129
ERR3077527.sra.3171	NC_015964_438409_439961	78.564	933	90	54	1784	2618	1545	625	0.0	637
ERR3077527.sra.3232	NC_017673_449361_451191	78.502	721	70	38	75	715	1116	1831	3.03e-142	508
ERR3077527.sra.3312	NC_022226_483035_484865	81.548	504	33	31	1690	2137	1672	1173	1.42e-112	408
ERR3077527.sra.3312	NC_022226_483035_484865	91.124	169	9	4	1434	1599	1813	1648	3.35e-57	224
ERR3077527.sra.3571	NC_013715_1592163_1593688	77.279	1448	148	87	56	1337	1437	5	0.0	899
ERR3077527.sra.4017	AF145242	79.146	1194	111	74	50	1124	331	1505	0.0	821
ERR3077527.sra.4019	X84007	78.529	1509	150	71	1332	2678	17	1513	0.0	1101
ERR3077527.sra.4053	NC_022584_1536869_1538421	79.209	683	65	37	75	685	678	1	1.19e-138	495
ERR3077527.sra.4232	M58839	80.399	551	51	23	3931	4433	2	543	2.28e-126	455
ERR3077527.sra.4318	AY879305	76.019	1472	135	98	980	2245	1516	57	0.0	818
ERR3077527.sra.4560	NC_014371_962840_964317	83.065	124	8	7	45	163	1363	1478	7.13e-23	109
ERR3077527.sra.4703	gi|548558394|ref|NC_022518.1|_Human_endogenous_retrovirus_K113_complete_genome	83.117	77	7	5	1545	1617	284	210	7.29e-09	64.4
ERR3077527.sra.4703	gi|548558394|ref|NC_022518.1|_Human_endogenous_retrovirus_K113_complete_genome	79.000	100	10	7	1527	1617	8811	8714	7.29e-09	64.4
ERR3077527.sra.4832	CP001015	82.065	1472	118	78	693	2046	1	1444	0.0	1245
ERR3077527.sra.5114	gi|506497718|ref|NC_021246.1|_Mythimna_separata_entomopoxvirus_'L',_complete_genome	79.710	69	12	2	1436	1504	20878	20944	4.58e-06	55.4
ERR3077527.sra.5128	NC_014370_369973_371450	84.946	93	5	5	40	123	96	4	1.80e-17	91.5
ERR3077527.sra.5307	AF003929	77.565	1150	99	67	962	1957	5	1149	0.0	753
ERR3077527.sra.5409	NC_015291_14803_16340	80.380	158	12	9	1325	1464	1518	1362	2.00e-26	122
ERR3077527.sra.5419	NC_013520_103635_105185	83.764	1238	90	55	1472	2611	1	1225	0.0	1178
ERR3077527.sra.5437	EU126662	80.475	1475	93	83	428	1729	1	1453	0.0	1164
ERR3077527.sra.5447	NC_014370_369973_371450	87.611	113	4	6	967	1071	1	111	4.15e-27	123
ERR3077527.sra.5458	gi|509139559|ref|NC_021320.1|_Halovirus_HRTV-5,_complete_genome	84.211	57	8	1	1100	1156	55882	55937	5.11e-07	59.0
ERR3077527.sra.5655	DQ201336	75.347	1513	156	94	663	1973	1498	1	0.0	820
ERR3077527.sra.5856	AY281082	75.579	1339	148	86	374	1561	1421	111	0.0	715
ERR3077527.sra.6089	NC_017960_463164_464711	83.908	174	6	7	373	527	1546	1376	3.60e-43	176
ERR3077527.sra.6103	NC_021350_359864_361325	73.188	138	26	7	1084	1213	1279	1145	6.67e-08	60.8
ERR3077527.sra.6114	AY188353	73.191	1451	146	105	417	1641	1526	93	9.41e-173	609
ERR3077527.sra.6123	AY277941	77.159	1436	149	78	1491	2761	1508	87	0.0	921
ERR3077527.sra.6239	NC_017351_503713_505252	77.560	918	89	55	37	846	397	1305	3.50e-166	585
ERR3077527.sra.6296	NC_015291_14803_16340	86.047	215	6	12	1701	1892	1535	1322	3.60e-56	221
ERR3077527.sra.6339	NC_009443_16967_18518	74.194	186	25	12	1121	1288	1552	1372	1.26e-15	86.0
ERR3077527.sra.6397	gi|379765069|ref|NC_016962.1|_Bebaru_virus,_complete_genome	88.372	43	5	0	2100	2142	11834	11876	5.17e-06	55.4
ERR3077527.sra.6452	NC_017673_449361_451191	83.333	510	34	24	53	521	1332	1831	3.52e-133	475
ERR3077527.sra.6766	NC_022526_428990_430526	90.625	64	3	2	57	120	62	2	6.94e-15	82.4
ERR3077527.sra.6947	NC_014371_962840_964317	78.065	155	18	8	26	166	1319	1471	4.04e-21	105
ERR3077527.sra.7070	NC_014370_369973_371450	74.528	106	11	6	885	974	1	106	4.61e-07	57.2
ERR3077527.sra.7088	gi|700075070|ref|NC_025373.1|_Avian_paramyxovirus_3_strain_turkey_Wisconsin_68,_complete_genome	77.273	88	10	3	5	82	15657	15744	5.51e-09	64.4
ERR3077527.sra.7199	NC_003028_15344_16903	84.456	193	10	8	37	213	1372	1560	9.88e-49	196
ERR3077527.sra.7247	CP001015	79.252	1123	93	61	22	1022	1105	1	0.0	827
ERR3077527.sra.7367	gi|311977355|ref|NC_014649.1|_Acanthamoeba_polyphaga_mimivirus,_complete_genome	73.759	141	31	3	292	428	518166	518304	4.66e-14	80.6
ERR3077527.sra.7568	FJ470432	79.276	1491	103	85	965	2259	1488	8	0.0	1099
ERR3077527.sra.7636	CP001015	83.062	1476	94	71	755	2100	1	1450	0.0	1355
ERR3077527.sra.7690	gi|20153336|ref|NC_003624.1|_Impatiens_necrotic_spot_virus_segment_S,_complete_sequence	70.395	152	36	3	1	143	1738	1889	2.12e-09	66.2
ERR3077527.sra.7867	gi|310830989|ref|NC_014637.1|_Cafeteria_roenbergensis_virus_BV-PW1,_complete_genome	81.356	59	11	0	179	237	216635	216577	1.20e-06	57.2
ERR3077527.sra.7928	NC_022582_327975_329522	74.464	1026	115	63	8	894	530	1547	7.91e-146	518
ERR3077527.sra.8050	NC_013715_1592163_1593688	77.998	909	73	58	138	928	627	1526	1.57e-167	590
ERR3077527.sra.8125	gi|33300799|ref|NC_005047.1|_Zinnia_leaf_curl_disease_associated_sequence_virion,_complete_genome	74.775	111	27	1	65	174	816	706	2.79e-11	71.6
ERR3077527.sra.8137	NC_021175_16001_17556	82.427	239	6	16	289	494	1556	1321	2.46e-51	203
ERR3077527.sra.8466	NC_021039_65921_67414	94.872	39	0	2	668	705	1	38	1.15e-06	55.4
ERR3077527.sra.8605	gi|339905986|ref|NC_015780.1|_Wiseana_iridescent_virus,_complete_genome	83.929	56	6	2	133	187	177829	177882	2.26e-06	55.4
ERR3077527.sra.8640	gi|472342562|ref|NC_020864.1|_Micromonas_pusilla_virus_12T_genomic_sequence	84.483	58	9	0	1035	1092	166752	166695	7.39e-09	64.4
ERR3077527.sra.8640	gi|472342562|ref|NC_020864.1|_Micromonas_pusilla_virus_12T_genomic_sequence	81.356	59	11	0	1034	1092	167222	167164	1.10e-06	57.2
ERR3077527.sra.8826	NC_021040_348381_351031	79.487	78	9	4	161	231	2588	2511	1.36e-06	57.2
ERR3077527.sra.8850	D50540	82.946	387	33	19	562	924	2	379	6.09e-94	345
ERR3077527.sra.8948	NC_015215_16481_18017	81.906	1553	148	64	38	1473	1	1537	0.0	1366
ERR3077527.sra.8956	EF463060	81.146	1448	114	82	21	1325	1	1432	0.0	1155
ERR3077527.sra.9024	NC_017592_15332_16890	76.928	1556	158	83	311	1689	2	1533	0.0	994
ERR3077527.sra.9086	NC_021350_359864_361325	73.438	128	19	7	1690	1805	1344	1220	8.45e-08	60.8
ERR3077527.sra.9294	NC_015875_2081382_2082934	80.061	326	34	15	34	330	324	1	6.93e-67	255
ERR3077527.sra.9304	GQ131418	83.113	302	17	12	44	315	1208	1505	1.20e-77	291
ERR3077527.sra.9383	NC_015215_16481_18017	79.269	1013	98	57	25	943	541	1535	0.0	724
ERR3077527.sra.9595	AF543299	75.000	100	14	5	2861	2949	67	166	4.96e-06	55.4
ERR3077527.sra.9678	gi|9635243|ref|NC_002328.1|_Rice_grassy_stunt_virus_RNA_6,_complete_sequence	80.952	105	19	1	2	105	1477	1373	1.52e-18	96.9
ERR3077527.sra.9748	NC_018081_587633_589195	87.500	176	7	9	1068	1228	5	180	1.12e-47	192
ERR3077527.sra.9821	gi|313843970|ref|NC_014766.1|_Ostreococcus_lucimarinus_virus_OlV1,_complete_genome	84.211	57	7	2	177	232	15972	16027	9.18e-07	55.4
ERR3077527.sra.10023	NC_015291_14803_16340	79.769	173	21	10	34	195	1358	1527	2.01e-26	122
ERR3077527.sra.10259	gi|82524281|ref|NC_007609.1|_Dulcamara_mottle_virus,_complete_genome	86.747	83	9	1	35	117	6036	5956	4.75e-19	98.7
ERR3077527.sra.10273	NC_003028_15344_16903	91.111	45	0	1	41	81	47	3	3.58e-08	62.6
ERR3077527.sra.10377	NC_021175_16001_17556	83.073	449	28	24	13	414	1104	1551	7.09e-111	403
ERR3077527.sra.10478	CP000725	77.573	1516	181	85	2030	3402	1	1500	0.0	962
ERR3077527.sra.10482	AF104675	74.791	1436	142	91	864	2093	1510	89	0.0	746
ERR3077527.sra.10633	NC_018526_16975_18526	80.710	451	41	24	50	468	1116	1552	9.17e-97	354
ERR3077527.sra.10799	AY879305	83.317	1037	54	55	472	1398	1514	487	0.0	949
ERR3077527.sra.11021	AY278611	78.965	1217	110	60	2394	3478	1495	293	0.0	902
ERR3077527.sra.11113	CP001015	77.793	1414	139	83	1258	2504	1442	37	0.0	919
ERR3077527.sra.11152	NC_017595_14961_16496	81.520	763	54	40	287	966	1533	775	0.0	639
ERR3077527.sra.11161	gi|163954976|ref|NC_010191.1|_Ostreococcus_virus_OsV5,_complete_genome	78.947	95	17	3	254	345	10056	9962	4.12e-11	71.6
ERR3077527.sra.11258	NC_003028_15344_16903	88.636	176	3	6	62	221	1386	1560	3.13e-54	215
ERR3077527.sra.11343	NC_021350_359864_361325	72.152	237	52	7	597	823	1413	1181	5.67e-23	111
ERR3077527.sra.11594	gi|313843970|ref|NC_014766.1|_Ostreococcus_lucimarinus_virus_OlV1,_complete_genome	76.667	90	20	1	2563	2652	16027	15939	1.11e-08	64.4
ERR3077527.sra.11656	NC_021350_359864_361325	69.349	261	61	11	526	768	1404	1145	4.16e-13	78.8
ERR3077527.sra.11823	gi|363539767|ref|NC_016072.1|_Megavirus_chiliensis,_complete_genome	90.476	42	4	0	1318	1359	118366	118407	5.22e-07	59.0
