ERR3077528.sra.152	NC_022582_327975_329522	75.441	1531	149	93	1320	2634	29	1548	0.0	852
ERR3077528.sra.593	NC_004431_235186_236727	79.765	425	25	31	19	389	418	1	1.19e-78	295
ERR3077528.sra.665	gi|209978775|ref|NC_011423.1|_Adoxophyes_orana_nucleopolyhedrovirus,_complete_genome	83.019	53	9	0	423	475	42829	42881	2.00e-06	55.4
ERR3077528.sra.718	gi|509139559|ref|NC_021320.1|_Halovirus_HRTV-5,_complete_genome	84.211	57	6	2	532	586	55882	55937	1.00e-06	57.2
ERR3077528.sra.873	NC_022655_1696703_1698247	82.507	1069	59	55	252	1201	5	1064	0.0	953
ERR3077528.sra.964	NC_015291_14803_16340	80.392	204	16	10	19	201	1334	1534	3.94e-39	165
ERR3077528.sra.1072	NC_015215_16481_18017	71.984	1542	172	102	435	1721	1537	1	6.92e-173	609
ERR3077528.sra.1137	NC_017591_15331_16889	80.124	161	14	8	64	209	1388	1545	6.15e-28	127
ERR3077528.sra.1250	NC_017652_231044_232336	77.324	441	29	30	2797	3167	30	469	1.10e-71	273
ERR3077528.sra.1383	gi|441431943|ref|NC_020104.1|_Acanthamoeba_polyphaga_moumouvirus,_complete_genome	72.340	141	27	6	3355	3487	474894	474758	5.16e-08	62.6
ERR3077528.sra.1406	NC_007946_228524_230065	78.320	1393	126	87	542	1777	1	1374	0.0	917
ERR3077528.sra.1412	NC_017652_231044_232336	74.068	590	53	40	26	525	580	1	5.39e-75	284
ERR3077528.sra.1446	NC_015291_14803_16340	76.959	1059	87	64	253	1157	1531	476	0.0	663
ERR3077528.sra.1487	AM157436	77.637	1498	125	93	1170	2464	1549	59	0.0	962
ERR3077528.sra.1620	AM157436	79.726	1169	78	67	1941	2960	47	1205	0.0	881
ERR3077528.sra.1636	gi|589287691|ref|NC_023611.1|_Invertebrate_iridescent_virus_30_complete_genome	84.615	52	7	1	159	210	141510	141460	4.45e-06	55.4
ERR3077528.sra.1933	NC_017592_15332_16890	78.899	436	52	21	1277	1672	1	436	6.60e-84	313
ERR3077528.sra.1972	AF003929	83.431	1026	53	58	31	955	1014	5	0.0	928
ERR3077528.sra.2215	NC_015678_4661_6196	70.217	1061	134	74	34	924	471	1519	3.05e-86	320
ERR3077528.sra.2482	gi|9964314|ref|NC_002520.1|_Amsacta_moorei_entomopoxvirus_'L',_complete_genome	81.159	69	8	3	1554	1621	58409	58473	8.78e-07	57.2
ERR3077528.sra.2565	AF104675	77.069	1317	135	84	103	1273	224	1519	0.0	785
ERR3077528.sra.2585	AF403733	76.159	1229	110	82	2228	3280	1478	257	0.0	691
ERR3077528.sra.3068	CP001015	79.351	1264	135	67	749	1907	1458	216	0.0	915
ERR3077528.sra.3232	AY584476	78.577	1349	138	78	170	1385	134	1464	0.0	915
ERR3077528.sra.3641	NC_018089_16891_18450	85.882	85	6	5	105	184	1477	1560	1.48e-14	82.4
ERR3077528.sra.3646	gi|314055095|ref|NC_014789.1|_Ostreococcus_tauri_virus_2,_complete_genome	85.185	54	6	2	356	408	9282	9334	3.12e-06	55.4
ERR3077528.sra.3753	gi|164519195|ref|NC_010240.1|_Helicoverpa_armigera_granulovirus,_complete_genome	85.455	55	5	3	402	455	113486	113434	6.39e-06	53.6
ERR3077528.sra.3830	NC_021040_348381_351031	75.497	151	23	10	863	1001	2588	2440	8.44e-12	73.4
ERR3077528.sra.3989	NC_017592_15332_16890	81.029	875	59	54	492	1268	1	866	0.0	682
ERR3077528.sra.4064	FJ773366	73.066	698	90	39	119	725	638	1328	5.03e-87	324
ERR3077528.sra.4166	AM157436	81.417	1496	115	82	830	2178	1526	47	0.0	1222
ERR3077528.sra.4189	NC_013361_227542_229083	78.684	1398	121	76	42	1274	1386	1	0.0	994
ERR3077528.sra.4282	gi|363539767|ref|NC_016072.1|_Megavirus_chiliensis,_complete_genome	88.000	50	3	2	459	507	20642	20689	1.34e-06	57.2
ERR3077528.sra.4341	gi|441431943|ref|NC_020104.1|_Acanthamoeba_polyphaga_moumouvirus,_complete_genome	86.667	45	6	0	2179	2223	651297	651341	4.71e-06	55.4
ERR3077528.sra.4371	NC_011601_233726_235267	81.195	686	63	36	1	625	137	817	1.50e-156	553
ERR3077528.sra.4490	NC_017632_767066_768619	76.574	683	51	41	2261	2837	1554	875	2.45e-117	425
ERR3077528.sra.4608	NC_021350_359864_361325	66.512	430	104	19	1121	1514	1413	988	8.60e-13	77.0
ERR3077528.sra.4629	NC_004741_214156_215696	76.384	1084	80	69	1683	2592	1541	460	0.0	648
ERR3077528.sra.4665	AF003929	76.133	905	103	60	1885	2702	4	882	6.70e-137	489
ERR3077528.sra.4756	gi|448824968|ref|NC_020232.1|_Megavirus_lba_isolate_LBA111,_complete_genome	79.167	72	10	3	148	216	973959	973890	5.81e-06	53.6
ERR3077528.sra.4788	gi|509139559|ref|NC_021320.1|_Halovirus_HRTV-5,_complete_genome	83.051	59	8	2	941	998	55880	55937	3.25e-06	55.4
ERR3077528.sra.4793	gi|119953744|ref|NC_008724.1|_Acanthocystis_turfacea_Chlorella_virus_1,_complete_genome	75.214	117	25	4	550	663	268734	268619	1.21e-09	66.2
ERR3077528.sra.5301	NC_015291_14803_16340	88.822	331	14	14	513	828	1525	1203	5.08e-107	389
ERR3077528.sra.5363	gi|124378165|ref|NC_008895.1|_Glypta_fumiferanae_ichnovirus_segment_B55,_complete_sequence	84.000	50	8	0	31	80	2025	2074	4.21e-06	55.4
ERR3077528.sra.5379	AF403733	81.115	1525	123	76	262	1639	1	1507	0.0	1258
ERR3077528.sra.5521	NC_004741_214156_215696	77.232	1546	143	94	661	2010	1541	9	0.0	966
ERR3077528.sra.5827	NC_018658_524780_526334	78.303	1544	143	93	616	1989	1522	1	0.0	1029
ERR3077528.sra.6113	NC_021350_359864_361325	84.746	59	7	2	586	642	1235	1293	2.90e-07	59.0
ERR3077528.sra.6394	NC_022245_16649_18192	79.545	176	18	10	448	607	1544	1371	1.90e-28	127
ERR3077528.sra.6419	AY485603	77.815	1501	181	84	1109	2538	47	1466	0.0	964
ERR3077528.sra.6534	NC_017631_231038_232583	75.599	918	87	61	18	811	919	15	4.72e-139	495
ERR3077528.sra.6643	gi|157939776|ref|NC_009893.1|_Tomato_yellow_dwarf_disease_associated_satellite_DNA_beta-[Kochi]_virus,_complete_genome	76.042	96	22	1	500	595	859	953	5.65e-10	66.2
ERR3077528.sra.6804	gi|509139559|ref|NC_021320.1|_Halovirus_HRTV-5,_complete_genome	87.234	47	5	1	2180	2225	55935	55889	4.94e-06	55.4
ERR3077528.sra.6956	NC_017592_15332_16890	83.393	560	38	34	35	547	556	5	2.35e-136	488
ERR3077528.sra.7041	AF403733	77.823	992	93	63	36	917	503	1477	1.05e-178	628
ERR3077528.sra.7164	NC_017638_223769_225313	73.398	921	81	55	1106	1864	1	919	2.78e-127	457
ERR3077528.sra.7423	NC_020450_475434_475549	80.645	93	14	3	849	937	19	111	1.42e-12	77.0
ERR3077528.sra.7607	NC_008253_227931_229472	79.218	409	37	24	16	381	404	1	7.28e-77	289
ERR3077528.sra.7821	NC_010380_15372_16805	90.000	80	0	3	1109	1180	1429	1350	1.50e-20	102
ERR3077528.sra.7955	AY281082	78.420	1367	139	77	787	2013	1	1351	0.0	930
ERR3077528.sra.8376	AY485603	80.711	1379	106	84	337	1575	1463	105	0.0	1054
ERR3077528.sra.8486	gi|310830989|ref|NC_014637.1|_Cafeteria_roenbergensis_virus_BV-PW1,_complete_genome	92.308	39	3	0	564	602	282785	282823	1.36e-06	57.2
ERR3077528.sra.8557	gi|158380386|ref|NC_009552.2|_Geobacillus_virus_E2,_complete_genome	67.658	269	71	10	772	1026	38439	38173	3.93e-08	62.6
ERR3077528.sra.8642	AM157436	76.549	1501	147	95	911	2227	49	1528	0.0	877
ERR3077528.sra.8682	AF016390	78.125	1504	124	94	2173	3483	1493	2	0.0	991
ERR3077528.sra.8725	NC_014498_31096_32654	100.000	31	0	0	30	60	35	5	4.96e-07	57.2
ERR3077528.sra.8801	AF403733	77.798	1090	96	67	1102	2056	426	1504	0.0	704
ERR3077528.sra.8801	AF403733	82.249	169	12	9	897	1049	5	171	3.34e-33	145
ERR3077528.sra.8854	gi|126882977|ref|NC_002686.2|_Cercopithecine_herpesvirus_9,_complete_genome	80.000	60	12	0	1270	1329	100895	100836	3.73e-06	55.4
ERR3077528.sra.8870	NC_015678_4661_6196	75.966	1552	153	87	249	1612	5	1524	0.0	924
ERR3077528.sra.9151	NC_008253_227931_229472	79.167	1536	103	101	892	2217	1529	1	0.0	1068
ERR3077528.sra.9310	NC_017910_333547_335090	75.524	429	39	27	1412	1774	1457	1029	1.26e-61	239
ERR3077528.sra.9325	NC_014498_31096_32654	90.278	72	4	3	29	98	75	5	5.90e-16	87.8
ERR3077528.sra.9388	NC_022241_2737171_2738712	84.677	124	14	4	3	123	1412	1533	3.44e-27	125
ERR3077528.sra.9453	gi|508181800|ref|NC_021312.1|_Phaeocystis_globosa_virus_strain_16T,_complete_genome	78.788	66	14	0	2357	2422	409269	409334	1.36e-06	57.2
ERR3077528.sra.9538	NC_015875_2081382_2082934	90.698	43	2	2	32	72	1511	1553	3.98e-06	53.6
ERR3077528.sra.9735	AM157436	79.603	1510	120	84	176	1518	1547	59	0.0	1126
ERR3077528.sra.10009	CP001015	76.713	1430	129	96	694	1931	1423	6	0.0	829
ERR3077528.sra.10026	NC_007606_224744_226285	78.129	727	71	41	567	1209	1542	820	2.98e-137	489
ERR3077528.sra.10034	NC_021175_16001_17556	81.053	190	17	10	478	652	1555	1370	5.14e-36	152
ERR3077528.sra.10153	NC_015875_2081382_2082934	79.793	193	11	10	745	915	1	187	7.28e-36	152
ERR3077528.sra.10167	NC_004741_214156_215696	78.678	802	71	53	1611	2322	1	792	2.29e-148	527
ERR3077528.sra.10194	NC_022236_16649_18192	73.371	1228	130	81	747	1788	1509	293	4.45e-156	553
ERR3077528.sra.10701	NC_015875_2081382_2082934	74.928	1388	142	87	1122	2310	10	1390	0.0	728
ERR3077528.sra.11289	NC_021009_505857_508732	77.083	96	16	3	2526	2615	5	100	2.69e-09	66.2
ERR3077528.sra.11385	NC_008253_227931_229472	72.152	553	46	41	14	468	544	2	2.18e-54	215
ERR3077528.sra.11469	gi|73852470|ref|NC_007346.1|_Emiliania_huxleyi_virus_86,_complete_genome	79.562	137	23	5	3700	3831	198815	198679	1.57e-20	104
ERR3077528.sra.11469	gi|73852470|ref|NC_007346.1|_Emiliania_huxleyi_virus_86,_complete_genome	78.417	139	21	5	3703	3837	198383	198250	5.48e-20	102
ERR3077528.sra.11469	gi|73852470|ref|NC_007346.1|_Emiliania_huxleyi_virus_86,_complete_genome	78.195	133	24	4	3701	3831	198538	198409	2.33e-18	96.9
ERR3077528.sra.11469	gi|73852470|ref|NC_007346.1|_Emiliania_huxleyi_virus_86,_complete_genome	77.305	141	23	5	3701	3837	198553	198418	2.33e-18	96.9
ERR3077528.sra.11469	gi|73852470|ref|NC_007346.1|_Emiliania_huxleyi_virus_86,_complete_genome	77.241	145	26	5	3699	3837	198891	198748	2.33e-18	96.9
ERR3077528.sra.11469	gi|73852470|ref|NC_007346.1|_Emiliania_huxleyi_virus_86,_complete_genome	78.030	132	23	4	3701	3831	198430	198304	8.13e-18	95.1
ERR3077528.sra.11469	gi|73852470|ref|NC_007346.1|_Emiliania_huxleyi_virus_86,_complete_genome	75.694	144	19	5	3700	3831	198611	198472	8.13e-18	95.1
ERR3077528.sra.11469	gi|73852470|ref|NC_007346.1|_Emiliania_huxleyi_virus_86,_complete_genome	76.552	145	26	5	3701	3837	198685	198541	2.84e-17	93.3
ERR3077528.sra.11469	gi|73852470|ref|NC_007346.1|_Emiliania_huxleyi_virus_86,_complete_genome	76.642	137	28	3	3701	3837	198775	198643	2.84e-17	93.3
ERR3077528.sra.11469	gi|73852470|ref|NC_007346.1|_Emiliania_huxleyi_virus_86,_complete_genome	77.444	133	25	4	3701	3831	198247	198118	9.91e-17	91.5
ERR3077528.sra.11469	gi|73852470|ref|NC_007346.1|_Emiliania_huxleyi_virus_86,_complete_genome	77.305	141	23	6	3701	3837	198262	198127	9.91e-17	91.5
ERR3077528.sra.11469	gi|73852470|ref|NC_007346.1|_Emiliania_huxleyi_virus_86,_complete_genome	76.923	130	27	3	3703	3831	198275	198148	3.46e-16	89.7
ERR3077528.sra.11469	gi|73852470|ref|NC_007346.1|_Emiliania_huxleyi_virus_86,_complete_genome	76.087	138	23	5	3703	3831	198215	198079	1.21e-15	87.8
ERR3077528.sra.11469	gi|73852470|ref|NC_007346.1|_Emiliania_huxleyi_virus_86,_complete_genome	76.259	139	25	5	3701	3831	198670	198532	1.21e-15	87.8
ERR3077528.sra.11469	gi|73852470|ref|NC_007346.1|_Emiliania_huxleyi_virus_86,_complete_genome	73.288	146	29	4	3700	3839	189184	189325	6.25e-13	78.8
ERR3077528.sra.11469	gi|73852470|ref|NC_007346.1|_Emiliania_huxleyi_virus_86,_complete_genome	88.136	59	7	0	3773	3831	188986	189044	7.62e-12	75.2
ERR3077528.sra.11469	gi|73852470|ref|NC_007346.1|_Emiliania_huxleyi_virus_86,_complete_genome	74.286	140	28	5	3700	3831	198008	197869	7.62e-12	75.2
ERR3077528.sra.11469	gi|73852470|ref|NC_007346.1|_Emiliania_huxleyi_virus_86,_complete_genome	74.483	145	29	6	3701	3837	198187	198043	7.62e-12	75.2
ERR3077528.sra.11469	gi|73852470|ref|NC_007346.1|_Emiliania_huxleyi_virus_86,_complete_genome	73.759	141	26	6	3702	3831	307437	307577	9.28e-11	71.6
ERR3077528.sra.11469	gi|73852470|ref|NC_007346.1|_Emiliania_huxleyi_virus_86,_complete_genome	73.759	141	26	6	3702	3831	307971	308111	9.28e-11	71.6
ERR3077528.sra.11469	gi|73852470|ref|NC_007346.1|_Emiliania_huxleyi_virus_86,_complete_genome	72.483	149	28	6	3701	3837	198070	197923	3.24e-10	69.8
ERR3077528.sra.11469	gi|73852470|ref|NC_007346.1|_Emiliania_huxleyi_virus_86,_complete_genome	72.603	146	32	5	3700	3837	198038	197893	1.13e-09	68.0
ERR3077528.sra.11469	gi|73852470|ref|NC_007346.1|_Emiliania_huxleyi_virus_86,_complete_genome	73.333	135	32	4	3700	3831	308251	308384	1.13e-09	68.0
ERR3077528.sra.11469	gi|73852470|ref|NC_007346.1|_Emiliania_huxleyi_virus_86,_complete_genome	71.831	142	27	5	3702	3831	307071	307211	3.95e-09	66.2
ERR3077528.sra.11469	gi|73852470|ref|NC_007346.1|_Emiliania_huxleyi_virus_86,_complete_genome	73.485	132	31	4	3703	3831	307777	307907	3.95e-09	66.2
ERR3077528.sra.11469	gi|73852470|ref|NC_007346.1|_Emiliania_huxleyi_virus_86,_complete_genome	73.485	132	31	4	3703	3831	308578	308708	3.95e-09	66.2
ERR3077528.sra.11469	gi|73852470|ref|NC_007346.1|_Emiliania_huxleyi_virus_86,_complete_genome	72.535	142	26	6	3702	3831	309639	309779	3.95e-09	66.2
ERR3077528.sra.11469	gi|73852470|ref|NC_007346.1|_Emiliania_huxleyi_virus_86,_complete_genome	72.932	133	30	4	3703	3831	309808	309938	3.95e-09	66.2
ERR3077528.sra.11469	gi|73852470|ref|NC_007346.1|_Emiliania_huxleyi_virus_86,_complete_genome	83.333	60	10	0	3772	3831	188973	189032	1.38e-08	64.4
ERR3077528.sra.11469	gi|73852470|ref|NC_007346.1|_Emiliania_huxleyi_virus_86,_complete_genome	71.739	138	29	5	3703	3831	308608	308744	1.68e-07	60.8
ERR3077528.sra.11469	gi|73852470|ref|NC_007346.1|_Emiliania_huxleyi_virus_86,_complete_genome	77.922	77	14	1	3758	3831	311311	311387	1.68e-07	60.8
ERR3077528.sra.11469	gi|73852470|ref|NC_007346.1|_Emiliania_huxleyi_virus_86,_complete_genome	72.794	136	32	5	3701	3831	311525	311660	1.68e-07	60.8
ERR3077528.sra.11469	gi|73852470|ref|NC_007346.1|_Emiliania_huxleyi_virus_86,_complete_genome	73.381	139	26	8	3701	3831	307193	307328	5.86e-07	59.0
ERR3077528.sra.11469	gi|73852470|ref|NC_007346.1|_Emiliania_huxleyi_virus_86,_complete_genome	70.470	149	27	6	3700	3831	307453	307601	5.86e-07	59.0
ERR3077528.sra.11469	gi|73852470|ref|NC_007346.1|_Emiliania_huxleyi_virus_86,_complete_genome	70.470	149	27	6	3700	3831	307987	308135	5.86e-07	59.0
ERR3077528.sra.11469	gi|73852470|ref|NC_007346.1|_Emiliania_huxleyi_virus_86,_complete_genome	70.470	149	27	6	3700	3831	308260	308408	5.86e-07	59.0
ERR3077528.sra.11469	gi|73852470|ref|NC_007346.1|_Emiliania_huxleyi_virus_86,_complete_genome	72.143	140	31	6	3700	3831	307519	307658	2.04e-06	57.2
ERR3077528.sra.11469	gi|73852470|ref|NC_007346.1|_Emiliania_huxleyi_virus_86,_complete_genome	72.143	140	31	6	3700	3831	308053	308192	2.04e-06	57.2
ERR3077528.sra.11469	gi|73852470|ref|NC_007346.1|_Emiliania_huxleyi_virus_86,_complete_genome	72.143	140	31	6	3700	3831	308326	308465	2.04e-06	57.2
ERR3077528.sra.11469	gi|73852470|ref|NC_007346.1|_Emiliania_huxleyi_virus_86,_complete_genome	75.294	85	14	2	3751	3831	311345	311426	2.04e-06	57.2
ERR3077528.sra.11469	gi|73852470|ref|NC_007346.1|_Emiliania_huxleyi_virus_86,_complete_genome	76.623	77	12	2	3758	3831	63116	63189	7.13e-06	55.4
ERR3077528.sra.11469	gi|73852470|ref|NC_007346.1|_Emiliania_huxleyi_virus_86,_complete_genome	77.215	79	15	2	3756	3831	180622	180700	7.13e-06	55.4
ERR3077528.sra.11469	gi|73852470|ref|NC_007346.1|_Emiliania_huxleyi_virus_86,_complete_genome	73.404	94	12	3	3751	3831	307838	307931	7.13e-06	55.4
ERR3077528.sra.11563	NC_015875_2081382_2082934	74.823	846	83	54	924	1646	28	866	9.01e-122	439
ERR3077528.sra.11563	NC_015875_2081382_2082934	68.895	344	56	26	1722	2016	987	1328	6.10e-10	68.0
ERR3077528.sra.11842	NC_017632_767066_768619	73.565	1150	133	77	52	1051	405	1533	1.05e-143	511
ERR3077528.sra.11919	NC_017591_15331_16889	77.841	176	15	10	23	176	1386	1559	3.01e-25	118
ERR3077528.sra.12203	NC_007606_224744_226285	77.663	676	56	44	55	642	669	1	3.97e-118	426
ERR3077528.sra.12631	AF003928	78.100	379	36	21	2547	2888	1	369	7.70e-67	257
ERR3077528.sra.12987	NC_007946_228524_230065	73.599	1428	167	93	45	1277	1418	6	0.0	646
ERR3077528.sra.13087	NC_013520_103635_105185	79.828	699	53	48	1283	1907	3	687	1.65e-136	488
ERR3077528.sra.13177	AJ617796	76.856	916	81	59	67	865	436	1337	2.58e-155	549
ERR3077528.sra.13479	NC_015215_16481_18017	78.252	1545	170	91	1260	2662	3	1523	0.0	1011
ERR3077528.sra.13498	NC_014498_31096_32654	72.748	444	55	29	991	1377	1	435	2.23e-45	185
ERR3077528.sra.13530	NC_021040_348381_351031	79.747	79	10	4	627	699	2511	2589	2.42e-07	59.0
ERR3077528.sra.13655	AM157436	74.851	1511	152	96	1152	2451	49	1542	0.0	785
ERR3077528.sra.13823	NC_017591_15331_16889	80.392	153	13	9	77	212	1405	1557	1.17e-24	116
ERR3077528.sra.13857	AM157436	79.524	1514	122	81	1576	2909	1552	47	0.0	1137
ERR3077528.sra.13974	gi|506497718|ref|NC_021246.1|_Mythimna_separata_entomopoxvirus_'L',_complete_genome	83.636	55	8	1	5	59	240454	240507	6.03e-06	55.4
ERR3077528.sra.14161	NC_017651_231044_232336	79.419	1239	119	72	271	1384	13	1240	0.0	883
ERR3077528.sra.14192	gi|109255272|ref|NC_008168.1|_Choristoneura_occidentalis_granulovirus,_complete_genome	76.543	81	10	3	3121	3194	19944	20022	5.48e-06	55.4
ERR3077528.sra.14244	NC_008563_228500_230053	76.816	358	48	22	49	375	1199	1552	6.48e-52	206
ERR3077528.sra.14252	NC_022655_1696703_1698247	78.508	563	56	31	56	556	562	3	4.73e-107	389
ERR3077528.sra.14307	gi|508181800|ref|NC_021312.1|_Phaeocystis_globosa_virus_strain_16T,_complete_genome	74.000	100	18	3	1195	1288	289220	289123	1.75e-06	57.2
ERR3077528.sra.14849	NC_018658_524780_526334	75.320	1094	86	69	1158	2082	1555	477	2.24e-173	610
ERR3077528.sra.15329	AY005045	73.174	1424	163	101	378	1598	1469	62	3.43e-167	590
ERR3077528.sra.15602	NC_022582_327975_329522	75.441	1531	149	93	1320	2634	29	1548	0.0	852
ERR3077528.sra.16043	NC_004431_235186_236727	79.765	425	25	31	19	389	418	1	1.19e-78	295
ERR3077528.sra.16115	gi|209978775|ref|NC_011423.1|_Adoxophyes_orana_nucleopolyhedrovirus,_complete_genome	83.019	53	9	0	423	475	42829	42881	2.00e-06	55.4
ERR3077528.sra.16168	gi|509139559|ref|NC_021320.1|_Halovirus_HRTV-5,_complete_genome	84.211	57	6	2	532	586	55882	55937	1.00e-06	57.2
ERR3077528.sra.16323	NC_022655_1696703_1698247	82.507	1069	59	55	252	1201	5	1064	0.0	953
ERR3077528.sra.16414	NC_015291_14803_16340	80.392	204	16	10	19	201	1334	1534	3.94e-39	165
ERR3077528.sra.16522	NC_015215_16481_18017	71.984	1542	172	102	435	1721	1537	1	6.92e-173	609
ERR3077528.sra.16587	NC_017591_15331_16889	80.124	161	14	8	64	209	1388	1545	6.15e-28	127
ERR3077528.sra.16700	NC_017652_231044_232336	77.324	441	29	30	2797	3167	30	469	1.10e-71	273
ERR3077528.sra.16833	gi|441431943|ref|NC_020104.1|_Acanthamoeba_polyphaga_moumouvirus,_complete_genome	72.340	141	27	6	3355	3487	474894	474758	5.16e-08	62.6
ERR3077528.sra.16856	NC_007946_228524_230065	78.320	1393	126	87	542	1777	1	1374	0.0	917
ERR3077528.sra.16862	NC_017652_231044_232336	74.068	590	53	40	26	525	580	1	5.39e-75	284
ERR3077528.sra.16896	NC_015291_14803_16340	76.959	1059	87	64	253	1157	1531	476	0.0	663
ERR3077528.sra.16937	AM157436	77.637	1498	125	93	1170	2464	1549	59	0.0	962
ERR3077528.sra.17070	AM157436	79.726	1169	78	67	1941	2960	47	1205	0.0	881
ERR3077528.sra.17086	gi|589287691|ref|NC_023611.1|_Invertebrate_iridescent_virus_30_complete_genome	84.615	52	7	1	159	210	141510	141460	4.45e-06	55.4
ERR3077528.sra.17383	NC_017592_15332_16890	78.899	436	52	21	1277	1672	1	436	6.60e-84	313
ERR3077528.sra.17422	AF003929	83.431	1026	53	58	31	955	1014	5	0.0	928
ERR3077528.sra.17665	NC_015678_4661_6196	70.217	1061	134	74	34	924	471	1519	3.05e-86	320
ERR3077528.sra.17932	gi|9964314|ref|NC_002520.1|_Amsacta_moorei_entomopoxvirus_'L',_complete_genome	81.159	69	8	3	1554	1621	58409	58473	8.78e-07	57.2
ERR3077528.sra.18015	AF104675	77.069	1317	135	84	103	1273	224	1519	0.0	785
ERR3077528.sra.18035	AF403733	76.159	1229	110	82	2228	3280	1478	257	0.0	691
ERR3077528.sra.18518	CP001015	79.351	1264	135	67	749	1907	1458	216	0.0	915
ERR3077528.sra.18682	AY584476	78.577	1349	138	78	170	1385	134	1464	0.0	915
ERR3077528.sra.19091	NC_018089_16891_18450	85.882	85	6	5	105	184	1477	1560	1.48e-14	82.4
ERR3077528.sra.19096	gi|314055095|ref|NC_014789.1|_Ostreococcus_tauri_virus_2,_complete_genome	85.185	54	6	2	356	408	9282	9334	3.12e-06	55.4
ERR3077528.sra.19203	gi|164519195|ref|NC_010240.1|_Helicoverpa_armigera_granulovirus,_complete_genome	85.455	55	5	3	402	455	113486	113434	6.39e-06	53.6
ERR3077528.sra.19280	NC_021040_348381_351031	75.497	151	23	10	863	1001	2588	2440	8.44e-12	73.4
ERR3077528.sra.19439	NC_017592_15332_16890	81.029	875	59	54	492	1268	1	866	0.0	682
ERR3077528.sra.19514	FJ773366	73.066	698	90	39	119	725	638	1328	5.03e-87	324
ERR3077528.sra.19616	AM157436	81.417	1496	115	82	830	2178	1526	47	0.0	1222
ERR3077528.sra.19639	NC_007946_228524_230065	78.740	1397	122	76	42	1274	1386	1	0.0	996
ERR3077528.sra.19732	gi|363539767|ref|NC_016072.1|_Megavirus_chiliensis,_complete_genome	88.000	50	3	2	459	507	20642	20689	1.34e-06	57.2
ERR3077528.sra.19791	gi|441431943|ref|NC_020104.1|_Acanthamoeba_polyphaga_moumouvirus,_complete_genome	86.667	45	6	0	2179	2223	651297	651341	4.71e-06	55.4
ERR3077528.sra.19821	NC_011601_233726_235267	81.195	686	63	36	1	625	137	817	1.50e-156	553
ERR3077528.sra.19940	NC_017632_767066_768619	76.574	683	51	41	2261	2837	1554	875	2.45e-117	425
ERR3077528.sra.20058	NC_021350_359864_361325	66.512	430	104	19	1121	1514	1413	988	8.60e-13	77.0
ERR3077528.sra.20079	NC_004741_214156_215696	76.384	1084	80	69	1683	2592	1541	460	0.0	648
ERR3077528.sra.20115	AF003929	76.133	905	103	60	1885	2702	4	882	6.70e-137	489
ERR3077528.sra.20206	gi|448824968|ref|NC_020232.1|_Megavirus_lba_isolate_LBA111,_complete_genome	79.167	72	10	3	148	216	973959	973890	5.81e-06	53.6
ERR3077528.sra.20238	gi|509139559|ref|NC_021320.1|_Halovirus_HRTV-5,_complete_genome	83.051	59	8	2	941	998	55880	55937	3.25e-06	55.4
ERR3077528.sra.20243	gi|119953744|ref|NC_008724.1|_Acanthocystis_turfacea_Chlorella_virus_1,_complete_genome	75.214	117	25	4	550	663	268734	268619	1.21e-09	66.2
ERR3077528.sra.20751	NC_015291_14803_16340	88.822	331	14	14	513	828	1525	1203	5.08e-107	389
ERR3077528.sra.20813	gi|124378165|ref|NC_008895.1|_Glypta_fumiferanae_ichnovirus_segment_B55,_complete_sequence	84.000	50	8	0	31	80	2025	2074	4.21e-06	55.4
ERR3077528.sra.20829	AF403733	81.115	1525	123	76	262	1639	1	1507	0.0	1258
ERR3077528.sra.20971	NC_004741_214156_215696	77.232	1546	143	94	661	2010	1541	9	0.0	966
ERR3077528.sra.21277	NC_008253_227931_229472	78.419	1543	142	93	616	1989	1521	1	0.0	1034
ERR3077528.sra.21563	NC_021350_359864_361325	84.746	59	7	2	586	642	1235	1293	2.90e-07	59.0
ERR3077528.sra.21844	NC_022245_16649_18192	79.545	176	18	10	448	607	1544	1371	1.90e-28	127
ERR3077528.sra.21869	AY485603	77.815	1501	181	84	1109	2538	47	1466	0.0	964
ERR3077528.sra.21984	NC_017631_231038_232583	75.599	918	87	61	18	811	919	15	4.72e-139	495
ERR3077528.sra.22093	gi|157939776|ref|NC_009893.1|_Tomato_yellow_dwarf_disease_associated_satellite_DNA_beta-[Kochi]_virus,_complete_genome	76.042	96	22	1	500	595	859	953	5.65e-10	66.2
ERR3077528.sra.22254	gi|509139559|ref|NC_021320.1|_Halovirus_HRTV-5,_complete_genome	87.234	47	5	1	2180	2225	55935	55889	4.94e-06	55.4
ERR3077528.sra.22406	NC_017592_15332_16890	83.393	560	38	34	35	547	556	5	2.35e-136	488
ERR3077528.sra.22491	AF403733	77.823	992	93	63	36	917	503	1477	1.05e-178	628
ERR3077528.sra.22614	NC_017651_231044_232336	73.420	918	80	55	1109	1864	1	916	9.72e-127	455
ERR3077528.sra.22873	NC_020450_475434_475549	80.645	93	14	3	849	937	19	111	1.42e-12	77.0
ERR3077528.sra.23057	NC_008253_227931_229472	79.218	409	37	24	16	381	404	1	7.28e-77	289
ERR3077528.sra.23271	NC_010380_15372_16805	90.000	80	0	3	1109	1180	1429	1350	1.50e-20	102
ERR3077528.sra.23405	AY281082	78.420	1367	139	77	787	2013	1	1351	0.0	930
ERR3077528.sra.23826	CP001015	80.707	1358	106	82	356	1575	1458	119	0.0	1040
ERR3077528.sra.23936	gi|310830989|ref|NC_014637.1|_Cafeteria_roenbergensis_virus_BV-PW1,_complete_genome	92.308	39	3	0	564	602	282785	282823	1.36e-06	57.2
ERR3077528.sra.24007	gi|158380386|ref|NC_009552.2|_Geobacillus_virus_E2,_complete_genome	67.658	269	71	10	772	1026	38439	38173	3.93e-08	62.6
ERR3077528.sra.24092	AM157436	76.549	1501	147	95	911	2227	49	1528	0.0	877
ERR3077528.sra.24132	AF016390	78.125	1504	124	94	2173	3483	1493	2	0.0	991
ERR3077528.sra.24175	NC_014498_31096_32654	100.000	31	0	0	30	60	35	5	4.96e-07	57.2
ERR3077528.sra.24251	AF403733	77.798	1090	96	67	1102	2056	426	1504	0.0	704
ERR3077528.sra.24251	AF403733	82.249	169	12	9	897	1049	5	171	3.34e-33	145
ERR3077528.sra.24304	gi|126882977|ref|NC_002686.2|_Cercopithecine_herpesvirus_9,_complete_genome	80.000	60	12	0	1270	1329	100895	100836	3.73e-06	55.4
ERR3077528.sra.24320	NC_015678_4661_6196	75.966	1552	153	87	249	1612	5	1524	0.0	924
ERR3077528.sra.24601	NC_004741_214156_215696	78.944	1534	109	99	892	2217	1528	1	0.0	1058
ERR3077528.sra.24760	NC_017910_333547_335090	75.524	429	39	27	1412	1774	1457	1029	1.26e-61	239
ERR3077528.sra.24775	NC_014498_31096_32654	90.278	72	4	3	29	98	75	5	5.90e-16	87.8
ERR3077528.sra.24838	NC_022241_2737171_2738712	84.677	124	14	4	3	123	1412	1533	3.44e-27	125
ERR3077528.sra.24903	gi|508181800|ref|NC_021312.1|_Phaeocystis_globosa_virus_strain_16T,_complete_genome	78.788	66	14	0	2357	2422	409269	409334	1.36e-06	57.2
ERR3077528.sra.24988	NC_015875_2081382_2082934	90.698	43	2	2	32	72	1511	1553	3.98e-06	53.6
ERR3077528.sra.25185	AM157436	79.603	1510	120	84	176	1518	1547	59	0.0	1126
ERR3077528.sra.25459	CP001015	76.713	1430	129	96	694	1931	1423	6	0.0	829
ERR3077528.sra.25476	NC_007606_224744_226285	78.129	727	71	41	567	1209	1542	820	2.98e-137	489
ERR3077528.sra.25484	NC_021175_16001_17556	81.053	190	17	10	478	652	1555	1370	5.14e-36	152
ERR3077528.sra.25603	NC_015875_2081382_2082934	79.793	193	11	10	745	915	1	187	7.28e-36	152
ERR3077528.sra.25617	NC_004741_214156_215696	78.678	802	71	53	1611	2322	1	792	2.29e-148	527
ERR3077528.sra.25644	NC_022236_16649_18192	73.371	1228	130	81	747	1788	1509	293	4.45e-156	553
ERR3077528.sra.26151	NC_015875_2081382_2082934	74.928	1388	142	87	1122	2310	10	1390	0.0	728
ERR3077528.sra.26739	NC_021009_505857_508732	77.083	96	16	3	2526	2615	5	100	2.69e-09	66.2
ERR3077528.sra.26835	NC_008253_227931_229472	72.152	553	46	41	14	468	544	2	2.18e-54	215
ERR3077528.sra.26919	gi|73852470|ref|NC_007346.1|_Emiliania_huxleyi_virus_86,_complete_genome	79.562	137	23	5	3700	3831	198815	198679	1.57e-20	104
ERR3077528.sra.26919	gi|73852470|ref|NC_007346.1|_Emiliania_huxleyi_virus_86,_complete_genome	78.417	139	21	5	3703	3837	198383	198250	5.48e-20	102
ERR3077528.sra.26919	gi|73852470|ref|NC_007346.1|_Emiliania_huxleyi_virus_86,_complete_genome	78.195	133	24	4	3701	3831	198538	198409	2.33e-18	96.9
ERR3077528.sra.26919	gi|73852470|ref|NC_007346.1|_Emiliania_huxleyi_virus_86,_complete_genome	77.305	141	23	5	3701	3837	198553	198418	2.33e-18	96.9
ERR3077528.sra.26919	gi|73852470|ref|NC_007346.1|_Emiliania_huxleyi_virus_86,_complete_genome	77.241	145	26	5	3699	3837	198891	198748	2.33e-18	96.9
ERR3077528.sra.26919	gi|73852470|ref|NC_007346.1|_Emiliania_huxleyi_virus_86,_complete_genome	78.030	132	23	4	3701	3831	198430	198304	8.13e-18	95.1
ERR3077528.sra.26919	gi|73852470|ref|NC_007346.1|_Emiliania_huxleyi_virus_86,_complete_genome	75.694	144	19	5	3700	3831	198611	198472	8.13e-18	95.1
ERR3077528.sra.26919	gi|73852470|ref|NC_007346.1|_Emiliania_huxleyi_virus_86,_complete_genome	76.552	145	26	5	3701	3837	198685	198541	2.84e-17	93.3
ERR3077528.sra.26919	gi|73852470|ref|NC_007346.1|_Emiliania_huxleyi_virus_86,_complete_genome	76.642	137	28	3	3701	3837	198775	198643	2.84e-17	93.3
ERR3077528.sra.26919	gi|73852470|ref|NC_007346.1|_Emiliania_huxleyi_virus_86,_complete_genome	77.444	133	25	4	3701	3831	198247	198118	9.91e-17	91.5
ERR3077528.sra.26919	gi|73852470|ref|NC_007346.1|_Emiliania_huxleyi_virus_86,_complete_genome	77.305	141	23	6	3701	3837	198262	198127	9.91e-17	91.5
ERR3077528.sra.26919	gi|73852470|ref|NC_007346.1|_Emiliania_huxleyi_virus_86,_complete_genome	76.923	130	27	3	3703	3831	198275	198148	3.46e-16	89.7
ERR3077528.sra.26919	gi|73852470|ref|NC_007346.1|_Emiliania_huxleyi_virus_86,_complete_genome	76.087	138	23	5	3703	3831	198215	198079	1.21e-15	87.8
ERR3077528.sra.26919	gi|73852470|ref|NC_007346.1|_Emiliania_huxleyi_virus_86,_complete_genome	76.259	139	25	5	3701	3831	198670	198532	1.21e-15	87.8
ERR3077528.sra.26919	gi|73852470|ref|NC_007346.1|_Emiliania_huxleyi_virus_86,_complete_genome	73.288	146	29	4	3700	3839	189184	189325	6.25e-13	78.8
ERR3077528.sra.26919	gi|73852470|ref|NC_007346.1|_Emiliania_huxleyi_virus_86,_complete_genome	88.136	59	7	0	3773	3831	188986	189044	7.62e-12	75.2
ERR3077528.sra.26919	gi|73852470|ref|NC_007346.1|_Emiliania_huxleyi_virus_86,_complete_genome	74.286	140	28	5	3700	3831	198008	197869	7.62e-12	75.2
ERR3077528.sra.26919	gi|73852470|ref|NC_007346.1|_Emiliania_huxleyi_virus_86,_complete_genome	74.483	145	29	6	3701	3837	198187	198043	7.62e-12	75.2
ERR3077528.sra.26919	gi|73852470|ref|NC_007346.1|_Emiliania_huxleyi_virus_86,_complete_genome	73.759	141	26	6	3702	3831	307437	307577	9.28e-11	71.6
ERR3077528.sra.26919	gi|73852470|ref|NC_007346.1|_Emiliania_huxleyi_virus_86,_complete_genome	73.759	141	26	6	3702	3831	307971	308111	9.28e-11	71.6
ERR3077528.sra.26919	gi|73852470|ref|NC_007346.1|_Emiliania_huxleyi_virus_86,_complete_genome	72.483	149	28	6	3701	3837	198070	197923	3.24e-10	69.8
ERR3077528.sra.26919	gi|73852470|ref|NC_007346.1|_Emiliania_huxleyi_virus_86,_complete_genome	72.603	146	32	5	3700	3837	198038	197893	1.13e-09	68.0
ERR3077528.sra.26919	gi|73852470|ref|NC_007346.1|_Emiliania_huxleyi_virus_86,_complete_genome	73.333	135	32	4	3700	3831	308251	308384	1.13e-09	68.0
ERR3077528.sra.26919	gi|73852470|ref|NC_007346.1|_Emiliania_huxleyi_virus_86,_complete_genome	71.831	142	27	5	3702	3831	307071	307211	3.95e-09	66.2
ERR3077528.sra.26919	gi|73852470|ref|NC_007346.1|_Emiliania_huxleyi_virus_86,_complete_genome	73.485	132	31	4	3703	3831	307777	307907	3.95e-09	66.2
ERR3077528.sra.26919	gi|73852470|ref|NC_007346.1|_Emiliania_huxleyi_virus_86,_complete_genome	73.485	132	31	4	3703	3831	308578	308708	3.95e-09	66.2
ERR3077528.sra.26919	gi|73852470|ref|NC_007346.1|_Emiliania_huxleyi_virus_86,_complete_genome	72.535	142	26	6	3702	3831	309639	309779	3.95e-09	66.2
ERR3077528.sra.26919	gi|73852470|ref|NC_007346.1|_Emiliania_huxleyi_virus_86,_complete_genome	72.932	133	30	4	3703	3831	309808	309938	3.95e-09	66.2
ERR3077528.sra.26919	gi|73852470|ref|NC_007346.1|_Emiliania_huxleyi_virus_86,_complete_genome	83.333	60	10	0	3772	3831	188973	189032	1.38e-08	64.4
ERR3077528.sra.26919	gi|73852470|ref|NC_007346.1|_Emiliania_huxleyi_virus_86,_complete_genome	71.739	138	29	5	3703	3831	308608	308744	1.68e-07	60.8
ERR3077528.sra.26919	gi|73852470|ref|NC_007346.1|_Emiliania_huxleyi_virus_86,_complete_genome	77.922	77	14	1	3758	3831	311311	311387	1.68e-07	60.8
ERR3077528.sra.26919	gi|73852470|ref|NC_007346.1|_Emiliania_huxleyi_virus_86,_complete_genome	72.794	136	32	5	3701	3831	311525	311660	1.68e-07	60.8
ERR3077528.sra.26919	gi|73852470|ref|NC_007346.1|_Emiliania_huxleyi_virus_86,_complete_genome	73.381	139	26	8	3701	3831	307193	307328	5.86e-07	59.0
ERR3077528.sra.26919	gi|73852470|ref|NC_007346.1|_Emiliania_huxleyi_virus_86,_complete_genome	70.470	149	27	6	3700	3831	307453	307601	5.86e-07	59.0
ERR3077528.sra.26919	gi|73852470|ref|NC_007346.1|_Emiliania_huxleyi_virus_86,_complete_genome	70.470	149	27	6	3700	3831	307987	308135	5.86e-07	59.0
ERR3077528.sra.26919	gi|73852470|ref|NC_007346.1|_Emiliania_huxleyi_virus_86,_complete_genome	70.470	149	27	6	3700	3831	308260	308408	5.86e-07	59.0
ERR3077528.sra.26919	gi|73852470|ref|NC_007346.1|_Emiliania_huxleyi_virus_86,_complete_genome	72.143	140	31	6	3700	3831	307519	307658	2.04e-06	57.2
ERR3077528.sra.26919	gi|73852470|ref|NC_007346.1|_Emiliania_huxleyi_virus_86,_complete_genome	72.143	140	31	6	3700	3831	308053	308192	2.04e-06	57.2
ERR3077528.sra.26919	gi|73852470|ref|NC_007346.1|_Emiliania_huxleyi_virus_86,_complete_genome	72.143	140	31	6	3700	3831	308326	308465	2.04e-06	57.2
ERR3077528.sra.26919	gi|73852470|ref|NC_007346.1|_Emiliania_huxleyi_virus_86,_complete_genome	75.294	85	14	2	3751	3831	311345	311426	2.04e-06	57.2
ERR3077528.sra.26919	gi|73852470|ref|NC_007346.1|_Emiliania_huxleyi_virus_86,_complete_genome	76.623	77	12	2	3758	3831	63116	63189	7.13e-06	55.4
ERR3077528.sra.26919	gi|73852470|ref|NC_007346.1|_Emiliania_huxleyi_virus_86,_complete_genome	77.215	79	15	2	3756	3831	180622	180700	7.13e-06	55.4
ERR3077528.sra.26919	gi|73852470|ref|NC_007346.1|_Emiliania_huxleyi_virus_86,_complete_genome	73.404	94	12	3	3751	3831	307838	307931	7.13e-06	55.4
ERR3077528.sra.27013	NC_015875_2081382_2082934	74.823	846	83	54	924	1646	28	866	9.01e-122	439
ERR3077528.sra.27013	NC_015875_2081382_2082934	68.895	344	56	26	1722	2016	987	1328	6.10e-10	68.0
ERR3077528.sra.27292	NC_017632_767066_768619	73.565	1150	133	77	52	1051	405	1533	1.05e-143	511
ERR3077528.sra.27369	NC_017591_15331_16889	77.841	176	15	10	23	176	1386	1559	3.01e-25	118
ERR3077528.sra.27653	NC_007606_224744_226285	77.663	676	56	44	55	642	669	1	3.97e-118	426
ERR3077528.sra.28081	AF003928	78.100	379	36	21	2547	2888	1	369	7.70e-67	257
ERR3077528.sra.28437	NC_011415_225527_227068	73.673	1432	159	97	45	1277	1418	6	0.0	643
ERR3077528.sra.28537	NC_013520_103635_105185	79.828	699	53	48	1283	1907	3	687	1.65e-136	488
ERR3077528.sra.28627	AJ617796	76.856	916	81	59	67	865	436	1337	2.58e-155	549
ERR3077528.sra.28929	NC_015215_16481_18017	78.252	1545	170	91	1260	2662	3	1523	0.0	1011
ERR3077528.sra.28948	NC_014498_31096_32654	72.748	444	55	29	991	1377	1	435	2.23e-45	185
ERR3077528.sra.28980	NC_021040_348381_351031	79.747	79	10	4	627	699	2511	2589	2.42e-07	59.0
ERR3077528.sra.29105	AM157436	74.851	1511	152	96	1152	2451	49	1542	0.0	785
ERR3077528.sra.29273	NC_017591_15331_16889	80.392	153	13	9	77	212	1405	1557	1.17e-24	116
ERR3077528.sra.29307	AM157436	79.524	1514	122	81	1576	2909	1552	47	0.0	1137
ERR3077528.sra.29424	gi|506497718|ref|NC_021246.1|_Mythimna_separata_entomopoxvirus_'L',_complete_genome	83.636	55	8	1	5	59	240454	240507	6.03e-06	55.4
ERR3077528.sra.29611	NC_017651_231044_232336	79.419	1239	119	72	271	1384	13	1240	0.0	883
ERR3077528.sra.29642	gi|109255272|ref|NC_008168.1|_Choristoneura_occidentalis_granulovirus,_complete_genome	76.543	81	10	3	3121	3194	19944	20022	5.48e-06	55.4
ERR3077528.sra.29694	NC_008563_228500_230053	76.816	358	48	22	49	375	1199	1552	6.48e-52	206
ERR3077528.sra.29702	NC_022655_1696703_1698247	78.508	563	56	31	56	556	562	3	4.73e-107	389
ERR3077528.sra.29757	gi|508181800|ref|NC_021312.1|_Phaeocystis_globosa_virus_strain_16T,_complete_genome	74.000	100	18	3	1195	1288	289220	289123	1.75e-06	57.2
ERR3077528.sra.30299	NC_018658_524780_526334	75.320	1094	86	69	1158	2082	1555	477	2.24e-173	610
ERR3077528.sra.30779	AY005045	73.174	1424	163	101	378	1598	1469	62	3.43e-167	590
