ERR3077531.sra.1	NC_021046_119494_121022	80.392	816	66	53	64	807	314	1107	3.57e-169	596
ERR3077531.sra.1	NC_021046_119494_121022	83.860	285	22	17	877	1143	1251	1529	1.74e-65	251
ERR3077531.sra.16	NC_013654_241042_242583	82.559	1571	134	78	764	2223	1542	1	0.0	1373
ERR3077531.sra.126	NC_016514_237096_238638	86.852	1042	68	44	32	1038	530	1537	0.0	1126
ERR3077531.sra.238	gi|310830989|ref|NC_014637.1|_Cafeteria_roenbergensis_virus_BV-PW1,_complete_genome	76.190	105	18	5	699	800	108288	108388	3.77e-08	60.8
ERR3077531.sra.493	NC_017540_397790_399343	89.189	111	5	3	23	126	113	3	5.71e-32	140
ERR3077531.sra.550	gi|170676271|ref|NC_010490.1|_Tomato_zonate_spot_virus_segment_M,_complete_sequence	81.731	104	13	2	1101	1202	1134	1035	2.55e-19	98.7
ERR3077531.sra.567	NC_018706_214504_216058	71.875	128	34	2	1836	1962	129	3	2.57e-08	62.6
ERR3077531.sra.1011	gi|158380386|ref|NC_009552.2|_Geobacillus_virus_E2,_complete_genome	69.343	274	72	6	496	759	38439	38168	7.78e-20	100
ERR3077531.sra.1277	gi|472342562|ref|NC_020864.1|_Micromonas_pusilla_virus_12T_genomic_sequence	71.930	114	31	1	36	149	199341	199229	1.39e-07	59.0
ERR3077531.sra.1364	AB045731	81.256	1035	93	49	28	991	525	1529	0.0	863
ERR3077531.sra.1368	NC_021046_119494_121022	72.986	807	112	53	966	1715	1409	652	8.94e-89	329
ERR3077531.sra.1449	AB045731	86.095	1352	90	59	297	1584	202	1519	0.0	1413
ERR3077531.sra.1817	gi|671723033|ref|NC_024625.1|_Peridroma_alphabaculovirus_isolate_GR_167,_complete_genome	69.159	428	96	20	289	697	25255	24845	5.37e-26	120
ERR3077531.sra.2068	NC_021046_119494_121022	83.439	1570	122	75	440	1912	1	1529	0.0	1445
ERR3077531.sra.2168	gi|9628932|ref|NC_001731.1|_Molluscum_contagiosum_virus_subtype_1,_complete_genome	79.167	72	14	1	1936	2007	10497	10567	4.14e-07	59.0
ERR3077531.sra.2863	gi|363539767|ref|NC_016072.1|_Megavirus_chiliensis,_complete_genome	70.748	147	34	5	1904	2045	550533	550391	1.06e-06	57.2
ERR3077531.sra.2885	NC_003198_287479_289020	91.150	113	4	3	22	130	111	1	2.25e-35	150
ERR3077531.sra.2981	gi|9633173|ref|NC_000899.1|_Fowl_adenovirus_D,_complete_genome	90.244	41	3	1	645	685	13300	13339	9.55e-06	53.6
ERR3077531.sra.3458	gi|158380386|ref|NC_009552.2|_Geobacillus_virus_E2,_complete_genome	73.057	193	48	3	992	1181	38168	38359	6.28e-21	104
ERR3077531.sra.3693	gi|526118633|ref|NC_021858.1|_Pandoravirus_dulcis,_complete_genome	77.778	72	15	1	479	549	1715620	1715691	2.30e-06	55.4
ERR3077531.sra.3993	gi|9631294|ref|NC_001993.1|_Melanoplus_sanguinipes_entomopoxvirus,_complete_genome	92.593	54	4	0	45	98	197508	197561	4.01e-14	80.6
ERR3077531.sra.3993	gi|9631294|ref|NC_001993.1|_Melanoplus_sanguinipes_entomopoxvirus,_complete_genome	92.308	52	4	0	43	94	197509	197560	4.88e-13	77.0
ERR3077531.sra.4109	NC_021046_119494_121022	78.607	1608	159	83	243	1747	1527	2	0.0	1142
ERR3077531.sra.4185	NC_010498_232907_234448	81.088	386	43	16	30	394	377	1	8.72e-87	322
ERR3077531.sra.4432	NC_017652_231044_232336	91.826	367	12	13	28	383	382	23	1.21e-135	484
ERR3077531.sra.4537	NC_015663_220089_221642	76.369	1570	195	93	727	2197	1499	7	0.0	899
ERR3077531.sra.5426	gi|310698439|ref|NC_001526.2|_Human_papillomavirus_type_16,_complete_genome	79.104	67	12	1	55	121	4157	4221	4.25e-06	55.4
ERR3077531.sra.5558	NC_014966_292511_294046	80.723	83	7	6	1655	1736	13	87	2.39e-07	59.0
ERR3077531.sra.5680	EF620925	82.218	1524	139	76	634	2059	1490	1	0.0	1303
ERR3077531.sra.5720	NC_017540_397790_399343	81.081	111	10	7	1367	1471	1	106	5.04e-15	84.2
ERR3077531.sra.5869	NC_017540_397790_399343	81.416	113	11	7	41	147	109	1	4.76e-16	87.8
ERR3077531.sra.6130	NC_022566_236807_238345	96.629	89	3	0	1045	1133	10	98	3.86e-34	147
ERR3077531.sra.6162	EF620925	82.857	1540	118	86	762	2191	1505	2	0.0	1332
ERR3077531.sra.6219	NC_017845_228498_230028	77.303	912	111	56	216	1080	2	864	4.14e-154	545
ERR3077531.sra.6256	gi|164564320|ref|NC_010239.1|_Radish_leaf_curl_virus_satellite_DNA_beta,_complete_genome	73.333	105	24	3	12	115	937	836	7.74e-06	53.6
ERR3077531.sra.6424	NC_022241_2737171_2738712	77.778	90	12	4	20	102	1454	1542	1.52e-08	62.6
ERR3077531.sra.6631	gi|530323620|ref|NC_022037.1|_Brazoran_virus_segment_S,_complete_sequence	73.267	101	20	2	1	98	1549	1453	1.36e-07	59.0
ERR3077531.sra.6870	NC_021046_119494_121022	76.471	1292	137	85	623	1792	2	1248	0.0	728
ERR3077531.sra.6870	NC_021046_119494_121022	87.500	96	8	3	1818	1910	1435	1529	1.80e-22	109
ERR3077531.sra.7267	gi|508181800|ref|NC_021312.1|_Phaeocystis_globosa_virus_strain_16T,_complete_genome	94.118	34	2	0	243	276	206457	206490	5.22e-06	53.6
ERR3077531.sra.7774	AB045731	77.375	1600	189	88	1191	2688	6	1534	0.0	1012
ERR3077531.sra.7902	NC_017845_228498_230028	84.379	749	57	38	226	941	1	722	0.0	706
ERR3077531.sra.8158	gi|158380386|ref|NC_009552.2|_Geobacillus_virus_E2,_complete_genome	73.418	158	38	3	981	1137	38171	38325	1.45e-15	86.0
ERR3077531.sra.8158	gi|158380386|ref|NC_009552.2|_Geobacillus_virus_E2,_complete_genome	74.747	99	22	1	562	660	37741	37836	4.73e-09	64.4
ERR3077531.sra.8162	gi|363539767|ref|NC_016072.1|_Megavirus_chiliensis,_complete_genome	71.014	138	34	4	1863	1995	550530	550394	1.04e-06	57.2
ERR3077531.sra.8448	NC_022241_2737171_2738712	94.340	106	5	1	43	147	1432	1537	2.46e-38	161
ERR3077531.sra.8559	NC_011094_291607_293139	83.018	1584	120	76	195	1680	1	1533	0.0	1436
ERR3077531.sra.9053	gi|119953744|ref|NC_008724.1|_Acanthocystis_turfacea_Chlorella_virus_1,_complete_genome	67.338	447	112	18	648	1075	268362	268793	3.43e-19	98.7
ERR3077531.sra.9209	NC_021066_3088508_3090061	82.727	110	14	4	1745	1853	1552	1447	8.29e-20	100
ERR3077531.sra.9454	GQ114905	82.235	698	49	43	829	1494	10	664	1.12e-162	574
ERR3077531.sra.9466	NC_021046_119494_121022	75.306	1470	150	90	614	1902	92	1529	0.0	801
ERR3077531.sra.9738	gi|508181800|ref|NC_021312.1|_Phaeocystis_globosa_virus_strain_16T,_complete_genome	82.258	62	9	1	1	60	450337	450398	6.84e-08	60.8
ERR3077531.sra.10253	gi|509139559|ref|NC_021320.1|_Halovirus_HRTV-5,_complete_genome	83.333	60	6	2	1635	1693	55936	55880	3.09e-07	59.0
ERR3077531.sra.10260	GQ114905	85.944	747	37	34	1358	2055	4	731	0.0	782
ERR3077531.sra.10279	gi|113200747|ref|NC_008300.1|_Melon_yellow_spot_virus_segment_S,_complete_sequence	79.104	67	12	1	15	79	1990	2056	1.59e-06	55.4
ERR3077531.sra.10435	NC_017540_397790_399343	84.112	107	7	5	1716	1816	3	105	6.68e-21	104
ERR3077531.sra.10546	gi|531034792|ref|NC_022098.1|_Pandoravirus_salinus,_complete_genome	78.161	87	14	4	919	1002	2175160	2175076	3.21e-07	59.0
ERR3077531.sra.10571	NC_022544_289178_290721	87.006	1570	96	60	767	2256	1542	1	0.0	1739
ERR3077531.sra.10716	NC_016514_237096_238638	81.335	1468	139	71	311	1689	116	1537	0.0	1214
ERR3077531.sra.10981	gi|363539767|ref|NC_016072.1|_Megavirus_chiliensis,_complete_genome	75.510	98	22	2	818	913	550537	550440	1.25e-08	62.6
ERR3077531.sra.11045	gi|313768203|ref|NC_014767.1|_Micromonas_sp._RCC1109_virus_MpV1,_complete_genome	69.022	184	46	6	481	661	11692	11867	3.93e-07	59.0
ERR3077531.sra.11086	NC_017540_397790_399343	79.245	106	11	5	1099	1195	5	108	4.97e-14	80.6
ERR3077531.sra.11104	gi|363539767|ref|NC_016072.1|_Megavirus_chiliensis,_complete_genome	74.227	97	25	0	221	317	550441	550537	1.20e-08	62.6
ERR3077531.sra.11254	gi|472342562|ref|NC_020864.1|_Micromonas_pusilla_virus_12T_genomic_sequence	70.807	161	41	3	791	947	195849	195691	2.40e-11	71.6
ERR3077531.sra.11279	gi|310830989|ref|NC_014637.1|_Cafeteria_roenbergensis_virus_BV-PW1,_complete_genome	81.356	59	6	2	23	76	510750	510808	6.91e-06	53.6
ERR3077531.sra.11279	gi|310830989|ref|NC_014637.1|_Cafeteria_roenbergensis_virus_BV-PW1,_complete_genome	81.356	59	6	2	23	76	511664	511722	6.91e-06	53.6
ERR3077531.sra.11299	NC_021046_119494_121022	78.696	1258	111	71	44	1182	308	1527	0.0	883
ERR3077531.sra.11466	gi|119953744|ref|NC_008724.1|_Acanthocystis_turfacea_Chlorella_virus_1,_complete_genome	75.648	193	39	7	710	900	268548	268362	1.07e-23	113
ERR3077531.sra.11520	AM157436	87.931	1508	99	49	210	1649	1539	47	0.0	1754
ERR3077531.sra.12003	NC_021046_119494_121022	81.340	627	45	30	139	726	366	959	3.55e-150	533
ERR3077531.sra.12253	NC_021046_119494_121022	78.618	767	79	45	175	879	786	1529	5.27e-146	518
ERR3077531.sra.12545	AB045731	82.957	1549	123	70	232	1676	22	1533	0.0	1415
ERR3077531.sra.12773	NC_021870_270249_271746	90.476	84	6	2	1839	1921	12	94	1.66e-22	109
ERR3077531.sra.12857	gi|531034792|ref|NC_022098.1|_Pandoravirus_salinus,_complete_genome	79.104	67	8	2	1370	1430	2175109	2175175	2.94e-06	55.4
ERR3077531.sra.12883	AB045731	79.710	1587	147	82	221	1685	1	1534	0.0	1198
ERR3077531.sra.12911	gi|119953744|ref|NC_008724.1|_Acanthocystis_turfacea_Chlorella_virus_1,_complete_genome	67.698	291	73	12	414	696	268409	268686	1.08e-09	66.2
ERR3077531.sra.12912	NC_016514_237096_238638	81.423	1588	126	85	611	2074	1543	1	0.0	1303
ERR3077531.sra.13267	NC_017540_397790_399343	86.916	107	4	4	1027	1124	3	108	1.53e-26	122
ERR3077531.sra.13303	NC_021046_119494_121022	84.345	1252	74	62	38	1195	306	1529	0.0	1205
ERR3077531.sra.13337	NC_022544_289178_290721	79.290	1014	86	56	575	1493	1518	534	0.0	742
ERR3077531.sra.13488	NC_016514_237096_238638	84.675	1031	69	44	61	1021	528	1539	0.0	1029
ERR3077531.sra.13530	NC_021350_359864_361325	68.333	480	121	13	1018	1477	1452	984	4.46e-35	150
ERR3077531.sra.13908	NC_017540_397790_399343	89.286	112	6	3	6	112	113	3	5.73e-32	140
ERR3077531.sra.13971	gi|9632388|ref|NC_002051.1|_Tomato_spotted_wilt_virus_RNA_S,_complete_sequence	76.415	106	23	1	27	132	1691	1588	8.30e-13	77.0
ERR3077531.sra.13986	NC_017633_227039_228580	80.580	448	27	23	840	1241	10	443	2.49e-100	367
ERR3077531.sra.14503	gi|119953744|ref|NC_008724.1|_Acanthocystis_turfacea_Chlorella_virus_1,_complete_genome	76.471	102	22	2	1555	1655	268364	268464	1.35e-10	69.8
ERR3077531.sra.14805	NC_015663_220089_221642	84.884	1601	113	71	176	1696	1552	1	0.0	1593
ERR3077531.sra.14955	NC_017638_223769_225313	90.476	63	2	2	56	115	62	1	1.31e-14	82.4
ERR3077531.sra.14991	NC_016514_237096_238638	80.314	1590	160	78	620	2114	1	1532	0.0	1243
ERR3077531.sra.15755	NC_018658_524780_526334	85.696	1594	120	64	194	1720	1	1553	0.0	1656
ERR3077531.sra.15959	NC_021046_119494_121022	86.435	575	30	26	19	553	956	1522	6.34e-174	612
ERR3077531.sra.15992	gi|119953744|ref|NC_008724.1|_Acanthocystis_turfacea_Chlorella_virus_1,_complete_genome	84.615	52	6	1	724	773	83857	83806	1.27e-06	55.4
ERR3077531.sra.16002	gi|472342562|ref|NC_020864.1|_Micromonas_pusilla_virus_12T_genomic_sequence	70.625	160	35	7	572	722	195846	195690	8.85e-07	57.2
ERR3077531.sra.16134	gi|119953744|ref|NC_008724.1|_Acanthocystis_turfacea_Chlorella_virus_1,_complete_genome	75.000	156	31	7	794	943	268362	268515	1.90e-14	82.4
ERR3077531.sra.16190	NC_021350_359864_361325	67.368	380	76	17	139	494	992	1347	3.27e-18	93.3
ERR3077531.sra.16637	NC_002655_227103_228644	86.015	1566	88	72	507	1965	1542	1	0.0	1631
ERR3077531.sra.16680	NC_017540_397790_399343	87.500	112	8	4	17	123	113	3	5.78e-28	127
ERR3077531.sra.16788	AB045731	86.218	1219	94	44	33	1198	1199	2	0.0	1310
ERR3077531.sra.17494	gi|310830989|ref|NC_014637.1|_Cafeteria_roenbergensis_virus_BV-PW1,_complete_genome	85.484	62	7	2	26	85	510747	510808	2.66e-09	64.4
ERR3077531.sra.17494	gi|310830989|ref|NC_014637.1|_Cafeteria_roenbergensis_virus_BV-PW1,_complete_genome	85.484	62	7	2	26	85	511661	511722	2.66e-09	64.4
ERR3077531.sra.17494	gi|310830989|ref|NC_014637.1|_Cafeteria_roenbergensis_virus_BV-PW1,_complete_genome	83.871	62	8	2	26	85	509512	509573	3.24e-08	60.8
ERR3077531.sra.17515	NC_021350_359864_361325	70.000	210	50	8	2059	2261	1414	1211	7.86e-11	71.6
ERR3077531.sra.17967	gi|531034792|ref|NC_022098.1|_Pandoravirus_salinus,_complete_genome	78.873	71	14	1	909	979	2175145	2175076	1.11e-06	57.2
ERR3077531.sra.18108	NC_021046_119494_121022	75.578	1556	186	92	785	2173	1	1529	0.0	854
ERR3077531.sra.18303	NC_016514_237096_238638	86.748	1562	105	59	216	1704	1543	11	0.0	1710
ERR3077531.sra.18465	NC_017540_397790_399343	76.330	376	47	20	25	367	1188	1554	1.36e-57	224
ERR3077531.sra.18518	NC_016514_237096_238638	86.794	1575	95	64	210	1707	1	1539	0.0	1716
ERR3077531.sra.18542	NC_021046_119494_121022	72.458	1485	200	98	600	1910	17	1466	1.08e-164	581
ERR3077531.sra.18857	gi|363539767|ref|NC_016072.1|_Megavirus_chiliensis,_complete_genome	72.358	123	34	0	199	321	550415	550537	8.34e-11	69.8
ERR3077531.sra.19164	NC_022566_236807_238345	89.362	94	6	3	1094	1184	4	96	2.39e-24	114
ERR3077531.sra.19491	NC_017845_228498_230028	84.696	954	60	42	59	947	933	1	0.0	951
ERR3077531.sra.19718	NC_021350_359864_361325	78.894	199	40	2	360	557	1217	1414	7.73e-39	163
ERR3077531.sra.19730	NC_003197_289189_290732	87.524	1563	103	52	1841	3332	1	1542	0.0	1788
ERR3077531.sra.19761	gi|15320794|ref|NC_003084.1|_Culex_nigripalpus_NPV,_complete_genome	86.957	46	6	0	15	60	54357	54402	4.98e-07	57.2
ERR3077531.sra.19882	gi|9632388|ref|NC_002051.1|_Tomato_spotted_wilt_virus_RNA_S,_complete_sequence	73.196	97	26	0	1	97	1684	1588	1.40e-07	59.0
ERR3077531.sra.20021	gi|363539767|ref|NC_016072.1|_Megavirus_chiliensis,_complete_genome	84.211	57	8	1	671	726	122584	122528	1.53e-07	59.0
ERR3077531.sra.20373	gi|113200747|ref|NC_008300.1|_Melon_yellow_spot_virus_segment_S,_complete_sequence	77.228	101	21	1	7	107	1875	1973	8.73e-13	77.0
ERR3077531.sra.20649	gi|472342562|ref|NC_020864.1|_Micromonas_pusilla_virus_12T_genomic_sequence	82.456	57	9	1	617	672	166820	166764	2.33e-06	55.4
ERR3077531.sra.21005	gi|148828650|ref|NC_009555.1|_Papaya_leaf_curl_China_virus_satellite_DNA_beta,_complete_genome	71.318	129	32	1	1	124	948	820	2.07e-09	66.2
ERR3077531.sra.21275	gi|589287691|ref|NC_023611.1|_Invertebrate_iridescent_virus_30_complete_genome	74.118	85	22	0	1	85	16459	16375	2.24e-06	55.4
ERR3077531.sra.22101	NC_021046_119494_121022	84.105	799	58	38	88	833	747	1529	0.0	760
ERR3077531.sra.22115	NC_021009_505857_508732	71.515	165	33	7	686	838	193	355	2.24e-10	68.0
ERR3077531.sra.22374	NC_021350_359864_361325	70.455	440	117	10	1266	1701	1414	984	5.09e-42	174
ERR3077531.sra.22376	gi|119953744|ref|NC_008724.1|_Acanthocystis_turfacea_Chlorella_virus_1,_complete_genome	85.714	49	7	0	399	447	83807	83855	5.42e-07	57.2
ERR3077531.sra.22538	gi|119953744|ref|NC_008724.1|_Acanthocystis_turfacea_Chlorella_virus_1,_complete_genome	74.825	143	23	8	678	812	268515	268378	2.99e-11	71.6
ERR3077531.sra.22549	gi|311977355|ref|NC_014649.1|_Acanthamoeba_polyphaga_mimivirus,_complete_genome	75.294	85	20	1	2315	2399	518225	518308	4.32e-06	55.4
ERR3077531.sra.22890	gi|158380386|ref|NC_009552.2|_Geobacillus_virus_E2,_complete_genome	68.772	285	66	11	931	1199	38099	38376	4.80e-15	84.2
ERR3077531.sra.22925	NC_017540_397790_399343	82.418	91	8	4	15	97	91	1	2.39e-14	82.4
ERR3077531.sra.22992	NC_021009_505857_508732	79.798	99	13	4	93	185	298	201	5.44e-13	77.0
ERR3077531.sra.23038	GQ114905	81.264	886	72	53	233	1052	1	858	0.0	695
ERR3077531.sra.23075	NC_017540_397790_399343	85.000	100	5	5	1750	1846	3	95	8.34e-20	100
ERR3077531.sra.23089	NC_015663_220089_221642	84.834	1299	75	67	869	2090	1552	299	0.0	1263
ERR3077531.sra.23103	NC_018405_269132_270685	85.548	1031	68	42	67	1038	1010	2	0.0	1072
