ERR3077532.sra.84	gi|531034792|ref|NC_022098.1|_Pandoravirus_salinus,_complete_genome	82.222	90	11	4	289	376	2175076	2175162	3.73e-13	77.0
ERR3077532.sra.111	AM420222	81.053	95	7	5	62	145	1388	1482	8.60e-14	78.8
ERR3077532.sra.134	NC_021021_78761_80257	78.814	118	19	4	1216	1332	1490	1378	3.75e-16	87.8
ERR3077532.sra.162	L06168	82.704	954	70	53	40	924	928	1	0.0	832
ERR3077532.sra.362	AY879305	82.264	265	15	17	362	603	1478	1223	3.94e-56	219
ERR3077532.sra.441	AM419980	80.405	444	34	28	88	500	1036	1457	5.28e-89	331
ERR3077532.sra.451	AM238669	80.833	960	89	50	25	930	382	1300	0.0	762
ERR3077532.sra.636	gi|441431943|ref|NC_020104.1|_Acanthamoeba_polyphaga_moumouvirus,_complete_genome	76.642	137	29	3	2250	2385	753095	753229	1.97e-17	93.3
ERR3077532.sra.660	NC_022111_1520371_1521887	87.129	101	6	4	1689	1787	3	98	1.27e-23	113
ERR3077532.sra.678	NC_017591_15331_16889	77.723	202	21	11	32	216	1359	1553	1.21e-30	134
ERR3077532.sra.708	gi|9625955|ref|NC_001350.1|_Saimiriine_herpesvirus_2_complete_genome	78.049	82	15	2	1039	1120	106583	106661	7.20e-08	60.8
ERR3077532.sra.708	gi|9625955|ref|NC_001350.1|_Saimiriine_herpesvirus_2_complete_genome	76.543	81	19	0	1039	1119	106673	106753	7.20e-08	60.8
ERR3077532.sra.708	gi|9625955|ref|NC_001350.1|_Saimiriine_herpesvirus_2_complete_genome	73.469	98	17	3	1039	1130	106535	106629	3.06e-06	55.4
ERR3077532.sra.752	NC_015875_2081382_2082934	86.911	191	11	6	353	536	1	184	1.20e-55	217
ERR3077532.sra.892	gi|313767999|ref|NC_014765.1|_Bathycoccus_sp._RCC1105_virus_BpV1,_complete_genome	68.898	254	66	8	555	797	11310	11561	1.17e-13	78.8
ERR3077532.sra.907	NC_021009_505857_508732	70.833	264	57	9	706	953	196	455	3.71e-22	107
ERR3077532.sra.1057	NC_013203_1457029_1458528	86.755	604	31	28	54	621	519	1109	0.0	646
ERR3077532.sra.1060	NC_015875_2081382_2082934	88.636	308	23	9	2	301	306	3	4.80e-101	369
ERR3077532.sra.1170	gi|593773442|ref|NC_023681.1|_Mamestra_brassicae_MNPV_strain_K1,_complete_genome	80.000	70	11	3	348	414	5528	5597	9.76e-06	53.6
ERR3077532.sra.1403	NC_014498_31096_32654	88.000	50	4	2	14	63	48	1	3.56e-07	57.2
ERR3077532.sra.1446	AM238669	92.088	455	13	15	9	448	1023	1469	5.20e-174	612
ERR3077532.sra.1471	NC_022111_1520371_1521887	80.247	81	8	4	525	601	18	94	1.88e-09	64.4
ERR3077532.sra.1646	DQ160208	87.572	869	35	40	199	1007	1465	610	0.0	967
ERR3077532.sra.1717	gi|119953744|ref|NC_008724.1|_Acanthocystis_turfacea_Chlorella_virus_1,_complete_genome	81.967	61	9	2	452	512	84052	83994	6.76e-06	53.6
ERR3077532.sra.1728	GU414239	91.705	217	10	7	557	769	6	218	4.10e-76	286
ERR3077532.sra.1862	NC_014370_369973_371450	82.075	106	5	7	1481	1574	5	108	4.44e-16	87.8
ERR3077532.sra.1926	NC_006841_475304_476855	79.762	84	14	3	57	138	1470	1552	8.97e-09	64.4
ERR3077532.sra.2055	NC_022111_1520371_1521887	87.838	74	5	3	7	78	72	1	6.31e-15	84.2
ERR3077532.sra.2069	NC_017591_15331_16889	87.356	174	10	9	54	221	1390	1557	8.25e-46	185
ERR3077532.sra.2091	AB037875	81.557	732	36	45	694	1342	1448	733	8.99e-170	598
ERR3077532.sra.2341	NC_022239_16927_18470	83.094	556	46	26	103	633	1007	1539	3.25e-142	506
ERR3077532.sra.2573	GU227186	84.249	273	29	10	16	277	270	1	5.18e-70	266
ERR3077532.sra.2578	gi|391738072|ref|NC_018071.1|_Bean_necrotic_mosaic_virus_segment_S,_complete_sequence	73.333	105	27	1	36	140	1561	1664	7.37e-08	60.8
ERR3077532.sra.2726	NC_022111_1520371_1521887	79.422	277	27	19	535	791	1456	1190	1.09e-45	185
ERR3077532.sra.2739	GU227186	81.250	80	8	5	1224	1301	1	75	5.10e-08	60.8
ERR3077532.sra.2740	NC_003116_198339_199883	86.935	620	35	27	41	634	600	1	0.0	673
ERR3077532.sra.2760	NC_014371_962840_964317	82.051	117	9	7	49	163	1365	1471	6.58e-19	96.9
ERR3077532.sra.2790	NC_021350_359864_361325	76.623	231	47	5	298	528	1434	1211	1.09e-37	158
ERR3077532.sra.2895	NC_017486_470580_472133	95.745	47	1	1	25	71	46	1	5.54e-12	73.4
ERR3077532.sra.2999	AF542230	82.597	1109	64	56	528	1515	1406	306	0.0	994
ERR3077532.sra.3093	NC_014370_369973_371450	90.517	116	4	2	61	173	112	1	1.34e-37	158
ERR3077532.sra.3106	NC_017347_522050_523611	82.759	116	8	5	46	151	114	1	2.82e-22	107
ERR3077532.sra.3136	gi|20451018|ref|NC_003782.1|_Himetobi_P_virus,_complete_genome	87.755	49	5	1	337	385	1701	1748	1.13e-06	59.0
ERR3077532.sra.3317	NC_015875_2081382_2082934	83.957	187	14	7	1179	1349	187	1	4.78e-45	185
ERR3077532.sra.3411	gi|509139559|ref|NC_021320.1|_Halovirus_HRTV-5,_complete_genome	89.831	59	5	1	1870	1928	55937	55880	1.27e-12	77.0
ERR3077532.sra.3447	X84006	82.161	1536	133	70	45	1481	19	1512	0.0	1350
ERR3077532.sra.3533	NC_006347_3144323_3145859	93.151	73	1	3	1042	1111	1534	1463	5.11e-20	100
ERR3077532.sra.3857	NC_014370_369973_371450	84.071	113	12	4	1022	1133	1	108	2.78e-23	111
ERR3077532.sra.3998	NC_014370_369973_371450	86.087	115	8	5	39	147	116	4	5.08e-26	120
ERR3077532.sra.4048	gi|531034792|ref|NC_022098.1|_Pandoravirus_salinus,_complete_genome	73.214	112	19	5	649	752	106963	107071	1.71e-06	55.4
ERR3077532.sra.4104	NC_015875_2081382_2082934	76.243	181	23	12	2298	2468	171	1	1.55e-18	96.9
ERR3077532.sra.4106	U41352	83.060	183	13	12	513	685	1	175	1.54e-36	154
ERR3077532.sra.4153	AY005068	89.888	89	4	3	641	726	13	99	1.76e-23	111
ERR3077532.sra.4351	NC_021350_359864_361325	76.923	104	21	2	1179	1280	993	1095	9.06e-12	73.4
ERR3077532.sra.4351	NC_021350_359864_361325	88.636	44	4	1	1420	1462	1241	1284	8.49e-06	53.6
ERR3077532.sra.4445	AY986762	88.523	1124	44	51	243	1306	1507	409	0.0	1292
ERR3077532.sra.4541	NC_015875_2081382_2082934	81.176	170	12	8	350	505	10	173	5.85e-34	145
ERR3077532.sra.4549	NC_014370_369973_371450	95.690	116	3	2	15	128	116	1	8.78e-44	179
ERR3077532.sra.4763	DQ160208	83.962	106	11	5	38	138	105	1	2.63e-19	98.7
ERR3077532.sra.4772	gi|441431943|ref|NC_020104.1|_Acanthamoeba_polyphaga_moumouvirus,_complete_genome	76.623	77	9	3	75	148	326826	326756	5.98e-06	53.6
ERR3077532.sra.4870	AY689228	91.429	105	3	4	56	158	101	1	9.10e-31	136
ERR3077532.sra.4876	NC_014498_31096_32654	89.130	46	3	1	53	96	46	1	1.31e-07	59.0
ERR3077532.sra.4930	NC_021350_359864_361325	70.423	284	77	4	3522	3804	995	1272	5.25e-26	122
ERR3077532.sra.4972	gi|9631294|ref|NC_001993.1|_Melanoplus_sanguinipes_entomopoxvirus,_complete_genome	80.000	65	9	2	435	495	102326	102262	8.94e-06	53.6
ERR3077532.sra.5104	NC_017673_449361_451191	80.000	405	42	19	523	893	1622	1223	9.90e-85	315
ERR3077532.sra.5104	NC_017673_449361_451191	72.143	140	21	9	318	441	1831	1694	5.14e-06	53.6
ERR3077532.sra.5110	NC_022111_1520371_1521887	90.566	106	4	4	925	1029	1	101	2.20e-30	134
ERR3077532.sra.5510	NC_021350_359864_361325	66.528	481	108	23	270	720	1452	995	1.47e-15	86.0
ERR3077532.sra.5521	NC_021350_359864_361325	67.033	273	70	7	859	1117	985	1251	7.01e-12	73.4
ERR3077532.sra.5582	NC_010376_197837_199361	96.970	33	1	0	50	82	33	1	1.40e-06	55.4
ERR3077532.sra.5619	gi|340025671|ref|NC_000852.5|_Paramecium_bursaria_Chlorella_virus_1,_complete_genome	85.000	60	5	3	555	611	165434	165492	3.47e-07	59.0
ERR3077532.sra.5619	gi|340025671|ref|NC_000852.5|_Paramecium_bursaria_Chlorella_virus_1,_complete_genome	86.792	53	3	3	555	604	165261	165312	4.23e-06	55.4
ERR3077532.sra.5797	NC_022239_16927_18470	86.587	753	49	32	214	923	1544	801	0.0	805
ERR3077532.sra.5964	NC_021009_505857_508732	78.022	91	20	0	925	1015	177	267	1.95e-12	75.2
ERR3077532.sra.6020	NC_017347_522050_523611	81.081	111	11	6	37	138	113	4	4.79e-16	87.8
ERR3077532.sra.6043	NC_021009_505857_508732	77.778	81	14	2	577	656	278	201	2.99e-08	60.8
ERR3077532.sra.6098	AY689228	92.708	96	2	3	553	644	3	97	4.76e-30	132
ERR3077532.sra.6198	gi|9635240|ref|NC_002327.1|_Rice_grassy_stunt_virus_RNA_5,_complete_sequence	83.784	74	10	1	719	792	800	871	9.09e-13	77.0
ERR3077532.sra.6426	NC_022606_130694_132258	92.683	41	2	1	20	59	41	1	4.48e-07	57.2
ERR3077532.sra.6450	NC_014370_369973_371450	91.000	100	4	4	2	96	100	1	3.28e-28	127
ERR3077532.sra.6526	NC_003028_15344_16903	85.227	176	14	7	459	624	1560	1387	3.62e-44	179
ERR3077532.sra.6674	gi|310830989|ref|NC_014637.1|_Cafeteria_roenbergensis_virus_BV-PW1,_complete_genome	74.797	123	27	3	1959	2077	399465	399343	1.63e-11	73.4
ERR3077532.sra.6674	gi|310830989|ref|NC_014637.1|_Cafeteria_roenbergensis_virus_BV-PW1,_complete_genome	73.600	125	29	3	1959	2079	399525	399401	6.93e-10	68.0
ERR3077532.sra.6674	gi|310830989|ref|NC_014637.1|_Cafeteria_roenbergensis_virus_BV-PW1,_complete_genome	73.770	122	28	3	1959	2076	399519	399398	2.42e-09	66.2
ERR3077532.sra.6674	gi|310830989|ref|NC_014637.1|_Cafeteria_roenbergensis_virus_BV-PW1,_complete_genome	72.800	125	30	3	1959	2079	399477	399353	2.95e-08	62.6
ERR3077532.sra.6674	gi|310830989|ref|NC_014637.1|_Cafeteria_roenbergensis_virus_BV-PW1,_complete_genome	70.199	151	33	4	1959	2097	434782	434632	2.95e-08	62.6
ERR3077532.sra.6674	gi|310830989|ref|NC_014637.1|_Cafeteria_roenbergensis_virus_BV-PW1,_complete_genome	69.274	179	45	5	1959	2131	434872	434698	2.95e-08	62.6
ERR3077532.sra.6674	gi|310830989|ref|NC_014637.1|_Cafeteria_roenbergensis_virus_BV-PW1,_complete_genome	70.109	184	41	8	1959	2131	434686	434506	1.03e-07	60.8
ERR3077532.sra.6674	gi|310830989|ref|NC_014637.1|_Cafeteria_roenbergensis_virus_BV-PW1,_complete_genome	71.774	124	30	3	1979	2097	434953	434830	1.25e-06	57.2
ERR3077532.sra.6674	gi|310830989|ref|NC_014637.1|_Cafeteria_roenbergensis_virus_BV-PW1,_complete_genome	72.727	110	23	3	1991	2097	435061	434956	1.25e-06	57.2
ERR3077532.sra.6732	NC_021350_359864_361325	68.679	265	61	11	700	947	1013	1272	1.69e-12	75.2
ERR3077532.sra.6853	AY008313	80.337	712	71	35	774	1434	1	694	8.28e-158	558
ERR3077532.sra.6951	gi|9632388|ref|NC_002051.1|_Tomato_spotted_wilt_virus_RNA_S,_complete_sequence	73.214	112	22	1	15	126	1691	1588	1.52e-10	69.8
ERR3077532.sra.7108	FJ557684	73.608	826	121	46	43	784	813	1	2.23e-106	387
ERR3077532.sra.7146	gi|118197482|ref|NC_008586.1|_Ecotropis_obliqua_NPV,_complete_genome	84.000	50	8	0	161	210	116197	116246	8.06e-07	55.4
ERR3077532.sra.7146	gi|118197482|ref|NC_008586.1|_Ecotropis_obliqua_NPV,_complete_genome	82.353	51	9	0	160	210	28647	28597	9.82e-06	51.8
ERR3077532.sra.7183	NC_022237_19478_21021	87.547	265	11	15	646	897	1	256	5.88e-75	282
ERR3077532.sra.7244	NC_022239_16927_18470	77.805	820	66	42	63	790	145	940	5.87e-163	574
ERR3077532.sra.7256	DQ160208	90.264	606	29	20	1488	2070	1	599	0.0	764
ERR3077532.sra.7376	NC_021350_359864_361325	71.698	477	108	16	534	993	1452	986	1.83e-51	205
ERR3077532.sra.7716	gi|313767999|ref|NC_014765.1|_Bathycoccus_sp._RCC1105_virus_BpV1,_complete_genome	74.126	143	29	3	2013	2152	11502	11365	3.01e-15	86.0
ERR3077532.sra.7740	AM238669	81.418	931	78	45	61	920	563	1469	0.0	782
ERR3077532.sra.7748	NC_022239_16927_18470	86.509	845	60	34	38	853	725	1544	0.0	906
ERR3077532.sra.7749	NC_022111_1520371_1521887	96.907	97	1	2	663	758	7	102	1.72e-36	154
ERR3077532.sra.7902	GU414239	86.364	220	11	9	2532	2737	1	215	1.95e-61	239
ERR3077532.sra.8448	NC_021350_359864_361325	66.990	412	98	21	749	1130	993	1396	1.61e-10	69.8
ERR3077532.sra.8461	NC_020450_475434_475549	81.690	71	10	3	395	463	19	88	2.37e-07	59.0
ERR3077532.sra.8847	AY277941	73.837	1483	200	88	368	1711	1434	1	0.0	699
ERR3077532.sra.8940	NC_021009_505857_508732	89.796	49	4	1	314	361	231	279	1.19e-08	62.6
ERR3077532.sra.8984	NC_021350_359864_361325	72.425	301	59	11	45	329	1278	986	2.45e-32	141
ERR3077532.sra.8989	NC_015875_2081382_2082934	82.075	424	34	22	376	773	1	408	6.64e-99	361
ERR3077532.sra.9041	gi|148828660|ref|NC_009560.1|_Tomato_yellow_leaf_curl_Vietnam_virus_satellite_DNA_beta,_complete_genome	72.115	104	27	1	64	165	1010	907	2.76e-06	55.4
ERR3077532.sra.9072	FJ577257	80.725	690	60	37	1222	1848	1457	778	2.36e-153	544
ERR3077532.sra.9129	NC_013016_142152_143695	87.379	103	4	3	2283	2379	1	100	3.26e-26	122
ERR3077532.sra.9348	AY277941	85.318	1478	90	69	1178	2581	84	1508	0.0	1490
ERR3077532.sra.9350	NC_021009_505857_508732	84.211	76	11	1	37	112	192	266	2.15e-14	80.6
ERR3077532.sra.9373	DQ160208	79.825	114	1	9	19	114	110	1	1.02e-14	82.4
ERR3077532.sra.9607	gi|158380386|ref|NC_009552.2|_Geobacillus_virus_E2,_complete_genome	73.333	135	30	4	334	464	37927	37795	1.02e-10	69.8
ERR3077532.sra.9734	L14327	90.217	92	5	3	30	118	96	6	6.60e-25	116
ERR3077532.sra.10130	NC_015875_2081382_2082934	90.625	224	7	8	54	270	217	1	3.59e-76	286
ERR3077532.sra.10252	gi|332290587|ref|NC_015467.1|_Groundnut_ringspot_and_Tomato_chlorotic_spot_virus_reassortant_segment_S,_complete_genome	80.000	70	11	1	2253	2322	1910	1844	3.18e-08	62.6
ERR3077532.sra.10447	NC_021350_359864_361325	75.758	99	16	3	171	261	1093	995	1.16e-08	64.4
ERR3077532.sra.10621	gi|340025671|ref|NC_000852.5|_Paramecium_bursaria_Chlorella_virus_1,_complete_genome	83.929	56	7	2	552	606	165338	165392	4.88e-06	53.6
ERR3077532.sra.10621	gi|340025671|ref|NC_000852.5|_Paramecium_bursaria_Chlorella_virus_1,_complete_genome	83.929	56	7	2	552	606	165511	165565	4.88e-06	53.6
ERR3077532.sra.10621	gi|340025671|ref|NC_000852.5|_Paramecium_bursaria_Chlorella_virus_1,_complete_genome	83.929	56	7	2	552	606	165717	165771	4.88e-06	53.6
ERR3077532.sra.10666	AF104671	85.495	455	25	22	875	1302	1544	1104	1.55e-128	461
ERR3077532.sra.11002	NC_021350_359864_361325	71.326	279	68	5	1114	1385	1452	1179	4.58e-29	131
ERR3077532.sra.11035	gi|119953744|ref|NC_008724.1|_Acanthocystis_turfacea_Chlorella_virus_1,_complete_genome	83.333	54	8	1	264	316	268465	268412	9.61e-06	53.6
ERR3077532.sra.11148	NC_021350_359864_361325	73.140	242	42	13	8	233	1278	1044	1.21e-21	105
ERR3077532.sra.11197	NC_003454_451529_453030	91.736	121	6	3	50	169	1368	1485	8.81e-39	163
ERR3077532.sra.11218	gi|313767999|ref|NC_014765.1|_Bathycoccus_sp._RCC1105_virus_BpV1,_complete_genome	69.192	198	46	8	639	825	11367	11560	3.26e-08	60.8
ERR3077532.sra.11424	NC_022111_1520371_1521887	88.333	60	3	2	20	78	91	35	2.94e-11	71.6
ERR3077532.sra.11456	NC_022237_19478_21021	77.232	896	97	47	357	1169	1530	659	5.89e-165	581
ERR3077532.sra.11487	NC_015875_2081382_2082934	81.122	196	23	10	18	207	188	1	1.31e-36	154
ERR3077532.sra.11527	NC_022239_16927_18470	79.551	445	49	23	404	817	1542	1109	1.44e-88	327
ERR3077532.sra.11635	NC_022245_16649_18192	84.293	764	65	34	640	1381	1	731	0.0	733
ERR3077532.sra.11785	AF104671	87.225	1182	57	45	332	1461	1544	405	0.0	1333
ERR3077532.sra.11789	gi|506498610|ref|NC_021249.1|_Choristoneura_rosaceana_entomopoxvirus_'L',_complete_genome	81.132	106	16	1	2	107	220810	220911	4.45e-20	100
ERR3077532.sra.11846	gi|660515655|ref|NC_024451.1|_Armadillidium_vulgare_iridescent_virus_complete_genome	81.967	61	9	1	10	70	77934	77992	7.54e-08	59.0
ERR3077532.sra.11893	NC_022606_130694_132258	97.297	37	0	1	1175	1210	1	37	1.65e-07	59.0
ERR3077532.sra.12006	NC_022111_1520371_1521887	89.796	98	5	4	1845	1938	2	98	3.23e-25	118
ERR3077532.sra.12106	gi|157952304|ref|NC_009898.1|_Paramecium_bursaria_Chlorella_virus_NY2A,_complete_genome	87.500	48	5	1	247	293	199188	199141	4.44e-07	57.2
ERR3077532.sra.12148	NC_021009_505857_508732	78.947	114	20	4	270	381	297	186	9.08e-15	84.2
ERR3077532.sra.12308	NC_021350_359864_361325	70.820	305	75	10	751	1045	986	1286	6.02e-25	116
ERR3077532.sra.12320	NC_022245_16649_18192	90.769	195	5	7	651	839	1531	1344	9.29e-66	251
ERR3077532.sra.12327	L16470	89.815	108	3	4	536	635	1	108	3.84e-31	136
ERR3077532.sra.12330	NC_022111_1520371_1521887	84.000	100	8	4	37	131	97	1	1.12e-19	98.7
ERR3077532.sra.12491	NC_017511_1177616_1179168	83.654	104	7	5	1266	1359	1553	1450	2.12e-19	98.7
ERR3077532.sra.12505	NC_022111_1520371_1521887	89.720	107	2	4	23	122	105	1	1.62e-30	134
ERR3077532.sra.12608	AY986762	84.839	1550	89	68	62	1498	1	1517	0.0	1561
ERR3077532.sra.12668	AF432133	90.642	545	18	21	436	961	1505	975	0.0	688
ERR3077532.sra.12675	NC_014370_369973_371450	89.831	118	5	4	28	140	116	1	5.56e-34	147
ERR3077532.sra.12768	NC_022111_1520371_1521887	80.702	285	29	11	78	342	1237	1515	1.55e-62	241
ERR3077532.sra.12781	gi|310830989|ref|NC_014637.1|_Cafeteria_roenbergensis_virus_BV-PW1,_complete_genome	83.929	56	7	2	438	492	509021	509075	5.74e-06	53.6
ERR3077532.sra.12826	NC_018081_587633_589195	84.756	164	11	7	363	516	1	160	6.36e-40	165
ERR3077532.sra.13019	AY986762	81.860	645	57	34	459	1063	1517	893	2.01e-151	536
ERR3077532.sra.13092	GU361860	90.123	81	3	4	605	682	20	98	3.62e-19	96.9
ERR3077532.sra.13363	NC_014370_369973_371450	81.630	920	64	47	1197	2032	1	899	0.0	780
ERR3077532.sra.13412	NC_021350_359864_361325	71.622	296	69	9	19	302	1278	986	7.59e-29	129
ERR3077532.sra.13424	NC_016516_588270_589799	97.297	37	0	1	1431	1466	1	37	2.00e-07	59.0
ERR3077532.sra.13485	NC_014370_369973_371450	89.157	83	4	3	969	1047	26	107	4.62e-20	100
ERR3077532.sra.13504	NC_022111_1520371_1521887	92.553	94	2	4	940	1029	5	97	1.14e-27	125
ERR3077532.sra.13590	gi|660515655|ref|NC_024451.1|_Armadillidium_vulgare_iridescent_virus_complete_genome	81.967	61	9	1	64	124	77934	77992	2.11e-07	59.0
ERR3077532.sra.13632	NC_021020_589522_591540	69.583	240	46	9	1787	2003	2	237	6.64e-16	87.8
ERR3077532.sra.13739	gi|62443971|ref|NC_006967.1|_Deerpox_virus_W-1170-84,_complete_genome	90.000	40	4	0	481	520	139328	139367	1.24e-06	55.4
ERR3077532.sra.13785	GU361860	92.553	94	3	3	1254	1345	1	92	1.24e-28	129
ERR3077532.sra.13839	AY986762	83.905	845	47	46	36	813	1228	406	0.0	783
ERR3077532.sra.13854	NC_017673_449361_451191	85.813	289	23	12	35	313	1372	1652	5.54e-80	298
ERR3077532.sra.13854	NC_017673_449361_451191	83.158	190	19	9	403	581	1644	1831	1.94e-41	170
ERR3077532.sra.13991	AF481217	84.774	729	55	34	1645	2332	1473	760	0.0	711
ERR3077532.sra.14005	AF287809	76.612	667	91	39	77	705	872	1511	2.84e-105	383
ERR3077532.sra.14207	NC_022226_483035_484865	85.829	374	23	17	314	670	1650	1290	1.44e-106	387
ERR3077532.sra.14207	NC_022226_483035_484865	82.530	166	9	11	79	224	1813	1648	1.19e-31	138
ERR3077532.sra.14234	AY277941	87.549	1526	79	65	685	2124	1501	1	0.0	1703
ERR3077532.sra.14236	AY986762	87.174	959	64	32	401	1318	1513	573	0.0	1085
ERR3077532.sra.14245	NC_013853_16701_18238	84.641	612	48	30	17	594	802	1401	1.07e-166	587
ERR3077532.sra.14249	NC_009614_346743_348252	78.723	94	10	6	33	117	1418	1510	5.70e-09	62.6
ERR3077532.sra.14260	gi|9628932|ref|NC_001731.1|_Molluscum_contagiosum_virus_subtype_1,_complete_genome	78.495	93	13	4	608	700	10417	10502	1.31e-09	66.2
ERR3077532.sra.14260	gi|9628932|ref|NC_001731.1|_Molluscum_contagiosum_virus_subtype_1,_complete_genome	77.419	93	11	4	608	700	10393	10475	4.58e-09	64.4
ERR3077532.sra.14260	gi|9628932|ref|NC_001731.1|_Molluscum_contagiosum_virus_subtype_1,_complete_genome	76.136	88	17	2	608	695	10441	10524	1.95e-07	59.0
ERR3077532.sra.14260	gi|9628932|ref|NC_001731.1|_Molluscum_contagiosum_virus_subtype_1,_complete_genome	79.167	72	14	1	629	700	10450	10520	1.95e-07	59.0
ERR3077532.sra.14260	gi|9628932|ref|NC_001731.1|_Molluscum_contagiosum_virus_subtype_1,_complete_genome	80.882	68	6	3	633	700	10391	10451	6.80e-07	57.2
ERR3077532.sra.14432	NC_014370_369973_371450	92.793	111	2	6	642	748	1	109	3.06e-33	143
ERR3077532.sra.14453	NC_014976_2221825_2223383	97.619	42	0	1	16	57	46	6	2.80e-10	68.0
ERR3077532.sra.14666	NC_021350_359864_361325	68.699	492	115	23	619	1095	1452	985	2.16e-27	125
ERR3077532.sra.14683	gi|506497718|ref|NC_021246.1|_Mythimna_separata_entomopoxvirus_'L',_complete_genome	86.275	51	4	2	572	621	167228	167180	5.59e-06	55.4
ERR3077532.sra.14723	NC_017673_449361_451191	85.695	748	43	27	626	1323	1680	947	0.0	803
ERR3077532.sra.14723	NC_017673_449361_451191	91.489	188	6	7	366	547	1831	1648	2.19e-63	244
ERR3077532.sra.14845	KM370114.1_Malassezia_furfur_strain_150.3_18S_ribosomal_RNA_gene_5.8S	89.130	46	4	1	1099	1144	1285	1241	7.23e-07	57.2
ERR3077532.sra.14883	DQ160208	86.831	729	41	42	539	1226	1446	732	0.0	742
ERR3077532.sra.15117	gi|113200747|ref|NC_008300.1|_Melon_yellow_spot_virus_segment_S,_complete_sequence	78.313	83	16	1	7	89	1892	1972	7.62e-10	66.2
ERR3077532.sra.15240	NC_022111_1520371_1521887	93.204	103	3	3	4313	4412	102	1	6.57e-33	145
ERR3077532.sra.15369	gi|9625955|ref|NC_001350.1|_Saimiriine_herpesvirus_2_complete_genome	77.273	110	17	4	1113	1217	106691	106797	3.47e-12	75.2
ERR3077532.sra.15369	gi|9625955|ref|NC_001350.1|_Saimiriine_herpesvirus_2_complete_genome	73.874	111	16	4	1113	1217	106541	106644	6.28e-09	64.4
ERR3077532.sra.15369	gi|9625955|ref|NC_001350.1|_Saimiriine_herpesvirus_2_complete_genome	73.874	111	16	4	1113	1217	106631	106734	6.28e-09	64.4
ERR3077532.sra.15369	gi|9625955|ref|NC_001350.1|_Saimiriine_herpesvirus_2_complete_genome	75.269	93	20	1	1113	1202	106721	106813	2.19e-08	62.6
ERR3077532.sra.15369	gi|9625955|ref|NC_001350.1|_Saimiriine_herpesvirus_2_complete_genome	75.269	93	17	2	1113	1202	106610	106699	7.65e-08	60.8
ERR3077532.sra.15369	gi|9625955|ref|NC_001350.1|_Saimiriine_herpesvirus_2_complete_genome	72.566	113	17	4	1113	1217	106760	106866	2.67e-07	59.0
ERR3077532.sra.15410	gi|340025671|ref|NC_000852.5|_Paramecium_bursaria_Chlorella_virus_1,_complete_genome	83.607	61	6	2	118	174	165432	165492	1.92e-08	60.8
ERR3077532.sra.15410	gi|340025671|ref|NC_000852.5|_Paramecium_bursaria_Chlorella_virus_1,_complete_genome	81.967	61	7	2	118	174	165259	165319	8.18e-07	55.4
ERR3077532.sra.15718	NC_017591_15331_16889	85.580	319	21	13	29	328	1241	1553	2.96e-90	333
ERR3077532.sra.15779	NC_022111_1520371_1521887	89.216	102	2	5	422	517	1	99	2.39e-26	120
ERR3077532.sra.15785	AY323524	80.925	173	14	8	938	1096	1506	1339	1.31e-33	145
ERR3077532.sra.15965	NC_015875_2081382_2082934	84.324	185	13	10	28	200	187	7	4.88e-42	172
ERR3077532.sra.15994	gi|509139559|ref|NC_021320.1|_Halovirus_HRTV-5,_complete_genome	87.273	55	6	1	1663	1717	55936	55883	8.38e-09	64.4
ERR3077532.sra.15997	NC_017673_449361_451191	82.814	1379	95	64	156	1428	1831	489	0.0	1258
ERR3077532.sra.16077	gi|363539767|ref|NC_016072.1|_Megavirus_chiliensis,_complete_genome	88.889	45	5	0	1734	1778	552534	552578	2.44e-07	59.0
ERR3077532.sra.16164	AM420209	90.654	107	6	3	20	123	106	1	1.14e-31	138
ERR3077532.sra.16192	AY986762	83.654	1505	111	77	32	1451	55	1509	0.0	1380
ERR3077532.sra.16212	L14326	81.422	1561	127	87	188	1642	27	1530	0.0	1263
ERR3077532.sra.16286	NC_018081_587633_589195	82.474	194	14	10	40	225	187	6	3.19e-41	170
ERR3077532.sra.16389	NC_022111_1520371_1521887	88.288	111	6	5	99	207	106	1	1.32e-27	125
ERR3077532.sra.16577	U13039	91.489	94	3	3	18	107	93	1	8.52e-28	125
ERR3077532.sra.16646	NC_009802_708608_710065	83.019	106	13	4	42	142	106	1	3.09e-19	96.9
ERR3077532.sra.16702	X84006	88.354	1142	56	41	191	1278	1513	395	0.0	1346
ERR3077532.sra.16737	NC_022111_1520371_1521887	85.781	640	35	33	253	847	1517	889	0.0	646
ERR3077532.sra.16818	NC_022111_1520371_1521887	79.000	100	9	6	56	145	98	1	8.19e-11	69.8
ERR3077532.sra.16984	NC_021040_348381_351031	75.214	117	18	7	1113	1224	2588	2478	1.68e-07	59.0
ERR3077532.sra.17062	NC_022111_1520371_1521887	90.741	108	1	4	27	133	106	7	4.07e-32	140
ERR3077532.sra.17161	NC_021009_505857_508732	72.269	119	25	3	556	666	439	321	5.79e-08	60.8
ERR3077532.sra.17169	AY005068	93.519	108	3	4	42	146	107	1	1.27e-34	149
ERR3077532.sra.17178	NC_009614_346743_348252	81.250	112	12	6	684	790	1509	1402	6.27e-17	89.7
ERR3077532.sra.17446	NC_014370_369973_371450	88.991	109	7	3	1322	1425	1	109	3.08e-30	134
ERR3077532.sra.17462	gi|506497718|ref|NC_021246.1|_Mythimna_separata_entomopoxvirus_'L',_complete_genome	79.412	68	12	2	341	407	87048	87114	9.95e-06	53.6
ERR3077532.sra.17475	NC_022111_1520371_1521887	85.556	450	27	19	2	420	443	1	3.17e-130	468
ERR3077532.sra.17567	NC_022239_16927_18470	78.770	683	60	42	235	845	1535	866	2.34e-130	466
ERR3077532.sra.17573	gi|506498026|ref|NC_021247.1|_Adoxophyes_honmai_enomopoxvirus_'L',_complete_genome	75.556	90	14	3	610	697	186063	185980	1.47e-06	57.2
ERR3077532.sra.17577	NC_022239_16927_18470	87.870	676	30	27	411	1040	1544	875	0.0	774
ERR3077532.sra.17602	NC_009443_16967_18518	92.857	42	2	1	1013	1054	3	43	1.43e-07	59.0
ERR3077532.sra.17680	gi|310830989|ref|NC_014637.1|_Cafeteria_roenbergensis_virus_BV-PW1,_complete_genome	78.667	75	11	3	219	291	13291	13362	8.35e-07	55.4
ERR3077532.sra.17743	GU361860	86.000	100	3	7	993	1084	1	97	5.88e-19	96.9
ERR3077532.sra.17892	NC_014498_31096_32654	93.878	49	2	1	57	105	48	1	4.68e-11	71.6
ERR3077532.sra.18047	NC_022111_1520371_1521887	85.047	107	6	4	25	123	105	1	9.50e-24	113
ERR3077532.sra.18097	NC_022111_1520371_1521887	84.507	71	4	3	1226	1292	30	97	2.80e-11	71.6
ERR3077532.sra.18166	NC_015558_18046_19589	71.676	173	17	10	345	487	1540	1370	8.99e-13	75.2
ERR3077532.sra.18176	NC_017038_2449904_2451392	97.143	35	0	1	586	619	1455	1489	2.78e-06	55.4
ERR3077532.sra.18181	AY277941	84.756	1148	71	53	359	1433	1508	392	0.0	1137
ERR3077532.sra.18185	NC_014370_369973_371450	85.455	110	4	4	486	584	1	109	2.71e-26	120
ERR3077532.sra.18325	gi|310830989|ref|NC_014637.1|_Cafeteria_roenbergensis_virus_BV-PW1,_complete_genome	83.019	53	7	1	452	504	523256	523306	6.48e-06	53.6
ERR3077532.sra.18366	NC_022111_1520371_1521887	88.785	107	7	5	19	123	104	1	1.48e-26	122
ERR3077532.sra.18376	NC_014370_369973_371450	96.226	106	2	2	18	122	111	7	2.25e-40	167
ERR3077532.sra.18400	AY277941	90.065	1530	58	60	366	1823	1508	1	0.0	1889
ERR3077532.sra.18401	NC_021350_359864_361325	70.968	217	47	10	104	311	1118	1327	1.24e-12	77.0
ERR3077532.sra.18489	AF385518	87.675	1428	82	55	468	1820	1502	94	0.0	1620
ERR3077532.sra.18557	NC_014370_369973_371450	88.034	117	6	2	47	156	116	1	3.17e-34	147
ERR3077532.sra.18642	NC_014370_369973_371450	78.761	113	13	7	499	606	1	107	1.05e-12	75.2
ERR3077532.sra.18708	AM420209	82.474	97	11	4	1712	1802	1	97	1.78e-15	86.0
ERR3077532.sra.18792	NC_022606_130694_132258	90.909	44	3	1	17	60	43	1	2.19e-07	59.0
ERR3077532.sra.18861	gi|313767999|ref|NC_014765.1|_Bathycoccus_sp._RCC1105_virus_BpV1,_complete_genome	67.982	228	51	11	460	675	11214	11431	5.22e-06	53.6
ERR3077532.sra.18864	AY689228	85.849	106	3	4	37	137	99	1	1.16e-24	116
ERR3077532.sra.18888	FJ577257	84.793	822	63	42	477	1254	1503	700	0.0	785
ERR3077532.sra.19075	L16471	84.259	108	12	3	952	1055	1	107	2.58e-23	111
ERR3077532.sra.19235	NC_022111_1520371_1521887	86.065	897	65	37	2	865	364	1233	0.0	942
ERR3077532.sra.19259	AY879305	77.437	1077	122	64	299	1274	1491	435	0.0	668
ERR3077532.sra.19295	NC_014655_2377874_2379362	100.000	36	0	0	1312	1347	1488	1453	1.23e-09	66.2
ERR3077532.sra.19363	NC_014370_369973_371450	93.407	91	3	3	59	148	89	1	5.54e-28	127
ERR3077532.sra.19385	NC_022111_1520371_1521887	87.500	104	5	4	44	141	102	1	1.67e-25	118
ERR3077532.sra.19486	L06168	82.328	232	19	13	27	242	226	1	1.54e-48	196
ERR3077532.sra.19676	NC_022239_16927_18470	83.764	542	29	33	431	943	1542	1031	2.96e-136	486
ERR3077532.sra.19774	gi|109255272|ref|NC_008168.1|_Choristoneura_occidentalis_granulovirus,_complete_genome	85.938	64	5	2	4779	4838	20023	19960	3.81e-10	69.8
ERR3077532.sra.19836	gi|9632386|ref|NC_002050.1|_Tomato_spotted_wilt_virus_RNA_M,_complete_sequence	82.090	67	12	0	474	540	1182	1248	3.71e-10	68.0
ERR3077532.sra.20208	gi|506498274|ref|NC_021248.1|_Choristoneura_biennis_entomopoxvirus_'L',_complete_genome	88.095	42	5	0	1360	1401	235965	235924	9.73e-06	53.6
ERR3077532.sra.20235	gi|62443971|ref|NC_006967.1|_Deerpox_virus_W-1170-84,_complete_genome	83.333	60	7	3	1257	1314	154366	154424	9.84e-06	53.6
ERR3077532.sra.20260	NC_015875_2081382_2082934	87.831	189	7	6	1123	1297	187	1	2.53e-57	224
ERR3077532.sra.20392	NC_022124_39613_41129	84.733	655	45	31	40	655	879	1517	0.0	641
ERR3077532.sra.20664	DQ160208	87.033	1018	49	44	2316	3286	482	1463	0.0	1119
ERR3077532.sra.20833	NC_003454_451529_453030	79.808	104	9	5	61	155	1402	1502	9.69e-15	82.4
ERR3077532.sra.20854	NC_018081_587633_589195	86.517	178	13	8	47	215	181	6	2.49e-46	187
ERR3077532.sra.20891	NC_022245_16649_18192	81.624	234	30	8	31	259	1309	1534	9.68e-52	205
ERR3077532.sra.20956	gi|9632388|ref|NC_002051.1|_Tomato_spotted_wilt_virus_RNA_S,_complete_sequence	76.190	105	24	1	8	112	1691	1588	1.00e-11	73.4
ERR3077532.sra.21047	gi|426202315|ref|NC_003225.2|_Shrimp_white_spot_syndrome_virus,_complete_genome	82.353	68	5	4	2263	2324	181797	181731	1.12e-06	57.2
ERR3077532.sra.21141	NC_021281_93861_95367	85.852	622	45	23	3324	3909	1229	615	0.0	661
ERR3077532.sra.21254	AM420209	97.030	101	2	1	45	144	101	1	1.76e-39	165
ERR3077532.sra.21629	NC_014370_369973_371450	81.481	81	6	4	424	500	13	88	1.24e-10	69.8
ERR3077532.sra.21749	NC_015875_2081382_2082934	82.623	305	21	16	292	569	22	321	8.32e-71	268
ERR3077532.sra.21756	NC_020450_475434_475549	77.528	89	17	3	1752	1840	14	99	7.79e-08	60.8
ERR3077532.sra.21816	gi|363539767|ref|NC_016072.1|_Megavirus_chiliensis,_complete_genome	71.429	133	36	2	572	703	550530	550399	1.83e-08	62.6
ERR3077532.sra.21856	NC_021281_93861_95367	79.946	369	31	22	2571	2911	1506	1153	5.26e-71	271
ERR3077532.sra.21899	AY005038	82.456	570	50	28	1350	1881	1084	527	3.12e-139	497
ERR3077532.sra.21912	NC_017595_14961_16496	82.530	166	16	8	537	698	1528	1372	8.28e-34	145
ERR3077532.sra.22000	NC_021020_589522_591540	70.270	185	38	8	4410	4577	1	185	5.49e-09	66.2
ERR3077532.sra.22059	AJ583190	83.636	55	8	1	39	93	74	21	1.01e-06	55.4
ERR3077532.sra.22160	gi|113200747|ref|NC_008300.1|_Melon_yellow_spot_virus_segment_S,_complete_sequence	75.510	98	23	1	20	116	1875	1972	2.51e-09	66.2
ERR3077532.sra.22218	gi|190643496|ref|NC_010991.1|_Alternaria_alternata_dsRNA_mycovirus_segment_S,_complete_sequence	89.231	65	6	1	2144	2208	1420	1357	3.92e-14	82.4
ERR3077532.sra.22237	NC_014498_31096_32654	90.196	51	2	3	20	70	48	1	2.22e-07	59.0
ERR3077532.sra.22326	NC_022244_15977_17520	75.802	748	91	46	500	1186	825	1543	3.71e-112	407
ERR3077532.sra.22379	AY277941	84.543	1061	65	53	1439	2429	1508	477	0.0	1025
ERR3077532.sra.22666	AY349396	87.688	333	21	12	119	439	1523	1199	8.72e-104	379
ERR3077532.sra.22713	gi|146411807|ref|NC_009449.1|_Honeysuckle_yellow_vein_beta-[Japan:Fukui:2001],_complete_genome	82.258	62	11	0	8	69	913	852	1.74e-08	62.6
ERR3077532.sra.22939	gi|42733078|ref|NC_005497.1|_Tomato_leaf_curl_Java_virus-[Ageratum]_satellite_DNA,_complete_genome	70.073	137	30	3	1	126	954	818	3.95e-07	59.0
ERR3077532.sra.22994	gi|51557483|ref|NC_006151.1|_Suid_herpesvirus_1,_complete_genome	73.529	102	24	2	611	709	111514	111615	6.06e-07	57.2
ERR3077532.sra.22994	gi|51557483|ref|NC_006151.1|_Suid_herpesvirus_1,_complete_genome	73.529	102	24	2	611	709	133088	132987	6.06e-07	57.2
ERR3077532.sra.23019	gi|301173441|ref|NC_014325.1|_Bidens_mottle_virus,_complete_genome	98.077	52	0	1	45	96	9741	9691	1.18e-15	86.0
ERR3077532.sra.23318	AY986762	87.469	1229	47	63	4206	5375	334	1514	0.0	1335
ERR3077532.sra.23375	NC_018495_169966_171489	84.211	57	7	2	89	144	59	4	2.50e-06	55.4
ERR3077532.sra.23423	NC_021040_348381_351031	80.000	90	12	4	3990	4076	2583	2497	3.18e-10	69.8
ERR3077532.sra.23424	gi|310830989|ref|NC_014637.1|_Cafeteria_roenbergensis_virus_BV-PW1,_complete_genome	75.824	91	19	2	1210	1298	451401	451312	1.89e-07	59.0
ERR3077532.sra.23468	NC_021350_359864_361325	70.470	298	65	9	10	289	1278	986	5.48e-26	122
ERR3077532.sra.23518	gi|17974913|ref|NC_003310.1|_Monkeypox_virus_Zaire-96-I-16,_complete_genome	75.269	93	19	3	2327	2417	138417	138327	5.52e-06	55.4
