ERR3077533.sra.4	CP000725	86.680	1524	72	76	990	2420	1486	1	0.0	1609
ERR3077533.sra.77	CP000725	89.040	1177	43	42	2674	3790	1508	358	0.0	1429
ERR3077533.sra.118	gi|313843970|ref|NC_014766.1|_Ostreococcus_lucimarinus_virus_OlV1,_complete_genome	73.846	130	29	3	3349	3474	15968	16096	2.41e-11	73.4
ERR3077533.sra.309	NC_015215_16481_18017	74.797	1599	259	74	457	1973	1	1537	0.0	863
ERR3077533.sra.380	gi|9627210|ref|NC_001550.1|_Mason-Pfizer_monkey_virus,_complete_genome	84.906	53	8	0	545	597	8353	8301	5.60e-08	60.8
ERR3077533.sra.405	AY879305	87.248	596	42	21	49	619	932	1518	0.0	668
ERR3077533.sra.527	NC_003028_15344_16903	82.031	128	6	10	69	181	126	1	4.26e-19	98.7
ERR3077533.sra.547	NC_021350_359864_361325	69.038	239	60	6	1320	1549	1366	1133	8.62e-15	84.2
ERR3077533.sra.597	NC_021350_359864_361325	67.898	433	106	21	464	884	986	1397	3.55e-16	89.7
ERR3077533.sra.624	NC_013715_1592163_1593688	83.149	362	27	17	3433	3773	1	349	1.61e-89	333
ERR3077533.sra.715	NC_020450_475434_475549	78.889	90	14	3	2840	2927	105	19	1.16e-09	68.0
ERR3077533.sra.817	NC_013715_1592163_1593688	87.806	1550	76	65	1602	3064	1524	1	0.0	1752
ERR3077533.sra.947	NC_015964_438409_439961	84.809	994	60	47	57	972	573	1553	0.0	982
ERR3077533.sra.1031	gi|509139559|ref|NC_021320.1|_Halovirus_HRTV-5,_complete_genome	86.207	58	6	2	289	345	55881	55937	2.91e-08	62.6
ERR3077533.sra.1068	FJ577258	87.619	105	1	4	2340	2434	1480	1378	9.76e-27	123
ERR3077533.sra.1090	NC_021023_3630_5178	76.283	1033	127	64	104	1040	405	1415	4.62e-163	576
ERR3077533.sra.1303	AY879305	82.073	714	53	34	55	708	820	1518	1.17e-177	625
ERR3077533.sra.1365	gi|9633809|ref|NC_001266.1|_Rabbit_fibroma_virus,_complete_genome	76.220	164	29	9	1607	1767	143589	143745	2.47e-16	89.7
ERR3077533.sra.1365	gi|9633809|ref|NC_001266.1|_Rabbit_fibroma_virus,_complete_genome	74.522	157	29	9	1559	1711	143593	143742	1.90e-11	73.4
ERR3077533.sra.1365	gi|9633809|ref|NC_001266.1|_Rabbit_fibroma_virus,_complete_genome	75.556	135	24	7	1547	1678	143596	143724	6.63e-11	71.6
ERR3077533.sra.1365	gi|9633809|ref|NC_001266.1|_Rabbit_fibroma_virus,_complete_genome	72.785	158	28	8	1499	1653	143600	143745	2.31e-10	69.8
ERR3077533.sra.1870	NC_017591_15331_16889	87.067	433	26	16	3696	4103	1559	1132	4.37e-135	484
ERR3077533.sra.1924	gi|113195177|ref|NC_008291.1|_Taterapox_virus,_complete_genome	70.256	195	26	14	134	325	184819	184984	3.04e-07	57.2
ERR3077533.sra.1924	gi|113195177|ref|NC_008291.1|_Taterapox_virus,_complete_genome	73.295	176	29	15	27	192	184820	184987	1.06e-06	55.4
ERR3077533.sra.1998	NC_006449_17815_19369	89.189	259	13	7	2779	3025	1555	1300	6.67e-87	324
ERR3077533.sra.2016	AF016390	83.256	1290	97	60	89	1302	247	1493	0.0	1189
ERR3077533.sra.2073	NC_021040_348381_351031	78.528	163	29	6	3187	3346	2594	2435	7.28e-24	114
ERR3077533.sra.2168	CP000725	89.016	965	35	37	48	949	957	1	0.0	1160
ERR3077533.sra.2231	NC_013203_1457029_1458528	73.550	862	117	59	80	858	888	55	1.80e-98	361
ERR3077533.sra.2423	AY879305	82.900	1538	105	74	1103	2507	1518	6	0.0	1397
ERR3077533.sra.2524	NC_021350_359864_361325	72.318	466	114	12	730	1188	1452	995	9.62e-56	219
ERR3077533.sra.2573	X80413	84.055	947	62	37	2709	3581	1416	485	0.0	940
ERR3077533.sra.2880	NC_015875_2081382_2082934	85.567	679	33	27	66	704	657	4	0.0	720
ERR3077533.sra.2901	AF287816	87.517	737	39	27	93	796	727	1443	0.0	841
ERR3077533.sra.2912	CP000725	85.133	1547	101	67	1279	2737	1	1506	0.0	1568
ERR3077533.sra.2971	gi|313768203|ref|NC_014767.1|_Micromonas_sp._RCC1109_virus_MpV1,_complete_genome	76.768	99	15	4	1618	1710	11550	11646	1.30e-08	64.4
ERR3077533.sra.3032	NC_021040_348381_351031	78.947	114	18	3	536	647	2480	2589	3.44e-16	89.7
ERR3077533.sra.3056	NC_021040_348381_351031	81.818	121	14	7	179	293	2480	2598	4.56e-18	95.1
ERR3077533.sra.3059	AJ635359	85.660	1576	94	69	1505	2995	1	1529	0.0	1633
ERR3077533.sra.3073	NC_014363_159965_161467	83.031	1544	110	76	946	2378	1503	1	0.0	1398
ERR3077533.sra.3133	AY879305	81.777	1542	134	68	243	1666	6	1518	0.0	1341
ERR3077533.sra.3160	gi|509139559|ref|NC_021320.1|_Halovirus_HRTV-5,_complete_genome	88.333	60	6	1	3331	3390	55879	55937	2.21e-11	73.4
ERR3077533.sra.3202	AJ271894	88.073	1266	75	48	67	1286	157	1392	0.0	1456
ERR3077533.sra.3218	gi|472342562|ref|NC_020864.1|_Micromonas_pusilla_virus_12T_genomic_sequence	69.274	179	42	5	2628	2793	195897	195719	9.90e-09	64.4
ERR3077533.sra.3275	NC_021350_359864_361325	73.115	305	66	12	594	890	1438	1142	6.73e-32	141
ERR3077533.sra.3612	CP000725	81.266	1564	130	88	1445	2901	3	1510	0.0	1251
ERR3077533.sra.3651	NC_021040_348381_351031	77.477	111	15	7	526	628	2481	2589	3.80e-09	66.2
ERR3077533.sra.3821	AY879305	88.221	815	32	32	1404	2164	1518	714	0.0	951
ERR3077533.sra.3885	gi|50313241|ref|NC_001491.2|_Equid_herpesvirus_1,_complete_genome	85.455	55	3	3	1012	1066	73888	73937	3.89e-06	55.4
ERR3077533.sra.3885	gi|50313241|ref|NC_001491.2|_Equid_herpesvirus_1,_complete_genome	85.455	55	3	3	1012	1066	73920	73969	3.89e-06	55.4
ERR3077533.sra.3885	gi|50313241|ref|NC_001491.2|_Equid_herpesvirus_1,_complete_genome	85.455	55	3	3	1012	1066	73952	74001	3.89e-06	55.4
ERR3077533.sra.3885	gi|50313241|ref|NC_001491.2|_Equid_herpesvirus_1,_complete_genome	85.455	55	3	3	1012	1066	73984	74033	3.89e-06	55.4
ERR3077533.sra.3885	gi|50313241|ref|NC_001491.2|_Equid_herpesvirus_1,_complete_genome	85.455	55	3	3	1012	1066	74016	74065	3.89e-06	55.4
ERR3077533.sra.3885	gi|50313241|ref|NC_001491.2|_Equid_herpesvirus_1,_complete_genome	85.455	55	3	3	1012	1066	74048	74097	3.89e-06	55.4
ERR3077533.sra.3885	gi|50313241|ref|NC_001491.2|_Equid_herpesvirus_1,_complete_genome	85.455	55	3	3	1012	1066	74080	74129	3.89e-06	55.4
ERR3077533.sra.3885	gi|50313241|ref|NC_001491.2|_Equid_herpesvirus_1,_complete_genome	85.455	55	3	3	1012	1066	74112	74161	3.89e-06	55.4
ERR3077533.sra.3905	NC_014643_985110_986624	87.048	1189	47	58	65	1173	1162	1	0.0	1285
ERR3077533.sra.4017	NC_021040_348381_351031	77.692	130	24	5	280	405	2469	2597	3.42e-15	86.0
ERR3077533.sra.4065	AF145242	84.484	1057	72	47	107	1101	479	1505	0.0	1040
ERR3077533.sra.4255	NC_013715_1592163_1593688	88.329	1251	65	52	838	2037	1526	306	0.0	1436
ERR3077533.sra.4333	NC_013203_1457029_1458528	87.234	1363	67	62	53	1327	157	1500	0.0	1490
ERR3077533.sra.4401	NC_021350_359864_361325	69.620	237	54	10	348	569	1369	1136	3.75e-12	75.2
ERR3077533.sra.4404	NC_021040_348381_351031	77.228	101	14	4	627	719	2499	2598	3.21e-10	69.8
ERR3077533.sra.4405	gi|9633809|ref|NC_001266.1|_Rabbit_fibroma_virus,_complete_genome	71.765	170	32	10	346	513	143590	143745	7.84e-08	60.8
ERR3077533.sra.4405	gi|9633809|ref|NC_001266.1|_Rabbit_fibroma_virus,_complete_genome	72.340	141	26	8	416	552	143596	143727	3.33e-06	55.4
ERR3077533.sra.4438	gi|310830989|ref|NC_014637.1|_Cafeteria_roenbergensis_virus_BV-PW1,_complete_genome	72.973	111	27	3	1374	1481	451333	451443	3.47e-06	55.4
ERR3077533.sra.4441	NC_021350_359864_361325	67.886	246	63	10	2157	2389	1414	1172	1.59e-06	57.2
ERR3077533.sra.4449	CP000725	83.150	1549	117	78	391	1837	1	1507	0.0	1395
ERR3077533.sra.4454	NC_013714_1976919_1978437	86.677	623	24	28	87	657	892	1507	0.0	677
ERR3077533.sra.4554	NC_021009_505857_508732	83.871	62	8	2	2923	2984	237	296	1.28e-07	60.8
ERR3077533.sra.4634	AF292371	84.490	1470	87	77	705	2074	17	1445	0.0	1404
ERR3077533.sra.4847	gi|363539767|ref|NC_016072.1|_Megavirus_chiliensis,_complete_genome	81.818	55	10	0	2205	2259	552509	552563	7.60e-06	55.4
ERR3077533.sra.4879	gi|526118633|ref|NC_021858.1|_Pandoravirus_dulcis,_complete_genome	76.543	81	18	1	4079	4158	1347601	1347681	2.11e-06	57.2
ERR3077533.sra.4991	AF145242	88.667	900	47	35	1908	2764	1505	618	0.0	1058
ERR3077533.sra.5029	NC_021040_348381_351031	79.439	107	13	5	3185	3283	2585	2480	1.74e-13	80.6
ERR3077533.sra.5068	FJ983036	77.876	1478	129	99	1258	2602	5	1417	0.0	924
ERR3077533.sra.5089	gi|13242472|ref|NC_002687.1|_Ectocarpus_siliculosus_virus_1,_complete_genome	72.951	122	18	6	809	924	224330	224442	2.18e-07	59.0
ERR3077533.sra.5263	NC_014498_31096_32654	90.000	620	24	22	413	1000	1559	946	0.0	774
ERR3077533.sra.5423	NC_013853_16701_18238	88.291	632	30	29	3054	3657	9	624	0.0	715
ERR3077533.sra.5440	NC_009785_661162_662671	89.036	529	23	25	81	581	522	1	8.34e-174	612
ERR3077533.sra.5492	NC_021350_359864_361325	71.368	475	111	15	457	914	986	1452	1.43e-49	199
ERR3077533.sra.5547	gi|472342562|ref|NC_020864.1|_Micromonas_pusilla_virus_12T_genomic_sequence	68.478	276	67	9	866	1132	195723	195987	9.48e-15	84.2
ERR3077533.sra.5606	NC_013715_1592163_1593688	88.258	775	38	35	2071	2806	1	761	0.0	877
ERR3077533.sra.5641	NC_021018_3070260_3072809	85.294	68	4	3	2677	2739	196	262	2.34e-10	69.8
ERR3077533.sra.5717	gi|509140160|ref|NC_021327.1|_Halovirus_HCTV-5,_complete_genome	77.941	68	15	0	1450	1517	36840	36773	4.31e-06	55.4
ERR3077533.sra.5768	AF385545	89.796	245	14	7	54	288	244	1	3.33e-82	307
ERR3077533.sra.5873	L06171	84.413	1405	99	61	94	1433	127	1476	0.0	1384
ERR3077533.sra.6132	AY349364	86.346	1582	104	62	1009	2517	2	1544	0.0	1701
ERR3077533.sra.6283	NC_009785_661162_662671	85.128	1486	99	59	74	1454	42	1510	0.0	1528
ERR3077533.sra.6342	AY584476	83.897	1509	102	67	1784	3191	1469	1	0.0	1451
ERR3077533.sra.6413	AY879305	88.245	638	27	30	3416	4029	6	619	0.0	720
ERR3077533.sra.6426	NC_015875_2081382_2082934	86.719	512	24	23	63	547	495	1	4.00e-156	553
ERR3077533.sra.6486	gi|531034792|ref|NC_022098.1|_Pandoravirus_salinus,_complete_genome	84.615	52	7	1	1532	1583	68098	68048	6.83e-06	55.4
ERR3077533.sra.6491	gi|635546948|ref|NC_024113.1|_Jingmen_Tick_Virus_isolate_SY84_segment_1,_complete_sequence	97.297	37	1	0	2195	2231	3065	3101	3.87e-08	62.6
ERR3077533.sra.6560	gi|472341127|ref|NC_020852.1|_Ostreococcus_lucimarinus_virus_OlV5_genomic_sequence	76.000	75	18	0	212	286	175612	175686	5.35e-06	55.4
ERR3077533.sra.6597	CP000725	83.355	1550	108	72	505	1947	1510	4	0.0	1443
ERR3077533.sra.6599	NC_018089_16891_18450	100.000	46	0	0	463	508	1560	1515	1.70e-15	84.2
ERR3077533.sra.6672	NC_009785_661162_662671	87.793	1024	59	39	83	1050	1014	1	0.0	1168
ERR3077533.sra.6706	AY879305	85.375	253	11	13	64	294	254	6	3.30e-66	255
ERR3077533.sra.6709	NC_013715_1592163_1593688	81.111	630	39	39	1638	2203	1520	907	3.74e-139	497
ERR3077533.sra.6738	NC_013714_1976919_1978437	85.269	1541	88	68	1185	2608	1	1519	0.0	1575
ERR3077533.sra.6742	FJ983036	88.370	963	43	41	2	916	942	1	0.0	1110
ERR3077533.sra.6751	AY879305	84.750	1541	117	63	1617	3071	9	1517	0.0	1543
ERR3077533.sra.6807	gi|163954976|ref|NC_010191.1|_Ostreococcus_virus_OsV5,_complete_genome	73.510	151	31	7	1417	1563	10056	9911	1.75e-10	69.8
ERR3077533.sra.6882	NC_020450_475434_475549	80.282	71	13	1	3033	3102	101	31	4.53e-08	62.6
ERR3077533.sra.6903	NC_021040_348381_351031	77.099	131	18	6	632	752	2469	2597	2.63e-15	86.0
ERR3077533.sra.6964	CP001015	85.121	1492	88	64	1742	3133	1458	1	0.0	1523
ERR3077533.sra.7009	AF292371	86.195	1456	80	65	1705	3064	1	1431	0.0	1535
ERR3077533.sra.7118	NC_014498_31096_32654	90.816	196	12	3	2520	2709	1559	1364	4.92e-69	264
ERR3077533.sra.7206	gi|589287691|ref|NC_023611.1|_Invertebrate_iridescent_virus_30_complete_genome	87.234	47	6	0	1576	1622	9210	9256	3.66e-07	59.0
ERR3077533.sra.7288	AF292371	76.487	1446	117	83	1116	2369	1431	17	0.0	902
ERR3077533.sra.7428	AY594189	86.899	1519	79	68	3381	4807	1491	1	0.0	1644
ERR3077533.sra.7445	gi|310830989|ref|NC_014637.1|_Cafeteria_roenbergensis_virus_BV-PW1,_complete_genome	75.000	88	22	0	898	985	224071	224158	1.26e-07	60.8
ERR3077533.sra.7448	gi|363539767|ref|NC_016072.1|_Megavirus_chiliensis,_complete_genome	78.462	65	14	0	1560	1624	337180	337116	7.10e-06	55.4
ERR3077533.sra.7483	gi|313768203|ref|NC_014767.1|_Micromonas_sp._RCC1109_virus_MpV1,_complete_genome	76.238	101	21	2	3242	3339	11550	11650	9.46e-10	68.0
ERR3077533.sra.7496	AY349380	88.910	523	28	24	1239	1743	1529	1019	9.42e-171	601
ERR3077533.sra.7586	AY879305	80.940	1532	101	92	1390	2776	1491	6	0.0	1204
ERR3077533.sra.7617	AF145242	75.951	815	81	53	1311	2025	1505	706	3.66e-126	453
ERR3077533.sra.7663	gi|509139559|ref|NC_021320.1|_Halovirus_HRTV-5,_complete_genome	87.719	57	6	1	1835	1891	55937	55882	6.63e-10	68.0
ERR3077533.sra.7689	GU470899	84.507	639	52	25	81	683	628	1	0.0	636
ERR3077533.sra.7891	CP000725	75.329	1520	182	86	2465	3817	1510	17	0.0	838
ERR3077533.sra.8037	gi|313768203|ref|NC_014767.1|_Micromonas_sp._RCC1109_virus_MpV1,_complete_genome	84.314	51	6	1	1303	1351	11637	11587	8.63e-06	53.6
ERR3077533.sra.8075	D86183	84.211	1026	66	49	102	1066	526	1516	0.0	985
ERR3077533.sra.8108	gi|422937952|ref|NC_019532.1|_Tomato_yellow_leaf_curl_China_betasatellite,_complete_genome	76.623	77	15	1	4	77	970	894	1.06e-06	57.2
ERR3077533.sra.8170	NC_009785_661162_662671	79.960	993	100	53	1936	2866	1	956	0.0	744
ERR3077533.sra.8183	NC_009632_541500_543044	78.896	1431	142	78	58	1359	1414	15	0.0	1012
ERR3077533.sra.8246	NC_009848_9570_11120	82.998	447	35	19	3936	4355	3	435	1.98e-114	416
ERR3077533.sra.8439	gi|11038431|ref|NC_001875.2|_Orgyia_pseudotsugata_MNPV,_complete_genome	86.667	45	6	0	934	978	58249	58293	2.15e-06	55.4
ERR3077533.sra.8582	NC_017673_449361_451191	78.498	1265	142	77	91	1268	600	1821	0.0	825
ERR3077533.sra.8966	AY879305	88.197	1076	63	41	940	1971	1518	463	0.0	1242
ERR3077533.sra.9063	AF224299	81.563	1356	117	66	93	1340	7	1337	0.0	1141
ERR3077533.sra.9117	NC_021350_359864_361325	68.944	161	44	3	307	464	1368	1211	7.47e-07	57.2
ERR3077533.sra.9218	CP000725	86.489	1162	63	45	2734	3810	1510	358	0.0	1270
ERR3077533.sra.9234	NC_014643_985110_986624	79.003	662	75	34	98	723	871	1504	1.25e-131	471
ERR3077533.sra.9322	D86183	84.959	1569	106	62	378	1867	1	1518	0.0	1604
ERR3077533.sra.9348	AJ635359	77.207	1031	142	63	74	1048	516	1509	6.21e-170	600
ERR3077533.sra.9407	NC_013715_1592163_1593688	75.873	1260	132	63	1706	2840	4	1216	0.0	773
ERR3077533.sra.9502	CP000725	73.467	1451	201	96	806	2128	107	1501	3.97e-174	614
ERR3077533.sra.9695	CP001015	76.022	1443	183	87	664	2015	18	1388	0.0	798
ERR3077533.sra.9715	gi|531034792|ref|NC_022098.1|_Pandoravirus_salinus,_complete_genome	81.818	55	10	0	1983	2037	1665758	1665812	6.60e-06	55.4
ERR3077533.sra.9858	NC_013203_1457029_1458528	77.407	540	46	37	107	591	535	17	1.63e-87	325
ERR3077533.sra.9972	NC_020450_475434_475549	97.222	36	1	0	2700	2735	22	57	1.27e-07	60.8
ERR3077533.sra.10015	NC_020450_475434_475549	83.133	83	10	4	1961	2039	19	101	2.15e-11	73.4
ERR3077533.sra.10042	NC_013714_1976919_1978437	82.925	1388	107	68	94	1396	1345	3	0.0	1245
ERR3077533.sra.10144	NC_013714_1976919_1978437	76.974	1520	160	94	1095	2455	29	1517	0.0	911
ERR3077533.sra.10339	FJ577258	78.538	862	81	52	1630	2416	1489	657	4.35e-164	580
ERR3077533.sra.10410	NC_013715_1592163_1593688	79.832	1552	142	93	1303	2712	4	1526	0.0	1122
ERR3077533.sra.10502	AY879305	86.649	1543	90	67	1658	3131	6	1501	0.0	1656
ERR3077533.sra.10559	M59055	86.102	1511	98	63	1543	2988	2	1465	0.0	1600
ERR3077533.sra.10562	AB355602	77.447	1175	135	65	1868	2937	1335	186	0.0	749
ERR3077533.sra.10574	AF145242	86.164	636	30	32	81	679	877	1491	0.0	661
ERR3077533.sra.10793	gi|313843970|ref|NC_014766.1|_Ostreococcus_lucimarinus_virus_OlV1,_complete_genome	75.000	96	18	3	1768	1857	15932	16027	1.44e-06	57.2
ERR3077533.sra.10799	CP000725	75.838	1552	172	102	1346	2745	1502	2	0.0	832
ERR3077533.sra.10900	gi|163954976|ref|NC_010191.1|_Ostreococcus_virus_OsV5,_complete_genome	74.257	101	18	4	934	1028	10044	9946	4.60e-06	55.4
ERR3077533.sra.11165	gi|571026786|ref|NC_023292.1|_Papaya_leaf_curl_alphasatellite_clone_PaLCuA[PK_Mul_07],_complete_sequence	74.737	95	22	1	2	96	1134	1226	1.23e-07	60.8
ERR3077533.sra.11307	AF224299	75.801	1591	187	97	108	1577	3	1516	0.0	875
ERR3077533.sra.11595	CP001015	82.207	1495	131	71	1490	2887	1458	2	0.0	1299
ERR3077533.sra.11666	gi|57753434|ref|NC_006633.1|_Cotesia_congregata_virus_complete_genome,_segment_Circle1	92.105	38	3	0	3069	3106	12546	12583	6.10e-06	55.4
ERR3077533.sra.11791	gi|441431943|ref|NC_020104.1|_Acanthamoeba_polyphaga_moumouvirus,_complete_genome	94.286	35	2	0	882	916	455830	455796	5.74e-06	55.4
ERR3077533.sra.11983	NC_017673_449361_451191	83.009	924	82	41	84	964	789	1680	0.0	841
ERR3077533.sra.11983	NC_017673_449361_451191	95.455	132	4	2	1104	1234	1699	1829	2.76e-51	205
ERR3077533.sra.12138	L14326	82.066	697	48	36	82	712	686	1	1.43e-170	601
ERR3077533.sra.12333	gi|508181800|ref|NC_021312.1|_Phaeocystis_globosa_virus_strain_16T,_complete_genome	72.727	121	21	5	1107	1216	289242	289123	3.54e-07	59.0
ERR3077533.sra.12406	AY207051	84.675	1540	114	64	985	2445	1	1497	0.0	1535
ERR3077533.sra.12494	gi|589287869|ref|NC_023613.1|_Invertebrate_iridovirus_25_complete_genome	83.929	56	6	2	1452	1504	1597	1542	5.80e-06	55.4
ERR3077533.sra.12775	gi|526118633|ref|NC_021858.1|_Pandoravirus_dulcis,_complete_genome	77.174	92	17	3	1515	1602	92575	92484	2.72e-08	62.6
ERR3077533.sra.12826	CP000725	86.010	1544	97	63	249	1707	1510	1	0.0	1635
ERR3077533.sra.12977	AY879305	83.615	1538	89	85	3474	4877	1514	6	0.0	1402
ERR3077533.sra.13060	NC_022584_1536869_1538421	84.659	1584	93	65	261	1727	1551	1	0.0	1604
ERR3077533.sra.13079	D50540	86.376	1424	70	47	488	1805	1406	1	0.0	1599
ERR3077533.sra.13090	AY278611	83.203	768	58	41	102	817	752	4	0.0	684
ERR3077533.sra.13111	NC_013715_1592163_1593688	88.124	581	27	21	82	632	958	1526	0.0	681
ERR3077533.sra.13118	gi|472342562|ref|NC_020864.1|_Micromonas_pusilla_virus_12T_genomic_sequence	68.780	205	50	6	1559	1759	198579	198773	9.00e-10	68.0
ERR3077533.sra.13230	NC_017592_15332_16890	85.100	651	45	33	53	664	638	1	0.0	636
ERR3077533.sra.13378	NC_012470_18043_19591	89.441	161	12	4	2972	3127	1549	1389	5.67e-50	201
ERR3077533.sra.13737	NC_013203_1457029_1458528	89.055	402	16	17	74	455	1107	1500	1.24e-132	475
ERR3077533.sra.13745	gi|118496614|ref|NC_008603.1|_Paramecium_bursaria_Chlorella_virus_FR483,_complete_genome	86.275	51	7	0	2638	2688	142510	142560	1.67e-07	60.8
ERR3077533.sra.14000	AY879305	84.087	641	43	31	3304	3910	6	621	4.17e-173	610
ERR3077533.sra.14029	NC_021350_359864_361325	73.984	123	31	1	110	232	1357	1236	4.57e-12	75.2
ERR3077533.sra.14083	NC_009785_661162_662671	77.984	1508	141	89	2730	4079	1510	36	0.0	994
ERR3077533.sra.14140	gi|310830989|ref|NC_014637.1|_Cafeteria_roenbergensis_virus_BV-PW1,_complete_genome	80.882	68	9	3	589	656	2383	2320	3.60e-06	55.4
ERR3077533.sra.14176	NC_014643_985110_986624	85.560	554	43	23	101	631	976	1515	9.79e-161	569
ERR3077533.sra.14185	gi|193506277|ref|NC_009737.2|_Bacillus_virus_1,_complete_genome	70.946	148	37	4	798	941	11447	11302	7.09e-08	60.8
ERR3077533.sra.14482	NC_017591_15331_16889	86.230	443	30	15	3729	4155	1559	1132	4.43e-135	484
ERR3077533.sra.14566	NC_021350_359864_361325	77.866	253	49	3	3822	4071	1211	1459	1.01e-48	197
ERR3077533.sra.14651	NC_021040_348381_351031	79.279	111	19	4	342	451	2478	2585	3.25e-14	82.4
ERR3077533.sra.14659	NC_017351_503713_505252	84.555	1528	103	71	97	1540	58	1536	0.0	1492
ERR3077533.sra.14668	AF224299	88.988	1562	63	68	147	1651	7	1516	0.0	1833
ERR3077533.sra.14686	NC_007793_512890_514444	84.608	1033	68	51	144	1110	1008	1	0.0	998
ERR3077533.sra.14747	NC_013714_1976919_1978437	84.354	914	64	44	59	903	615	1518	0.0	877
ERR3077533.sra.14885	NC_021040_348381_351031	82.022	89	13	3	2086	2171	2597	2509	3.23e-13	78.8
ERR3077533.sra.14930	AY349380	86.019	937	65	41	1992	2884	1530	616	0.0	975
ERR3077533.sra.15061	NC_014498_31096_32654	76.567	367	41	22	20	358	354	5	1.39e-54	215
ERR3077533.sra.15164	NC_021018_3070260_3072809	80.000	75	15	0	426	500	261	187	6.71e-10	68.0
ERR3077533.sra.15228	CP001015	85.020	1482	115	59	69	1467	1458	1	0.0	1503
ERR3077533.sra.15275	AF016390	79.853	1226	106	70	1889	2993	1492	287	0.0	910
ERR3077533.sra.15360	AY879305	83.480	1138	61	55	1616	2638	1518	393	0.0	1072
ERR3077533.sra.15401	GQ421320	89.024	82	4	3	158	238	79	2	3.41e-19	98.7
ERR3077533.sra.15415	NC_021009_505857_508732	76.923	78	18	0	2049	2126	190	267	9.29e-08	60.8
ERR3077533.sra.15477	AF003929	87.077	828	42	38	1046	1830	5	810	0.0	899
ERR3077533.sra.15484	AY584476	81.369	1519	113	81	45	1444	1	1468	0.0	1252
ERR3077533.sra.15485	NC_015964_438409_439961	91.089	101	3	4	1560	1655	5	104	1.52e-28	129
ERR3077533.sra.15940	AY349380	80.226	885	72	44	78	875	661	1529	0.0	702
ERR3077533.sra.15951	gi|158380386|ref|NC_009552.2|_Geobacillus_virus_E2,_complete_genome	82.857	70	10	1	776	845	37953	37886	2.06e-10	69.8
ERR3077533.sra.16031	AF292371	78.667	1500	166	81	639	2044	1	1440	0.0	1036
ERR3077533.sra.16056	AF145242	77.022	1088	132	63	60	1083	472	1505	0.0	657
ERR3077533.sra.16100	X87758	83.629	507	37	29	3365	3839	3	495	2.44e-125	452
ERR3077533.sra.16119	AF292371	88.048	1347	55	59	265	1537	1432	118	0.0	1534
ERR3077533.sra.16300	NC_017591_15331_16889	84.211	684	55	32	108	767	900	1554	0.0	650
ERR3077533.sra.16379	gi|118496614|ref|NC_008603.1|_Paramecium_bursaria_Chlorella_virus_FR483,_complete_genome	80.488	82	4	4	236	308	214830	214908	2.94e-10	69.8
ERR3077533.sra.16423	NC_020450_475434_475549	78.824	85	12	4	1891	1972	22	103	1.11e-07	60.8
ERR3077533.sra.16624	NC_021009_505857_508732	69.231	169	29	7	1808	1955	179	345	9.25e-08	60.8
ERR3077533.sra.16689	NC_009785_661162_662671	83.875	831	72	35	1491	2291	6	804	0.0	792
ERR3077533.sra.16771	AF292371	85.900	539	34	28	55	563	527	1	1.41e-152	542
ERR3077533.sra.16892	NC_021018_3070260_3072809	83.784	74	11	1	52	124	256	183	2.17e-12	77.0
ERR3077533.sra.16934	D50540	84.859	1387	99	63	84	1389	1358	2	0.0	1375
ERR3077533.sra.16968	AY879305	76.933	1487	121	80	2575	3868	1518	61	0.0	975
ERR3077533.sra.16985	NC_021040_348381_351031	80.645	93	12	5	1338	1426	2582	2492	1.58e-10	69.8
ERR3077533.sra.17023	NC_017673_449361_451191	82.056	1031	88	45	1707	2664	1831	825	0.0	910
ERR3077533.sra.17024	gi|9625955|ref|NC_001350.1|_Saimiriine_herpesvirus_2_complete_genome	70.792	202	39	11	176	365	106725	106532	6.20e-10	68.0
ERR3077533.sra.17104	NC_008699_2113497_2115016	76.190	147	9	11	2455	2576	1221	1076	3.24e-14	82.4
ERR3077533.sra.17198	AY584476	80.014	1436	152	72	866	2217	83	1467	0.0	1094
ERR3077533.sra.17305	NC_020450_475434_475549	78.481	79	15	2	2744	2822	100	24	5.87e-07	59.0
ERR3077533.sra.17385	AY584476	83.725	1530	107	77	2249	3697	1	1469	0.0	1418
ERR3077533.sra.17405	gi|571026786|ref|NC_023292.1|_Papaya_leaf_curl_alphasatellite_clone_PaLCuA[PK_Mul_07],_complete_sequence	73.913	92	24	0	1	92	1134	1225	2.22e-07	59.0
ERR3077533.sra.17520	AY278611	79.540	1564	156	88	316	1782	1	1497	0.0	1131
ERR3077533.sra.17602	AF016390	78.359	1548	153	89	1589	3009	1	1493	0.0	1045
ERR3077533.sra.17608	gi|340025671|ref|NC_000852.5|_Paramecium_bursaria_Chlorella_virus_1,_complete_genome	83.871	62	4	4	1252	1311	165395	165338	7.08e-06	55.4
ERR3077533.sra.17608	gi|340025671|ref|NC_000852.5|_Paramecium_bursaria_Chlorella_virus_1,_complete_genome	83.871	62	4	4	1252	1311	165568	165511	7.08e-06	55.4
ERR3077533.sra.17608	gi|340025671|ref|NC_000852.5|_Paramecium_bursaria_Chlorella_virus_1,_complete_genome	83.871	62	4	4	1252	1311	165774	165717	7.08e-06	55.4
ERR3077533.sra.17796	NC_009785_661162_662671	88.685	327	19	11	36	347	324	1	4.22e-107	390
ERR3077533.sra.17893	AF003928	72.510	753	62	48	1311	1934	4	740	8.38e-92	340
ERR3077533.sra.17893	AF003928	72.879	601	71	36	1972	2502	867	1445	1.24e-70	269
ERR3077533.sra.18232	gi|314055095|ref|NC_014789.1|_Ostreococcus_tauri_virus_2,_complete_genome	66.887	302	75	10	347	628	9556	9260	4.39e-11	71.6
ERR3077533.sra.18547	AJ234048	83.478	1386	115	64	49	1347	1359	1	0.0	1283
ERR3077533.sra.18890	gi|571026786|ref|NC_023292.1|_Papaya_leaf_curl_alphasatellite_clone_PaLCuA[PK_Mul_07],_complete_sequence	74.468	94	22	1	28	121	1134	1225	3.05e-07	59.0
ERR3077533.sra.18906	NC_021350_359864_361325	70.404	223	53	5	3450	3661	1232	1452	1.20e-17	95.1
ERR3077533.sra.19036	AY134901	80.328	427	39	26	58	458	1131	1538	4.70e-84	315
ERR3077533.sra.19088	NC_022582_327975_329522	82.927	779	56	46	81	813	799	1546	0.0	668
ERR3077533.sra.19157	gi|113195177|ref|NC_008291.1|_Taterapox_virus,_complete_genome	75.325	154	28	8	235	380	184825	184976	1.37e-13	80.6
ERR3077533.sra.19157	gi|113195177|ref|NC_008291.1|_Taterapox_virus,_complete_genome	75.658	152	22	11	190	330	184838	184985	7.11e-11	71.6
ERR3077533.sra.19217	AF016390	81.019	1570	139	86	1041	2503	10	1527	0.0	1243
