ERR3077534.sra.42	NC_020450_475434_475549	78.313	83	10	3	1278	1352	101	19	3.66e-08	62.6
ERR3077534.sra.43	AF543299	82.222	180	18	11	2018	2188	34	208	9.41e-33	143
ERR3077534.sra.55	DQ232536	83.571	280	13	17	98	352	273	2	2.49e-65	251
ERR3077534.sra.217	CP001015	84.734	1428	101	66	1626	2950	1454	41	0.0	1400
ERR3077534.sra.322	gi|441431943|ref|NC_020104.1|_Acanthamoeba_polyphaga_moumouvirus,_complete_genome	69.274	179	42	6	1208	1374	474894	474717	5.53e-08	60.8
ERR3077534.sra.359	NC_021350_359864_361325	69.432	229	58	7	1337	1558	1347	1124	9.84e-13	77.0
ERR3077534.sra.438	NC_014498_31096_32654	93.651	63	3	1	104	165	63	1	1.82e-17	93.3
ERR3077534.sra.444	AY005041	84.485	825	62	40	1847	2626	1	804	0.0	794
ERR3077534.sra.453	gi|441431943|ref|NC_020104.1|_Acanthamoeba_polyphaga_moumouvirus,_complete_genome	74.227	97	23	2	108	204	474771	474865	3.05e-06	55.4
ERR3077534.sra.525	NC_021040_348381_351031	72.535	142	22	5	3103	3228	2591	2451	2.30e-11	73.4
ERR3077534.sra.722	NC_015875_2081382_2082934	74.011	531	62	28	102	561	541	16	1.99e-73	279
ERR3077534.sra.849	gi|146411809|ref|NC_009450.1|_Honeysuckle_yellow_vein_mosaic_beta-[Japan:Miyizaki:2001],_complete_genome	82.258	62	11	0	1678	1739	898	959	4.09e-08	62.6
ERR3077534.sra.910	gi|509139559|ref|NC_021320.1|_Halovirus_HRTV-5,_complete_genome	83.929	56	5	2	1499	1550	55882	55937	3.74e-06	55.4
ERR3077534.sra.1148	AB355602	80.445	1304	104	72	1834	2998	1373	82	0.0	1014
ERR3077534.sra.1222	gi|441431943|ref|NC_020104.1|_Acanthamoeba_polyphaga_moumouvirus,_complete_genome	73.864	176	38	4	244	414	474894	474722	1.02e-19	100
ERR3077534.sra.1716	gi|441431943|ref|NC_020104.1|_Acanthamoeba_polyphaga_moumouvirus,_complete_genome	76.471	85	15	3	435	516	290879	290961	4.86e-06	55.4
ERR3077534.sra.1754	NC_017567_20477_22032	83.467	375	30	19	96	446	1190	1556	6.32e-92	340
ERR3077534.sra.2087	gi|310830989|ref|NC_014637.1|_Cafeteria_roenbergensis_virus_BV-PW1,_complete_genome	86.538	52	5	2	1940	1990	387477	387427	3.33e-06	55.4
ERR3077534.sra.2359	gi|260665870|ref|NC_013288.1|_Ostreococcus_tauri_virus_1_complete_genome	86.538	52	5	1	819	870	12844	12795	9.42e-08	60.8
ERR3077534.sra.2429	NC_020450_475434_475549	81.707	82	13	2	1226	1306	100	20	1.60e-11	73.4
ERR3077534.sra.2512	NC_015215_16481_18017	84.518	1337	94	57	176	1423	225	1537	0.0	1323
ERR3077534.sra.2514	AB355602	84.349	1099	77	49	107	1131	323	1400	0.0	1072
ERR3077534.sra.3310	AF003929	85.298	721	43	33	1892	2551	23	741	0.0	731
ERR3077534.sra.3390	gi|441431943|ref|NC_020104.1|_Acanthamoeba_polyphaga_moumouvirus,_complete_genome	78.481	79	14	3	1861	1936	474712	474790	3.89e-06	55.4
ERR3077534.sra.3394	AM157441	85.142	1548	91	74	509	1950	41	1555	0.0	1546
ERR3077534.sra.3449	gi|163954976|ref|NC_010191.1|_Ostreococcus_virus_OsV5,_complete_genome	77.895	95	11	3	1314	1398	10056	9962	1.39e-11	73.4
ERR3077534.sra.3589	NC_012913_451286_452812	86.851	289	17	14	107	380	1241	1523	1.61e-81	306
ERR3077534.sra.3596	NC_006449_17815_19369	91.892	222	8	4	1530	1741	1	222	2.43e-83	311
ERR3077534.sra.3681	NC_015215_16481_18017	87.677	917	57	38	669	1542	1537	634	0.0	1023
ERR3077534.sra.3726	gi|441431943|ref|NC_020104.1|_Acanthamoeba_polyphaga_moumouvirus,_complete_genome	76.159	151	34	2	618	767	474737	474886	8.25e-21	104
ERR3077534.sra.3810	NC_021040_348381_351031	78.000	100	18	3	232	328	2499	2597	5.13e-11	71.6
ERR3077534.sra.3840	NC_020450_475434_475549	78.049	82	14	3	1926	2003	101	20	1.00e-06	57.2
ERR3077534.sra.3913	NC_017595_14961_16496	83.455	411	29	23	2095	2474	1536	1134	5.10e-100	367
ERR3077534.sra.3914	NC_015215_16481_18017	80.737	1573	127	84	1145	2577	1	1537	0.0	1251
ERR3077534.sra.3953	gi|441431943|ref|NC_020104.1|_Acanthamoeba_polyphaga_moumouvirus,_complete_genome	76.216	185	36	5	1412	1591	474713	474894	1.45e-25	120
ERR3077534.sra.3953	gi|441431943|ref|NC_020104.1|_Acanthamoeba_polyphaga_moumouvirus,_complete_genome	73.373	169	43	2	1403	1570	290988	290821	5.78e-18	95.1
ERR3077534.sra.3987	AM157441	80.054	371	43	19	2556	2906	41	400	2.39e-73	279
ERR3077534.sra.4066	gi|589287691|ref|NC_023611.1|_Invertebrate_iridescent_virus_30_complete_genome	81.818	55	10	0	1858	1912	168362	168308	4.17e-06	55.4
ERR3077534.sra.4067	CP001015	83.540	1373	115	62	2491	3772	1458	106	0.0	1278
ERR3077534.sra.4071	M58839	84.484	1057	60	54	100	1070	1040	2	0.0	1018
ERR3077534.sra.4298	NC_015678_4661_6196	85.151	431	31	16	100	502	1100	1525	6.88e-124	446
ERR3077534.sra.4481	CP000725	80.061	988	92	54	103	1006	540	1506	0.0	746
ERR3077534.sra.4482	gi|441431943|ref|NC_020104.1|_Acanthamoeba_polyphaga_moumouvirus,_complete_genome	80.882	68	9	3	1306	1372	769993	769929	4.67e-06	55.4
ERR3077534.sra.4624	AY485603	77.992	986	114	56	98	999	1032	66	0.0	641
ERR3077534.sra.4678	AF145242	84.653	821	49	41	1079	1829	1505	692	0.0	800
ERR3077534.sra.4778	M58839	91.018	167	9	6	107	268	167	2	1.66e-53	212
ERR3077534.sra.4783	NC_021040_348381_351031	72.840	162	30	8	1527	1675	2597	2437	4.26e-11	71.6
ERR3077534.sra.4882	NC_015291_14803_16340	85.452	763	49	34	93	799	781	1537	0.0	778
ERR3077534.sra.4966	gi|508181800|ref|NC_021312.1|_Phaeocystis_globosa_virus_strain_16T,_complete_genome	74.336	113	27	2	971	1081	289232	289120	2.78e-09	66.2
ERR3077534.sra.4988	gi|441431943|ref|NC_020104.1|_Acanthamoeba_polyphaga_moumouvirus,_complete_genome	72.432	185	40	6	534	709	474894	474712	4.39e-16	87.8
ERR3077534.sra.5004	NC_020450_475434_475549	92.308	39	3	0	1734	1772	19	57	8.83e-07	57.2
ERR3077534.sra.5017	CP001015	84.631	1438	97	71	731	2064	1458	41	0.0	1389
ERR3077534.sra.5346	NC_020450_475434_475549	80.556	72	11	3	971	1041	89	20	6.22e-07	57.2
ERR3077534.sra.5411	gi|363539767|ref|NC_016072.1|_Megavirus_chiliensis,_complete_genome	67.647	272	73	7	223	479	552574	552303	1.40e-12	77.0
ERR3077534.sra.5417	gi|314055095|ref|NC_014789.1|_Ostreococcus_tauri_virus_2,_complete_genome	69.262	244	44	9	1782	2005	9477	9245	2.14e-16	89.7
ERR3077534.sra.5453	gi|332290587|ref|NC_015467.1|_Groundnut_ringspot_and_Tomato_chlorotic_spot_virus_reassortant_segment_S,_complete_genome	77.064	109	20	2	1318	1422	1820	1927	1.01e-13	80.6
ERR3077534.sra.5476	AM157441	83.333	144	13	6	1979	2115	54	193	4.69e-30	134
ERR3077534.sra.5810	AM420016	80.189	424	25	30	135	516	407	1	2.14e-81	304
ERR3077534.sra.5923	AB294731	88.393	336	11	16	96	416	1231	1553	9.27e-105	383
ERR3077534.sra.6213	gi|310830989|ref|NC_014637.1|_Cafeteria_roenbergensis_virus_BV-PW1,_complete_genome	73.333	90	19	1	1814	1903	399485	399401	5.45e-06	55.4
ERR3077534.sra.6213	gi|310830989|ref|NC_014637.1|_Cafeteria_roenbergensis_virus_BV-PW1,_complete_genome	73.333	90	19	1	1814	1903	399503	399419	5.45e-06	55.4
ERR3077534.sra.6213	gi|310830989|ref|NC_014637.1|_Cafeteria_roenbergensis_virus_BV-PW1,_complete_genome	73.333	90	19	1	1814	1903	399521	399437	5.45e-06	55.4
ERR3077534.sra.6338	NC_018081_587633_589195	83.077	195	11	9	2008	2183	4	195	1.07e-44	183
ERR3077534.sra.6474	gi|314055095|ref|NC_014789.1|_Ostreococcus_tauri_virus_2,_complete_genome	70.222	225	47	10	1059	1270	9189	9406	1.20e-12	77.0
ERR3077534.sra.6655	gi|363539767|ref|NC_016072.1|_Megavirus_chiliensis,_complete_genome	79.730	74	13	2	1117	1189	550451	550523	3.82e-07	59.0
ERR3077534.sra.6847	FJ983036	81.925	852	58	42	1698	2479	1537	712	0.0	740
ERR3077534.sra.6853	gi|118496614|ref|NC_008603.1|_Paramecium_bursaria_Chlorella_virus_FR483,_complete_genome	86.000	50	6	1	2299	2347	142510	142559	4.54e-06	55.4
ERR3077534.sra.6877	AM420202	84.991	533	42	23	85	584	528	1	2.32e-149	531
ERR3077534.sra.6899	CP001015	87.736	1484	72	60	825	2225	1457	1	0.0	1685
ERR3077534.sra.6936	AY277941	83.845	1238	92	57	1289	2431	1508	284	0.0	1171
ERR3077534.sra.6966	FJ983036	83.277	1190	106	52	101	1211	368	1543	0.0	1099
ERR3077534.sra.7393	gi|441431943|ref|NC_020104.1|_Acanthamoeba_polyphaga_moumouvirus,_complete_genome	71.591	176	35	7	1321	1484	474895	474723	6.65e-12	75.2
ERR3077534.sra.7455	NC_015291_14803_16340	85.965	513	31	22	3548	4027	1530	1026	2.22e-151	538
ERR3077534.sra.7460	AM157419	85.119	1391	76	69	102	1393	167	1525	0.0	1382
ERR3077534.sra.7783	NC_015215_16481_18017	79.134	1016	96	56	88	1002	537	1537	0.0	729
ERR3077534.sra.7981	NC_015678_4661_6196	80.501	359	33	14	1786	2110	1536	1181	1.53e-80	302
ERR3077534.sra.7995	gi|441431943|ref|NC_020104.1|_Acanthamoeba_polyphaga_moumouvirus,_complete_genome	71.038	183	36	6	703	869	474894	474713	8.72e-14	80.6
ERR3077534.sra.8152	NC_022584_1536869_1538421	84.700	1549	92	73	415	1828	1540	2	0.0	1526
ERR3077534.sra.8207	NC_022584_1536869_1538421	83.077	130	12	6	101	222	128	1	3.91e-25	118
ERR3077534.sra.8505	CP001015	80.413	1501	124	75	348	1723	1458	3	0.0	1196
ERR3077534.sra.8589	CP000725	82.736	1535	109	72	662	2065	1510	1	0.0	1389
ERR3077534.sra.8668	AF145242	85.839	805	43	37	2565	3304	1493	695	0.0	838
ERR3077534.sra.8749	AY281077	79.004	843	61	45	93	828	834	1	1.06e-177	625
ERR3077534.sra.8971	NC_021350_359864_361325	80.272	147	25	3	2979	3124	1321	1178	4.07e-27	125
ERR3077534.sra.9018	gi|23577820|ref|NC_004323.1|_Rachiplusia_ou_MNPV,_complete_genome	81.967	61	8	2	1018	1076	24919	24978	3.16e-06	55.4
ERR3077534.sra.9032	gi|441431943|ref|NC_020104.1|_Acanthamoeba_polyphaga_moumouvirus,_complete_genome	76.623	154	27	7	1663	1809	474894	474743	1.60e-17	93.3
ERR3077534.sra.9084	NC_015215_16481_18017	79.945	1466	114	75	331	1637	1450	6	0.0	1142
ERR3077534.sra.9124	NC_020450_475434_475549	82.192	73	11	1	1678	1748	19	91	5.01e-11	71.6
ERR3077534.sra.9261	gi|311977355|ref|NC_014649.1|_Acanthamoeba_polyphaga_mimivirus,_complete_genome	75.000	80	15	1	1613	1692	523315	523241	3.76e-06	55.4
ERR3077534.sra.9395	NC_020450_475434_475549	76.744	86	11	3	1783	1859	19	104	1.07e-07	60.8
ERR3077534.sra.9741	NC_015678_4661_6196	85.659	1562	99	72	266	1728	1536	1	0.0	1595
ERR3077534.sra.9762	AF145242	85.204	784	47	35	3173	3890	1505	725	0.0	798
ERR3077534.sra.9884	gi|163954976|ref|NC_010191.1|_Ostreococcus_virus_OsV5,_complete_genome	70.673	208	50	4	915	1113	10115	9910	1.90e-17	93.3
ERR3077534.sra.10049	AF145242	85.977	870	57	37	1772	2587	1505	647	0.0	913
ERR3077534.sra.10186	NC_013853_16701_18238	75.647	850	98	45	103	867	713	1538	1.45e-138	495
ERR3077534.sra.10220	gi|509139678|ref|NC_021321.1|_Halovirus_HRTV-8,_complete_genome	87.719	57	5	2	1805	1860	52433	52488	8.13e-09	64.4
ERR3077534.sra.10232	gi|163954976|ref|NC_010191.1|_Ostreococcus_virus_OsV5,_complete_genome	75.177	141	29	4	3131	3265	10056	9916	1.25e-14	84.2
ERR3077534.sra.10486	NC_021009_505857_508732	88.406	69	7	1	1538	1605	197	265	1.71e-15	86.0
ERR3077534.sra.10496	CP001015	83.003	1312	125	51	104	1334	1295	1	0.0	1220
ERR3077534.sra.10550	AF003929	83.427	893	69	45	80	907	883	5	0.0	812
ERR3077534.sra.10553	CP001015	84.730	1480	103	70	216	1594	1458	1	0.0	1445
ERR3077534.sra.10598	AF003928	86.772	189	9	7	98	273	186	1	2.60e-53	212
ERR3077534.sra.10756	gi|9964314|ref|NC_002520.1|_Amsacta_moorei_entomopoxvirus_'L',_complete_genome	75.949	79	12	2	2431	2503	174264	174187	5.70e-06	55.4
ERR3077534.sra.11242	gi|472342562|ref|NC_020864.1|_Micromonas_pusilla_virus_12T_genomic_sequence	86.792	53	6	1	1131	1182	166701	166753	9.00e-08	60.8
ERR3077534.sra.11335	AF003929	80.299	1005	91	54	101	1011	996	5	0.0	773
ERR3077534.sra.11487	NC_014498_31096_32654	79.330	179	13	11	92	246	179	1	2.92e-28	129
ERR3077534.sra.11498	gi|509139559|ref|NC_021320.1|_Halovirus_HRTV-5,_complete_genome	86.275	51	6	1	2155	2205	55884	55933	1.19e-06	57.2
ERR3077534.sra.11608	AY278609	85.142	848	38	48	3238	4020	1504	680	0.0	825
ERR3077534.sra.11872	gi|314055095|ref|NC_014789.1|_Ostreococcus_tauri_virus_2,_complete_genome	75.758	132	19	6	1267	1388	9322	9194	2.88e-13	78.8
ERR3077534.sra.11928	NC_018089_16891_18450	96.610	59	1	1	94	152	1503	1560	5.95e-18	95.1
ERR3077534.sra.11935	AY584476	84.421	1502	130	57	2094	3526	3	1469	0.0	1490
ERR3077534.sra.11955	gi|509139559|ref|NC_021320.1|_Halovirus_HRTV-5,_complete_genome	86.792	53	5	2	2113	2164	55883	55934	1.12e-06	57.2
ERR3077534.sra.12029	AB355602	86.644	891	52	34	1894	2725	1398	516	0.0	978
ERR3077534.sra.12183	NC_015291_14803_16340	84.130	1569	99	75	2183	3632	1	1538	0.0	1505
ERR3077534.sra.12207	NC_021350_359864_361325	69.022	184	45	6	1743	1915	1232	1414	4.39e-07	59.0
ERR3077534.sra.12378	NC_020450_475434_475549	84.286	70	8	2	2173	2241	24	91	7.88e-11	71.6
ERR3077534.sra.12510	NC_020450_475434_475549	81.481	81	13	1	1199	1279	97	19	1.69e-12	77.0
ERR3077534.sra.12681	gi|42733078|ref|NC_005497.1|_Tomato_leaf_curl_Java_virus-[Ageratum]_satellite_DNA,_complete_genome	84.483	58	9	0	1468	1525	790	733	6.60e-09	64.4
ERR3077534.sra.12721	NC_021020_589522_591540	76.190	105	19	5	2288	2388	135	237	1.06e-07	60.8
ERR3077534.sra.12885	CP000725	81.646	1057	65	67	98	1042	468	1507	0.0	847
ERR3077534.sra.13115	CP000725	83.693	1067	73	44	100	1086	465	1510	0.0	1032
ERR3077534.sra.13150	gi|310830989|ref|NC_014637.1|_Cafeteria_roenbergensis_virus_BV-PW1,_complete_genome	75.000	88	20	1	1507	1594	399474	399389	1.69e-06	57.2
ERR3077534.sra.13233	NC_020450_475434_475549	84.146	82	11	2	2375	2455	19	99	3.52e-14	82.4
ERR3077534.sra.13355	NC_021009_505857_508732	69.919	246	56	10	325	556	439	198	3.70e-14	82.4
ERR3077534.sra.13445	gi|314055095|ref|NC_014789.1|_Ostreococcus_tauri_virus_2,_complete_genome	69.565	207	41	11	2013	2204	9393	9194	1.42e-07	60.8
ERR3077534.sra.13502	DQ232537	83.480	1477	93	78	361	1694	1469	1	0.0	1355
ERR3077534.sra.13626	NC_006449_17815_19369	83.527	431	35	19	2289	2683	1555	1125	2.21e-111	405
ERR3077534.sra.13747	NC_014498_31096_32654	86.806	144	10	6	101	237	146	5	1.04e-36	156
ERR3077534.sra.14003	AY005041	91.964	112	4	4	87	194	111	1	2.58e-34	149
ERR3077534.sra.14145	CP000725	82.786	1127	66	60	96	1119	409	1510	0.0	1003
ERR3077534.sra.14146	NC_013520_103635_105185	89.535	172	6	7	82	246	167	1	3.41e-52	208
ERR3077534.sra.14349	NC_006449_17815_19369	79.424	243	26	10	2367	2586	1	242	8.50e-47	190
ERR3077534.sra.14376	gi|310830989|ref|NC_014637.1|_Cafeteria_roenbergensis_virus_BV-PW1,_complete_genome	75.000	92	17	3	555	641	349232	349322	3.33e-06	55.4
ERR3077534.sra.14448	CP000725	82.586	1137	94	55	1544	2607	1510	405	0.0	1003
ERR3077534.sra.14573	NC_008532_19146_20695	85.714	595	28	30	3196	3757	5	575	4.88e-172	607
ERR3077534.sra.14627	CP001015	86.053	1391	93	58	1663	2987	1	1356	0.0	1463
ERR3077534.sra.14864	NC_020450_475434_475549	80.282	71	10	2	578	644	19	89	9.23e-08	60.8
ERR3077534.sra.14896	CP001015	89.070	1473	68	49	695	2090	1457	1	0.0	1793
ERR3077534.sra.15198	gi|472342562|ref|NC_020864.1|_Micromonas_pusilla_virus_12T_genomic_sequence	67.949	234	61	9	1751	1977	198666	198892	1.30e-06	57.2
ERR3077534.sra.15224	CP001015	84.867	826	53	42	116	878	817	1	0.0	801
ERR3077534.sra.15271	AM157441	82.224	1367	117	68	98	1355	1390	41	0.0	1177
ERR3077534.sra.15504	NC_017592_15332_16890	79.648	398	31	23	94	459	380	1	2.68e-78	295
ERR3077534.sra.15615	NC_017595_14961_16496	86.096	374	16	18	1444	1794	1534	1174	9.34e-108	392
ERR3077534.sra.15660	gi|441431943|ref|NC_020104.1|_Acanthamoeba_polyphaga_moumouvirus,_complete_genome	73.103	145	31	5	2551	2689	474747	474889	6.65e-11	71.6
ERR3077534.sra.15702	CP000725	83.399	1530	115	74	994	2404	1510	1	0.0	1406
ERR3077534.sra.15768	NC_021040_348381_351031	74.172	151	27	5	1668	1806	2585	2435	1.92e-15	86.0
ERR3077534.sra.15793	NC_020450_475434_475549	85.185	81	11	1	2388	2467	101	21	2.29e-16	89.7
ERR3077534.sra.15856	AB355602	80.608	954	66	55	122	977	464	1396	0.0	746
ERR3077534.sra.16046	gi|472342562|ref|NC_020864.1|_Micromonas_pusilla_virus_12T_genomic_sequence	77.632	76	13	2	2628	2699	195835	195910	6.25e-06	55.4
ERR3077534.sra.16245	gi|441431943|ref|NC_020104.1|_Acanthamoeba_polyphaga_moumouvirus,_complete_genome	72.917	144	31	5	1135	1273	474904	474764	2.13e-10	69.8
ERR3077534.sra.16375	NC_021040_348381_351031	79.592	98	11	6	2429	2521	2588	2495	7.58e-10	68.0
ERR3077534.sra.16430	AY584476	83.648	1058	65	57	484	1448	425	1467	0.0	969
ERR3077534.sra.16430	AY584476	82.175	331	33	17	107	419	96	418	1.91e-73	279
ERR3077534.sra.16472	GU470899	88.915	424	20	17	104	505	419	1	4.13e-140	500
ERR3077534.sra.16501	gi|593773602|ref|NC_023684.1|_Rhizoctonia_solani_dsRNA_virus_2_segment_1,_complete_sequence	85.714	56	3	2	1743	1797	1969	2020	1.53e-07	60.8
ERR3077534.sra.16641	NC_006449_17815_19369	81.356	236	13	12	2360	2565	3	237	4.66e-50	201
ERR3077534.sra.16782	NC_021040_348381_351031	78.000	100	14	5	2155	2249	2588	2492	2.39e-09	66.2
ERR3077534.sra.16831	NC_009443_16967_18518	78.014	141	20	7	111	241	147	8	1.37e-17	93.3
ERR3077534.sra.16833	gi|509139559|ref|NC_021320.1|_Halovirus_HRTV-5,_complete_genome	84.746	59	6	1	423	481	55882	55937	8.72e-09	64.4
ERR3077534.sra.16879	AB355602	85.425	1283	54	74	221	1393	1384	125	0.0	1258
ERR3077534.sra.17182	AF145242	85.612	834	40	40	1158	1916	1505	677	0.0	857
ERR3077534.sra.17459	gi|313843970|ref|NC_014766.1|_Ostreococcus_lucimarinus_virus_OlV1,_complete_genome	68.726	259	61	11	782	1026	16170	15918	5.14e-11	71.6
ERR3077534.sra.17684	AM420202	82.544	676	50	29	88	706	665	1	1.49e-175	618
ERR3077534.sra.17791	NC_022526_428990_430526	81.395	258	23	13	145	383	1283	1534	5.62e-54	214
ERR3077534.sra.17908	gi|363539767|ref|NC_016072.1|_Megavirus_chiliensis,_complete_genome	74.545	110	17	6	687	789	313975	313870	3.87e-06	55.4
ERR3077534.sra.18047	CP001015	84.409	1116	82	49	98	1128	1123	15	0.0	1090
ERR3077534.sra.18211	NC_021020_589522_591540	73.600	125	27	6	169	289	267	145	5.19e-06	55.4
ERR3077534.sra.18495	NC_021350_359864_361325	78.313	83	14	3	1579	1658	1331	1250	4.83e-07	59.0
ERR3077534.sra.18498	NC_015215_16481_18017	82.403	1415	125	68	187	1491	133	1533	0.0	1234
ERR3077534.sra.18681	gi|314055095|ref|NC_014789.1|_Ostreococcus_tauri_virus_2,_complete_genome	70.476	210	33	9	512	697	9194	9398	2.92e-15	86.0
ERR3077534.sra.18696	AY277941	81.458	1413	124	63	101	1400	121	1508	0.0	1207
ERR3077534.sra.18698	gi|441431943|ref|NC_020104.1|_Acanthamoeba_polyphaga_moumouvirus,_complete_genome	69.524	210	51	7	922	1122	474668	474873	5.01e-11	71.6
ERR3077534.sra.18907	CP001015	82.812	1472	112	73	606	1963	14	1458	0.0	1312
ERR3077534.sra.18931	FJ983036	80.998	842	70	49	93	852	709	1542	0.0	657
ERR3077534.sra.19138	AF104671	80.815	589	44	36	93	629	965	1536	6.63e-126	453
ERR3077534.sra.19232	GU470899	82.528	704	48	38	88	725	695	1	6.95e-174	612
ERR3077534.sra.19328	NC_020450_475434_475549	82.609	69	10	2	764	830	89	21	8.19e-09	64.4
ERR3077534.sra.19425	CP001015	80.973	1130	116	58	120	1166	1115	2	0.0	897
ERR3077534.sra.19675	NC_020450_475434_475549	81.081	74	10	2	1638	1708	19	91	2.53e-09	66.2
ERR3077534.sra.19784	NC_020450_475434_475549	86.111	72	4	5	368	434	19	89	5.81e-10	68.0
ERR3077534.sra.20057	NC_021350_359864_361325	68.924	251	51	12	2571	2801	1452	1209	7.71e-11	71.6
ERR3077534.sra.20063	CP001015	83.002	1206	93	61	1914	3036	1	1177	0.0	1077
ERR3077534.sra.20079	L04322	82.184	1117	89	61	1333	2362	2	1095	0.0	949
ERR3077534.sra.20088	NC_021354_626780_628324	82.353	68	6	4	92	154	1479	1545	1.32e-06	57.2
ERR3077534.sra.20191	gi|537108089|ref|NC_005881.2|_Ostreid_herpesvirus_1,_complete_genome	72.115	104	27	1	1435	1536	49754	49857	5.19e-06	55.4
ERR3077534.sra.20237	NC_015215_16481_18017	85.383	1553	107	65	790	2238	1	1537	0.0	1593
ERR3077534.sra.20255	NC_015215_16481_18017	82.738	840	58	45	96	871	716	1532	0.0	737
ERR3077534.sra.20310	NC_021040_348381_351031	75.758	165	25	9	1721	1872	2597	2435	4.36e-17	91.5
ERR3077534.sra.20404	NC_021040_348381_351031	82.474	97	11	3	735	826	2495	2590	5.85e-17	91.5
ERR3077534.sra.20623	NC_020450_475434_475549	78.571	84	11	5	1483	1560	101	19	3.55e-06	55.4
ERR3077534.sra.20779	gi|441431943|ref|NC_020104.1|_Acanthamoeba_polyphaga_moumouvirus,_complete_genome	72.941	170	30	10	1115	1270	474894	474727	2.02e-10	69.8
ERR3077534.sra.20800	CP001015	86.745	1026	68	44	102	1077	449	1456	0.0	1101
ERR3077534.sra.20901	CP001015	85.623	939	58	42	1152	2025	1458	532	0.0	966
ERR3077534.sra.20959	AB355602	78.989	1404	151	76	342	1622	1384	2	0.0	989
ERR3077534.sra.21271	gi|448824968|ref|NC_020232.1|_Megavirus_lba_isolate_LBA111,_complete_genome	72.500	120	28	4	1736	1852	1228235	1228352	3.81e-06	55.4
ERR3077534.sra.21354	gi|441431943|ref|NC_020104.1|_Acanthamoeba_polyphaga_moumouvirus,_complete_genome	76.190	105	18	4	1110	1210	474788	474889	1.73e-09	66.2
ERR3077534.sra.21359	AF145242	87.822	854	46	35	2208	3022	1505	671	0.0	967
ERR3077534.sra.21385	CP001015	85.952	1445	85	61	1020	2362	1440	12	0.0	1523
ERR3077534.sra.21811	gi|163954976|ref|NC_010191.1|_Ostreococcus_virus_OsV5,_complete_genome	70.335	209	38	13	696	886	9911	10113	9.51e-08	60.8
ERR3077534.sra.21845	NC_017139_69712_71266	92.308	65	2	2	124	185	1479	1543	2.43e-16	89.7
ERR3077534.sra.21869	AF543299	89.865	296	9	14	80	359	291	1	4.84e-96	354
ERR3077534.sra.21920	CP001015	87.363	1456	64	67	1586	2941	1450	15	0.0	1602
ERR3077534.sra.21941	gi|363539767|ref|NC_016072.1|_Megavirus_chiliensis,_complete_genome	78.261	69	15	0	2346	2414	550453	550521	1.50e-06	57.2
ERR3077534.sra.22084	NC_006270_9909_11453	82.051	156	16	8	1494	1641	1538	1387	4.34e-29	131
ERR3077534.sra.22247	NC_022584_1536869_1538421	86.592	716	44	35	2175	2846	1	708	0.0	747
ERR3077534.sra.22261	NC_015215_16481_18017	79.725	1455	159	74	1062	2419	1	1416	0.0	1083
ERR3077534.sra.22265	AY281082	84.395	801	50	37	100	841	644	1428	0.0	782
ERR3077534.sra.22291	AF385525	85.396	1479	94	76	891	2287	3	1441	0.0	1463
ERR3077534.sra.22306	NC_021175_16001_17556	86.755	151	7	7	91	229	1407	1556	9.29e-39	163
ERR3077534.sra.22325	NC_021350_359864_361325	69.665	478	106	23	272	721	986	1452	1.36e-31	140
ERR3077534.sra.22419	CP000725	81.437	1336	101	74	2379	3578	1510	186	0.0	1090
ERR3077534.sra.22454	NC_017595_14961_16496	82.486	708	55	35	96	747	842	1536	4.55e-177	623
ERR3077534.sra.22520	gi|441431943|ref|NC_020104.1|_Acanthamoeba_polyphaga_moumouvirus,_complete_genome	76.724	116	22	3	605	715	474737	474852	3.32e-13	78.8
ERR3077534.sra.22531	NC_022584_1536869_1538421	84.444	765	45	35	116	827	744	1	0.0	753
ERR3077534.sra.22981	gi|582973099|ref|NC_023426.1|_Anomala_cuprea_entomopoxvirus_DNA,_complete_genome,_strain:_CV6M	88.372	43	5	0	751	793	62028	62070	3.40e-06	55.4
ERR3077534.sra.22998	gi|311977355|ref|NC_014649.1|_Acanthamoeba_polyphaga_mimivirus,_complete_genome	74.737	95	13	4	267	359	523328	523243	2.26e-06	55.4
ERR3077534.sra.22998	gi|311977355|ref|NC_014649.1|_Acanthamoeba_polyphaga_mimivirus,_complete_genome	77.941	68	12	1	300	367	523308	523244	7.88e-06	53.6
ERR3077534.sra.23107	NC_015291_14803_16340	81.351	992	92	49	2070	2978	3	984	0.0	818
ERR3077534.sra.23306	gi|441431943|ref|NC_020104.1|_Acanthamoeba_polyphaga_moumouvirus,_complete_genome	72.152	158	30	7	295	438	474894	474737	7.42e-10	68.0
ERR3077534.sra.23402	AF104675	82.873	905	61	44	1715	2531	1509	611	0.0	821
