ERR3077535.sra.51	NC_020450_475434_475549	84.932	73	9	2	2191	2261	18	90	4.70e-12	75.2
ERR3077535.sra.89	NC_021040_348381_351031	75.000	164	32	6	948	1103	2597	2435	1.21e-17	93.3
ERR3077535.sra.92	NC_021040_348381_351031	78.302	106	17	3	190	293	2495	2596	1.83e-13	80.6
ERR3077535.sra.240	gi|441431943|ref|NC_020104.1|_Acanthamoeba_polyphaga_moumouvirus,_complete_genome	69.945	183	41	8	596	765	474894	474713	2.77e-07	59.0
ERR3077535.sra.372	gi|441431943|ref|NC_020104.1|_Acanthamoeba_polyphaga_moumouvirus,_complete_genome	74.725	91	9	4	410	490	519339	519425	2.40e-06	55.4
ERR3077535.sra.408	gi|506497718|ref|NC_021246.1|_Mythimna_separata_entomopoxvirus_'L',_complete_genome	90.476	42	3	1	1444	1484	174729	174688	4.57e-06	55.4
ERR3077535.sra.449	NC_020450_475434_475549	76.471	85	15	2	1512	1594	20	101	3.80e-07	59.0
ERR3077535.sra.559	NC_021040_348381_351031	76.923	169	24	8	2450	2609	2590	2428	8.86e-22	107
ERR3077535.sra.679	AY278609	79.737	1520	124	88	1061	2418	1504	7	0.0	1122
ERR3077535.sra.788	AF543299	84.759	374	18	22	117	464	361	1	3.32e-96	354
ERR3077535.sra.827	NC_021020_589522_591540	70.293	239	48	12	1402	1622	4	237	2.37e-13	78.8
ERR3077535.sra.853	NC_014498_31096_32654	80.541	185	18	9	2156	2328	1	179	8.18e-34	147
ERR3077535.sra.1065	NC_020244_10025_11585	86.713	143	8	6	84	216	1419	1560	2.61e-36	156
ERR3077535.sra.1119	AB355602	81.618	1360	108	64	1495	2728	1389	46	0.0	1166
ERR3077535.sra.1516	NC_020450_475434_475549	80.556	72	13	1	820	890	19	90	1.29e-08	64.4
ERR3077535.sra.1596	DQ232518	82.802	1442	125	61	1525	2877	1477	70	0.0	1319
ERR3077535.sra.1648	NC_020450_475434_475549	79.787	94	18	1	2070	2162	113	20	1.19e-13	80.6
ERR3077535.sra.1767	NC_015875_2081382_2082934	81.539	1598	105	86	329	1782	2	1553	0.0	1335
ERR3077535.sra.1774	AB355602	85.853	1131	56	54	84	1140	300	1400	0.0	1169
ERR3077535.sra.1921	gi|109255272|ref|NC_008168.1|_Choristoneura_occidentalis_granulovirus,_complete_genome	73.684	114	25	2	1559	1667	35536	35649	2.18e-09	66.2
ERR3077535.sra.1921	gi|109255272|ref|NC_008168.1|_Choristoneura_occidentalis_granulovirus,_complete_genome	73.148	108	29	0	1560	1667	35659	35766	7.59e-09	64.4
ERR3077535.sra.1921	gi|109255272|ref|NC_008168.1|_Choristoneura_occidentalis_granulovirus,_complete_genome	73.148	108	29	0	1560	1667	35869	35976	7.59e-09	64.4
ERR3077535.sra.1921	gi|109255272|ref|NC_008168.1|_Choristoneura_occidentalis_granulovirus,_complete_genome	73.148	108	29	0	1560	1667	36079	36186	7.59e-09	64.4
ERR3077535.sra.2092	AF003933	82.671	277	16	19	3778	4025	1509	1236	1.83e-57	226
ERR3077535.sra.2247	gi|527333514|ref|NC_021901.1|_Invertebrate_iridovirus_22_complete_genome	82.456	57	9	1	2113	2169	147794	147739	3.87e-06	55.4
ERR3077535.sra.2338	gi|509139559|ref|NC_021320.1|_Halovirus_HRTV-5,_complete_genome	84.483	58	8	1	1828	1884	55880	55937	1.75e-07	60.8
ERR3077535.sra.2348	NC_015875_2081382_2082934	88.636	220	8	10	1747	1949	1	220	1.84e-66	255
ERR3077535.sra.2589	gi|363539767|ref|NC_016072.1|_Megavirus_chiliensis,_complete_genome	86.364	44	6	0	1008	1051	101401	101444	7.79e-06	53.6
ERR3077535.sra.2629	AF145242	85.474	1129	74	52	1665	2725	1499	393	0.0	1146
ERR3077535.sra.2825	gi|761895455|ref|NC_001650.2|_Equid_herpesvirus_2_strain_86_67,_complete_genome	69.091	220	44	8	1471	1682	151579	151782	1.25e-12	77.0
ERR3077535.sra.2825	gi|761895455|ref|NC_001650.2|_Equid_herpesvirus_2_strain_86_67,_complete_genome	69.277	166	29	7	1471	1623	151645	151801	3.36e-07	59.0
ERR3077535.sra.2825	gi|761895455|ref|NC_001650.2|_Equid_herpesvirus_2_strain_86_67,_complete_genome	71.875	128	26	5	1564	1682	151554	151680	4.09e-06	55.4
ERR3077535.sra.2897	gi|441431943|ref|NC_020104.1|_Acanthamoeba_polyphaga_moumouvirus,_complete_genome	72.028	143	27	7	1613	1746	474894	474756	2.53e-07	59.0
ERR3077535.sra.3004	AY584476	80.187	1388	102	78	97	1348	110	1460	0.0	1068
ERR3077535.sra.3038	gi|314055095|ref|NC_014789.1|_Ostreococcus_tauri_virus_2,_complete_genome	73.333	135	30	3	3162	3291	9334	9201	2.43e-11	73.4
ERR3077535.sra.3055	gi|506497718|ref|NC_021246.1|_Mythimna_separata_entomopoxvirus_'L',_complete_genome	79.104	67	11	1	3260	3323	9548	9614	1.69e-06	57.2
ERR3077535.sra.3093	DQ232537	82.197	1511	134	82	312	1729	1	1469	0.0	1272
ERR3077535.sra.3168	NC_021350_359864_361325	73.793	145	32	5	106	244	1252	1396	1.32e-11	73.4
ERR3077535.sra.3187	gi|313768203|ref|NC_014767.1|_Micromonas_sp._RCC1109_virus_MpV1,_complete_genome	73.148	108	27	1	4743	4848	19361	19468	5.77e-08	62.6
ERR3077535.sra.3283	CP000725	85.319	940	62	42	1532	2404	1510	580	0.0	953
ERR3077535.sra.3375	AF543299	80.472	466	34	24	95	516	453	1	2.97e-102	374
ERR3077535.sra.3395	NC_017595_14961_16496	79.087	416	52	19	2082	2479	2	400	5.13e-81	304
ERR3077535.sra.3406	NC_021350_359864_361325	67.829	258	66	10	1898	2143	1397	1145	4.23e-08	62.6
ERR3077535.sra.3591	gi|641406604|ref|NC_024150.1|_California_sea_lion_adenovirus_1_strain_Zc11-030,_complete_genome	87.234	47	5	1	1658	1703	6944	6898	3.91e-06	55.4
ERR3077535.sra.3649	gi|310830989|ref|NC_014637.1|_Cafeteria_roenbergensis_virus_BV-PW1,_complete_genome	78.313	83	13	4	1583	1663	67175	67254	4.15e-06	55.4
ERR3077535.sra.3656	AY278609	83.533	1421	103	64	97	1400	98	1504	0.0	1337
ERR3077535.sra.3766	gi|441431943|ref|NC_020104.1|_Acanthamoeba_polyphaga_moumouvirus,_complete_genome	90.476	42	3	1	2617	2658	886834	886874	4.86e-06	55.4
ERR3077535.sra.4013	gi|363539767|ref|NC_016072.1|_Megavirus_chiliensis,_complete_genome	76.923	78	13	1	100	177	550455	550527	1.03e-07	60.8
ERR3077535.sra.4038	gi|441431943|ref|NC_020104.1|_Acanthamoeba_polyphaga_moumouvirus,_complete_genome	79.452	73	14	1	2590	2661	474713	474785	1.07e-07	60.8
ERR3077535.sra.4119	AF145242	83.347	1213	73	68	105	1217	322	1505	0.0	1088
ERR3077535.sra.4163	gi|113882957|ref|NC_008315.1|_Bat_coronavirus_(BtCoV_133_2005),_complete_genome	87.234	47	6	0	32	78	30307	30261	7.36e-08	59.0
ERR3077535.sra.4180	CP001015	85.670	1298	84	53	2756	3969	1458	179	0.0	1355
ERR3077535.sra.4328	gi|441431943|ref|NC_020104.1|_Acanthamoeba_polyphaga_moumouvirus,_complete_genome	87.755	49	6	0	743	791	370074	370122	2.56e-08	62.6
ERR3077535.sra.4366	NC_021009_505857_508732	76.316	76	9	2	427	493	262	187	3.56e-06	55.4
ERR3077535.sra.4464	NC_021009_505857_508732	82.609	69	10	1	330	396	197	265	1.96e-10	68.0
ERR3077535.sra.4655	NC_021350_359864_361325	72.694	271	61	8	114	373	1401	1133	5.84e-29	131
ERR3077535.sra.5002	AF145242	85.456	1052	53	49	2391	3365	1505	477	0.0	1079
ERR3077535.sra.5065	AY005045	81.868	728	58	42	2149	2820	3	712	1.89e-169	598
ERR3077535.sra.5077	CP000725	84.493	1322	92	57	99	1329	208	1507	0.0	1305
ERR3077535.sra.5156	NC_021350_359864_361325	77.333	75	16	1	609	682	1080	1006	3.80e-06	55.4
ERR3077535.sra.5269	NC_021040_348381_351031	78.846	104	13	5	163	259	2495	2596	2.69e-12	75.2
ERR3077535.sra.5510	CP000725	81.827	1051	77	49	1682	2628	1506	466	0.0	917
ERR3077535.sra.5567	gi|441431943|ref|NC_020104.1|_Acanthamoeba_polyphaga_moumouvirus,_complete_genome	70.950	179	33	9	4013	4172	474894	474716	4.04e-09	66.2
ERR3077535.sra.5568	NC_015215_16481_18017	82.756	1560	113	74	585	2016	2	1533	0.0	1407
ERR3077535.sra.5701	gi|260665870|ref|NC_013288.1|_Ostreococcus_tauri_virus_1_complete_genome	84.906	53	7	1	1124	1175	12844	12792	8.88e-07	57.2
ERR3077535.sra.5829	NC_022582_327975_329522	82.596	678	46	39	3076	3697	1544	883	6.69e-164	580
ERR3077535.sra.5879	NC_021040_348381_351031	76.364	165	20	8	1887	2034	2597	2435	9.74e-21	104
ERR3077535.sra.5889	AY584476	84.873	1494	113	60	394	1800	1468	1	0.0	1507
ERR3077535.sra.5967	FJ983036	76.973	1533	149	92	1048	2383	1526	1	0.0	942
ERR3077535.sra.6057	NC_003028_15344_16903	88.298	376	21	15	93	451	1191	1560	2.55e-120	434
ERR3077535.sra.6262	NC_021040_348381_351031	78.195	133	20	7	756	880	2582	2451	1.30e-15	86.0
ERR3077535.sra.6517	CP001015	84.457	1454	116	60	1352	2717	25	1456	0.0	1433
ERR3077535.sra.6524	gi|441431943|ref|NC_020104.1|_Acanthamoeba_polyphaga_moumouvirus,_complete_genome	73.224	183	37	7	1849	2020	474894	474713	1.82e-16	89.7
ERR3077535.sra.6524	gi|441431943|ref|NC_020104.1|_Acanthamoeba_polyphaga_moumouvirus,_complete_genome	72.414	116	29	1	1888	2000	290843	290958	7.24e-09	64.4
ERR3077535.sra.6606	NC_016938_298145_299690	80.620	129	10	7	110	228	1420	1543	2.97e-20	102
ERR3077535.sra.6745	CP001015	84.615	1365	103	57	105	1386	118	1458	0.0	1355
ERR3077535.sra.6767	AF543299	86.192	239	16	13	2396	2622	1	234	1.90e-61	239
ERR3077535.sra.6779	AF003929	82.731	1106	94	54	1507	2526	5	1099	0.0	978
ERR3077535.sra.6971	NC_021350_359864_361325	79.710	69	11	2	4146	4211	1303	1235	7.51e-06	55.4
ERR3077535.sra.7057	NC_017592_15332_16890	84.464	811	43	37	97	830	809	5	0.0	803
ERR3077535.sra.7066	CP000725	84.524	1260	78	58	2641	3792	1509	259	0.0	1238
ERR3077535.sra.7115	CP001015	86.218	1219	65	51	2476	3601	1	1209	0.0	1305
ERR3077535.sra.7470	NC_015875_2081382_2082934	85.816	423	24	18	133	535	412	6	8.94e-124	444
ERR3077535.sra.7562	NC_015215_16481_18017	77.543	1563	155	90	356	1752	1534	2	0.0	1007
ERR3077535.sra.7570	NC_015875_2081382_2082934	86.374	866	57	34	101	921	853	4	0.0	931
ERR3077535.sra.7700	AY281082	80.850	1389	106	84	468	1705	1417	38	0.0	1072
ERR3077535.sra.7705	AF145242	86.345	1245	71	59	100	1256	270	1503	0.0	1303
ERR3077535.sra.7773	gi|314055095|ref|NC_014789.1|_Ostreococcus_tauri_virus_2,_complete_genome	69.143	175	29	8	371	526	9243	9411	3.78e-07	59.0
ERR3077535.sra.7776	gi|9964314|ref|NC_002520.1|_Amsacta_moorei_entomopoxvirus_'L',_complete_genome	74.118	85	22	0	423	507	121670	121586	1.68e-06	55.4
ERR3077535.sra.7846	gi|660515655|ref|NC_024451.1|_Armadillidium_vulgare_iridescent_virus_complete_genome	77.273	88	15	4	872	955	61335	61249	5.05e-06	55.4
ERR3077535.sra.7896	gi|170676271|ref|NC_010490.1|_Tomato_zonate_spot_virus_segment_M,_complete_sequence	81.356	59	11	0	2815	2873	1147	1089	1.76e-06	57.2
ERR3077535.sra.7978	gi|441431943|ref|NC_020104.1|_Acanthamoeba_polyphaga_moumouvirus,_complete_genome	72.832	173	32	10	894	1055	474894	474726	2.96e-10	69.8
ERR3077535.sra.8050	NC_015875_2081382_2082934	88.716	1028	54	38	2232	3213	2	1013	0.0	1216
ERR3077535.sra.8188	NC_020450_475434_475549	84.848	66	10	0	484	549	101	36	4.41e-12	75.2
ERR3077535.sra.8408	NC_014498_31096_32654	86.099	223	10	10	3085	3292	1559	1343	8.30e-61	237
ERR3077535.sra.8421	gi|146411809|ref|NC_009450.1|_Honeysuckle_yellow_vein_mosaic_beta-[Japan:Miyizaki:2001],_complete_genome	76.829	82	19	0	2201	2282	865	946	3.25e-08	62.6
ERR3077535.sra.8639	NC_017591_15331_16889	85.259	502	22	24	2230	2683	1559	1062	2.06e-143	511
ERR3077535.sra.8654	AY278609	92.025	163	7	3	88	244	163	1	4.64e-58	228
ERR3077535.sra.8696	AF003929	80.433	1431	104	81	93	1364	1417	4	0.0	1112
ERR3077535.sra.8781	CP001015	80.996	1305	113	62	92	1271	1295	1	0.0	1077
ERR3077535.sra.8871	AF104675	82.514	732	49	42	117	792	811	1519	1.37e-177	625
ERR3077535.sra.8963	NC_020450_475434_475549	78.571	84	12	4	1768	1846	19	101	2.75e-07	59.0
ERR3077535.sra.9052	AF145242	87.055	927	67	33	1405	2287	1505	588	0.0	1032
ERR3077535.sra.9114	CP001015	80.541	1295	121	66	398	1594	1	1262	0.0	1020
ERR3077535.sra.9416	gi|21426071|ref|NC_004002.1|_Sheeppox_virus_17077-99,_complete_genome	80.000	65	12	1	820	883	97842	97778	3.97e-06	55.4
ERR3077535.sra.9570	gi|163954976|ref|NC_010191.1|_Ostreococcus_virus_OsV5,_complete_genome	76.068	117	25	1	329	442	10120	10004	6.79e-15	84.2
ERR3077535.sra.9594	AY485603	78.958	1478	143	78	373	1692	1	1468	0.0	1063
ERR3077535.sra.9605	NC_020450_475434_475549	80.723	83	11	4	1593	1670	19	101	8.21e-09	64.4
ERR3077535.sra.9633	NC_020450_475434_475549	78.667	75	11	3	2424	2495	91	19	4.26e-06	55.4
ERR3077535.sra.9716	AF104675	83.774	1134	87	54	108	1169	411	1519	0.0	1061
ERR3077535.sra.9780	NC_022116_1303664_1305122	78.984	1418	159	65	3581	4896	1381	1	0.0	1047
ERR3077535.sra.9823	AF385525	88.279	1331	84	43	1442	2739	1	1292	0.0	1570
ERR3077535.sra.9915	AF385525	79.063	1409	113	81	82	1320	1407	11	0.0	1011
ERR3077535.sra.10140	gi|422933554|ref|NC_019491.1|_Cyprinid_herpesvirus_1_strain_NG-J1,_complete_genome	81.667	60	6	2	3145	3202	24090	24034	6.28e-06	55.4
ERR3077535.sra.10140	gi|422933554|ref|NC_019491.1|_Cyprinid_herpesvirus_1_strain_NG-J1,_complete_genome	81.667	60	6	2	3145	3202	282054	281998	6.28e-06	55.4
ERR3077535.sra.10159	gi|448824968|ref|NC_020232.1|_Megavirus_lba_isolate_LBA111,_complete_genome	78.571	70	14	1	1345	1413	8866	8797	5.81e-06	55.4
ERR3077535.sra.10159	gi|448824968|ref|NC_020232.1|_Megavirus_lba_isolate_LBA111,_complete_genome	88.372	43	5	0	1344	1386	136162	136204	5.81e-06	55.4
ERR3077535.sra.10161	NC_020450_475434_475549	79.518	83	9	4	1210	1284	101	19	3.19e-08	62.6
ERR3077535.sra.10345	gi|441431943|ref|NC_020104.1|_Acanthamoeba_polyphaga_moumouvirus,_complete_genome	74.468	141	28	5	445	580	474761	474898	1.56e-12	77.0
ERR3077535.sra.10414	AY188353	81.001	1579	161	82	168	1652	1538	5	0.0	1251
ERR3077535.sra.10862	gi|441431943|ref|NC_020104.1|_Acanthamoeba_polyphaga_moumouvirus,_complete_genome	72.826	184	38	7	1616	1789	474894	474713	3.27e-15	86.0
ERR3077535.sra.10895	AF145242	83.546	863	76	39	1918	2717	1505	646	0.0	801
ERR3077535.sra.10919	NC_014643_985110_986624	80.210	1521	109	76	1051	2385	1515	1	0.0	1216
ERR3077535.sra.11138	FJ983036	78.465	1537	123	77	94	1466	32	1524	0.0	1121
ERR3077535.sra.11481	NC_022582_327975_329522	81.392	1236	91	65	99	1213	329	1546	0.0	1025
ERR3077535.sra.11538	DQ232537	82.264	1060	78	49	703	1657	16	1070	0.0	948
ERR3077535.sra.11696	DQ409140	84.565	1516	96	74	227	1630	1490	1	0.0	1471
ERR3077535.sra.11800	gi|509139559|ref|NC_021320.1|_Halovirus_HRTV-5,_complete_genome	86.207	58	6	2	397	454	55937	55882	5.06e-08	62.6
ERR3077535.sra.11932	NC_003028_15344_16903	81.207	878	72	49	82	878	695	1560	0.0	702
ERR3077535.sra.11975	gi|9625955|ref|NC_001350.1|_Saimiriine_herpesvirus_2_complete_genome	71.429	133	29	5	367	494	106763	106891	6.99e-06	55.4
ERR3077535.sra.11985	gi|509139559|ref|NC_021320.1|_Halovirus_HRTV-5,_complete_genome	87.273	55	5	2	794	847	55937	55884	8.55e-08	60.8
ERR3077535.sra.12091	AM157441	78.295	129	12	10	2995	3114	63	184	1.62e-12	77.0
ERR3077535.sra.12180	gi|190643491|ref|NC_010990.1|_Alternaria_alternata_dsRNA_mycovirus_segment_M2,_complete_sequence	88.372	43	5	0	3	45	2566	2524	8.06e-06	55.4
ERR3077535.sra.12929	CP001015	79.155	1113	105	53	251	1252	1	1097	0.0	838
ERR3077535.sra.12932	gi|377829940|ref|NC_016924.1|_Cotia_virus_SPAn232,_complete_genome	87.037	54	4	3	1301	1353	39024	39075	5.71e-06	55.4
ERR3077535.sra.13020	gi|163954976|ref|NC_010191.1|_Ostreococcus_virus_OsV5,_complete_genome	73.239	142	34	2	464	602	10056	9916	1.07e-13	80.6
ERR3077535.sra.13273	NC_020450_475434_475549	77.108	83	14	2	1734	1813	101	21	9.07e-08	60.8
ERR3077535.sra.13341	NC_003028_15344_16903	81.613	310	30	19	2411	2699	1560	1257	5.61e-62	241
ERR3077535.sra.13499	NC_015291_14803_16340	81.538	975	65	42	2741	3640	1	935	0.0	861
ERR3077535.sra.13655	gi|509139559|ref|NC_021320.1|_Halovirus_HRTV-5,_complete_genome	83.051	59	9	1	1025	1082	55879	55937	2.92e-07	59.0
ERR3077535.sra.13676	NC_022584_1536869_1538421	78.694	1225	132	65	105	1232	1193	1	0.0	856
ERR3077535.sra.14124	AM157420	84.990	966	64	47	99	1012	608	1544	0.0	949
ERR3077535.sra.14248	gi|310830989|ref|NC_014637.1|_Cafeteria_roenbergensis_virus_BV-PW1,_complete_genome	82.456	57	9	1	560	615	65088	65144	5.64e-06	55.4
ERR3077535.sra.14578	NC_022582_327975_329522	85.420	727	47	35	1366	2041	1548	830	0.0	729
ERR3077535.sra.14589	gi|209401054|ref|NC_011354.1|_Helicoverpa_armigera_NPV_NNg1,_complete_genome	73.077	104	18	3	654	750	4136	4036	6.11e-07	57.2
ERR3077535.sra.14726	NC_006449_17815_19369	82.480	976	74	54	90	992	952	1	0.0	834
ERR3077535.sra.14824	NC_021350_359864_361325	82.258	62	11	0	1235	1296	1080	1019	2.52e-08	62.6
ERR3077535.sra.14877	gi|15078713|ref|NC_003038.1|_Invertebrate_iridescent_virus_6,_complete_genome	86.538	52	4	2	953	1004	127714	127666	2.00e-06	57.2
ERR3077535.sra.15087	NC_014498_31096_32654	85.139	646	43	31	1701	2300	1557	919	0.0	641
ERR3077535.sra.15189	CP000725	80.432	1390	142	78	1897	3197	1509	161	0.0	1047
ERR3077535.sra.15200	AY485603	80.849	1295	142	65	137	1359	1261	1	0.0	1020
ERR3077535.sra.15244	CP001015	77.666	1491	141	82	882	2213	1	1458	0.0	991
ERR3077535.sra.15312	NC_015291_14803_16340	86.358	1554	86	71	1350	2799	1532	1	0.0	1640
ERR3077535.sra.15316	NC_014498_31096_32654	77.381	84	9	4	2191	2265	1	83	1.10e-06	57.2
ERR3077535.sra.15369	CP001015	82.670	1483	117	75	2304	3671	1	1458	0.0	1305
ERR3077535.sra.15432	gi|472342562|ref|NC_020864.1|_Micromonas_pusilla_virus_12T_genomic_sequence	74.545	110	24	3	999	1104	195800	195909	4.12e-08	62.6
ERR3077535.sra.15586	gi|441431943|ref|NC_020104.1|_Acanthamoeba_polyphaga_moumouvirus,_complete_genome	72.826	184	32	9	1270	1436	474894	474712	3.45e-14	82.4
ERR3077535.sra.15635	gi|422933554|ref|NC_019491.1|_Cyprinid_herpesvirus_1_strain_NG-J1,_complete_genome	82.456	57	9	1	2213	2269	234587	234532	5.43e-06	55.4
ERR3077535.sra.15698	NC_020450_475434_475549	83.333	72	10	2	517	587	90	20	1.99e-10	69.8
ERR3077535.sra.16056	AM157441	84.676	633	44	30	1503	2094	45	665	1.51e-175	618
ERR3077535.sra.16200	NC_013715_1592163_1593688	82.048	1543	135	85	708	2131	1520	1	0.0	1279
ERR3077535.sra.16204	NC_021350_359864_361325	68.182	220	59	8	1957	2167	1350	1133	4.33e-06	55.4
ERR3077535.sra.16338	FJ983036	84.553	1107	78	42	101	1138	461	1543	0.0	1121
ERR3077535.sra.16341	M58839	89.744	117	6	3	3269	3382	2	115	3.39e-34	149
ERR3077535.sra.16432	NC_017595_14961_16496	87.674	933	41	43	1204	2077	1523	606	0.0	1038
ERR3077535.sra.16475	gi|311977355|ref|NC_014649.1|_Acanthamoeba_polyphaga_mimivirus,_complete_genome	76.000	100	21	3	164	261	200680	200582	3.19e-08	62.6
ERR3077535.sra.17044	CP001015	80.557	1471	139	75	161	1500	4	1458	0.0	1159
ERR3077535.sra.17071	gi|441431943|ref|NC_020104.1|_Acanthamoeba_polyphaga_moumouvirus,_complete_genome	77.333	150	30	3	1479	1625	474894	474746	7.03e-22	107
ERR3077535.sra.17071	gi|441431943|ref|NC_020104.1|_Acanthamoeba_polyphaga_moumouvirus,_complete_genome	73.077	104	25	2	1525	1625	290843	290946	3.89e-06	55.4
ERR3077535.sra.17137	NC_021009_505857_508732	77.528	89	14	3	2122	2206	179	265	2.97e-08	62.6
ERR3077535.sra.17160	gi|570033518|ref|NC_023162.1|_Carp_picornavirus_1_isolate_F37_06,_complete_genome	94.286	35	2	0	1021	1055	7621	7655	4.38e-06	55.4
ERR3077535.sra.17188	AF145242	81.266	758	50	40	1334	2006	1505	755	6.54e-180	632
ERR3077535.sra.17386	CP001015	84.934	1520	81	69	604	2037	1	1458	0.0	1532
ERR3077535.sra.17529	gi|168804017|ref|NC_010356.1|_Glossina_pallidipes_salivary_gland_hypertrophy_virus,_complete_genome	81.690	71	9	3	1654	1722	133470	133538	1.16e-07	60.8
ERR3077535.sra.17557	AF543299	86.058	208	11	9	1296	1487	1	206	2.93e-56	221
ERR3077535.sra.17587	AY278609	84.991	553	32	27	106	622	952	1489	2.72e-154	547
ERR3077535.sra.17737	NC_015875_2081382_2082934	83.186	1582	115	78	445	1909	2	1549	0.0	1438
ERR3077535.sra.17753	NC_021009_505857_508732	82.857	70	11	1	144	213	265	197	1.89e-10	69.8
ERR3077535.sra.17773	NC_015875_2081382_2082934	83.005	406	30	20	680	1050	1553	1152	2.10e-100	367
ERR3077535.sra.17804	gi|163954976|ref|NC_010191.1|_Ostreococcus_virus_OsV5,_complete_genome	78.889	90	13	2	1568	1651	9967	10056	1.75e-11	73.4
ERR3077535.sra.17815	CP001015	86.250	1520	80	77	183	1635	1	1458	0.0	1568
ERR3077535.sra.18063	NC_020450_475434_475549	80.000	80	14	2	2288	2365	22	101	2.92e-09	66.2
ERR3077535.sra.18329	gi|441431943|ref|NC_020104.1|_Acanthamoeba_polyphaga_moumouvirus,_complete_genome	70.629	143	28	5	3543	3671	474894	474752	5.76e-07	59.0
ERR3077535.sra.18406	NC_021040_348381_351031	81.308	107	15	4	385	487	2492	2597	2.54e-16	89.7
ERR3077535.sra.18488	CP001015	81.259	1430	111	77	91	1399	1394	1	0.0	1166
ERR3077535.sra.18555	AY005045	84.030	670	34	35	97	704	1159	501	0.0	634
ERR3077535.sra.18581	NC_015875_2081382_2082934	83.947	679	55	33	96	733	667	2	2.52e-180	634
ERR3077535.sra.18805	gi|363539767|ref|NC_016072.1|_Megavirus_chiliensis,_complete_genome	90.000	40	4	0	1166	1205	1180579	1180618	4.31e-06	55.4
ERR3077535.sra.19013	NC_008533_15164_16621	81.225	1502	126	84	504	1893	1	1458	0.0	1200
ERR3077535.sra.19220	NC_021350_359864_361325	70.023	437	104	19	1701	2119	1413	986	1.63e-30	136
ERR3077535.sra.19271	NC_021009_505857_508732	81.013	79	13	2	2504	2580	187	265	7.55e-10	68.0
ERR3077535.sra.19388	gi|9964314|ref|NC_002520.1|_Amsacta_moorei_entomopoxvirus_'L',_complete_genome	84.615	52	7	1	306	357	147284	147234	3.79e-06	55.4
ERR3077535.sra.19518	NC_021350_359864_361325	80.000	95	17	1	343	435	1232	1326	1.04e-14	84.2
ERR3077535.sra.19647	AB355602	88.364	1375	81	49	574	1880	37	1400	0.0	1609
ERR3077535.sra.19806	NC_020450_475434_475549	82.353	85	9	5	1154	1235	101	20	1.89e-10	69.8
ERR3077535.sra.19873	gi|18653809|ref|NC_003401.1|_Macacine_herpesvirus_5,_genome	74.510	102	24	2	1255	1355	21101	21001	1.31e-07	60.8
ERR3077535.sra.19875	NC_021350_359864_361325	76.667	90	21	0	306	395	1086	997	5.29e-10	68.0
ERR3077535.sra.19909	AM157441	83.099	781	66	34	129	857	807	41	0.0	720
ERR3077535.sra.19936	CP001015	84.809	1231	87	50	619	1768	1	1212	0.0	1242
ERR3077535.sra.19962	NC_021350_359864_361325	72.986	211	44	6	1964	2168	1193	1396	2.83e-22	109
ERR3077535.sra.20080	CP001015	80.881	1203	101	54	127	1207	1196	1	0.0	1005
ERR3077535.sra.20521	gi|363987117|ref|NC_015939.1|_Sclerotinia_sclerotiorum_hypovirus_1,_complete_genome	90.476	42	4	0	2	43	10434	10393	4.20e-07	59.0
ERR3077535.sra.20741	gi|9625955|ref|NC_001350.1|_Saimiriine_herpesvirus_2_complete_genome	69.714	175	33	9	283	453	106608	106766	4.10e-06	55.4
ERR3077535.sra.20775	gi|163954976|ref|NC_010191.1|_Ostreococcus_virus_OsV5,_complete_genome	76.068	117	22	4	622	736	10113	10001	1.69e-11	73.4
ERR3077535.sra.20791	CP001015	81.457	906	62	51	1283	2089	1455	557	0.0	742
ERR3077535.sra.20810	CP000725	80.056	1434	116	80	2930	4210	1510	94	0.0	1090
ERR3077535.sra.20819	gi|116326687|ref|NC_008518.1|_Trichoplusia_ni_ascovirus_2c,_complete_genome	86.667	60	3	5	2049	2106	86591	86647	4.69e-06	55.4
ERR3077535.sra.20920	NC_014498_31096_32654	79.815	540	40	28	1895	2374	1	531	8.95e-116	419
ERR3077535.sra.21043	CP001015	83.028	1473	112	72	707	2060	1454	1	0.0	1330
ERR3077535.sra.21286	gi|163954976|ref|NC_010191.1|_Ostreococcus_virus_OsV5,_complete_genome	77.895	95	17	3	1491	1581	10056	9962	5.69e-10	68.0
ERR3077535.sra.21407	AM157441	82.581	465	45	21	88	519	502	41	1.80e-113	412
ERR3077535.sra.21559	gi|163954976|ref|NC_010191.1|_Ostreococcus_virus_OsV5,_complete_genome	74.107	112	26	2	1671	1781	10001	10110	3.51e-09	66.2
ERR3077535.sra.21714	NC_021040_348381_351031	74.510	153	28	7	1723	1866	2585	2435	3.64e-13	78.8
ERR3077535.sra.21756	NC_021350_359864_361325	71.585	183	40	7	3421	3591	1133	1315	6.81e-12	75.2
ERR3077535.sra.21788	NC_004070_17066_18620	83.436	326	22	19	2898	3199	1555	1238	5.08e-76	288
ERR3077535.sra.21906	gi|506498026|ref|NC_021247.1|_Adoxophyes_honmai_enomopoxvirus_'L',_complete_genome	83.051	59	8	2	1040	1097	133491	133548	2.61e-06	55.4
ERR3077535.sra.21959	NC_014498_31096_32654	81.496	254	14	17	2380	2601	3	255	1.65e-49	199
ERR3077535.sra.22091	gi|527333514|ref|NC_021901.1|_Invertebrate_iridovirus_22_complete_genome	88.636	44	5	0	2294	2337	100530	100573	1.51e-06	57.2
ERR3077535.sra.22194	gi|441431943|ref|NC_020104.1|_Acanthamoeba_polyphaga_moumouvirus,_complete_genome	71.978	182	42	7	1058	1230	474713	474894	4.40e-12	75.2
ERR3077535.sra.22212	NC_014643_985110_986624	81.016	669	48	45	1532	2154	24	659	8.56e-141	502
ERR3077535.sra.22556	AM157441	88.128	657	36	24	2437	3055	41	693	0.0	764
ERR3077535.sra.22557	AM157441	80.997	642	42	33	89	652	701	62	2.40e-149	531
ERR3077535.sra.22683	AF385525	82.055	1460	112	74	529	1854	1447	4	0.0	1256
ERR3077535.sra.22689	gi|441431943|ref|NC_020104.1|_Acanthamoeba_polyphaga_moumouvirus,_complete_genome	73.050	141	32	5	1277	1412	474723	474862	3.73e-09	66.2
ERR3077535.sra.22969	AY584476	80.218	1471	136	77	319	1656	1469	21	0.0	1133
ERR3077535.sra.23301	gi|260665870|ref|NC_013288.1|_Ostreococcus_tauri_virus_1_complete_genome	88.889	45	5	0	258	302	12800	12844	3.49e-07	59.0
ERR3077535.sra.23380	CP000725	83.483	1114	57	53	2377	3368	1510	402	0.0	1056
ERR3077535.sra.23655	NC_006449_17815_19369	85.714	336	17	18	2274	2585	1555	1227	9.00e-91	336
ERR3077535.sra.23713	AF543299	87.066	518	25	25	80	566	507	1	1.61e-157	558
