ERR3077536.sra.124	AF016390	80.455	1540	142	92	293	1706	5	1511	0.0	1150
ERR3077536.sra.261	gi|422933791|ref|NC_019495.1|_Cyprinid_herpesvirus_2_strain_ST-J1,_complete_genome	72.115	104	21	2	1255	1353	32736	32636	3.30e-06	55.4
ERR3077536.sra.269	AF016390	86.000	1500	99	58	1241	2660	1469	1	0.0	1597
ERR3077536.sra.437	gi|441431943|ref|NC_020104.1|_Acanthamoeba_polyphaga_moumouvirus,_complete_genome	71.895	153	36	5	2094	2240	474737	474888	2.11e-09	66.2
ERR3077536.sra.587	AF016390	80.300	1533	133	85	604	1988	1512	1	0.0	1173
ERR3077536.sra.638	AY879305	88.021	384	16	12	1490	1845	1518	1137	7.88e-128	459
ERR3077536.sra.914	gi|659488383|ref|NC_024447.1|_Pigeonpox_virus_isolate_FeP2,_complete_genome	87.234	47	5	1	1224	1269	40723	40677	3.88e-06	55.4
ERR3077536.sra.981	gi|314055095|ref|NC_014789.1|_Ostreococcus_tauri_virus_2,_complete_genome	69.643	168	37	7	260	416	9170	9334	6.23e-06	55.4
ERR3077536.sra.1077	NC_021350_359864_361325	72.549	204	43	8	489	683	1260	1459	3.67e-17	91.5
ERR3077536.sra.1155	AF104671	82.874	508	40	26	101	572	1045	1541	5.31e-125	450
ERR3077536.sra.1205	AY879305	83.016	683	37	38	114	722	683	6	8.94e-173	609
ERR3077536.sra.1402	AY879305	84.380	653	38	32	92	702	884	1514	1.55e-179	632
ERR3077536.sra.1551	gi|441431943|ref|NC_020104.1|_Acanthamoeba_polyphaga_moumouvirus,_complete_genome	71.605	162	38	5	1353	1507	474713	474873	1.71e-10	69.8
ERR3077536.sra.1672	AF003929	83.787	882	60	46	123	946	861	5	0.0	814
ERR3077536.sra.1680	AY281082	84.738	1376	82	64	103	1363	1365	3	0.0	1362
ERR3077536.sra.1868	AY134901	85.778	900	52	44	990	1819	1548	655	0.0	917
ERR3077536.sra.1874	AY879305	85.208	1440	87	66	1586	2930	6	1414	0.0	1452
ERR3077536.sra.1945	NC_018081_587633_589195	88.889	270	11	14	1581	1832	4	272	1.09e-81	306
ERR3077536.sra.2105	CP001015	84.929	1473	79	83	451	1795	1458	1	0.0	1411
ERR3077536.sra.2133	AY879305	80.654	1499	112	82	794	2131	1518	37	0.0	1187
ERR3077536.sra.2145	AF016390	93.373	166	3	6	100	257	166	1	9.20e-59	230
ERR3077536.sra.2168	AF016390	87.671	146	9	4	106	243	145	1	1.74e-41	172
ERR3077536.sra.2214	NC_020450_475434_475549	80.460	87	10	6	361	444	101	19	8.96e-08	60.8
ERR3077536.sra.2553	gi|674660326|ref|NC_024709.1|_Ball_python_nidovirus_strain_07-53,_complete_genome	74.016	127	28	3	2534	2658	4929	4806	5.93e-11	71.6
ERR3077536.sra.2664	AY879305	82.604	845	43	40	1810	2558	1518	682	0.0	774
ERR3077536.sra.2810	gi|506498026|ref|NC_021247.1|_Adoxophyes_honmai_enomopoxvirus_'L',_complete_genome	77.027	74	15	1	3020	3093	124248	124319	5.94e-06	55.4
ERR3077536.sra.2846	NC_014498_31096_32654	76.471	374	28	18	97	415	1191	1559	2.16e-65	251
ERR3077536.sra.2986	NC_021350_359864_361325	74.107	112	26	2	2102	2210	1450	1339	2.09e-09	66.2
ERR3077536.sra.3066	AY281082	82.833	1299	97	65	99	1287	146	1428	0.0	1159
ERR3077536.sra.3394	gi|506498274|ref|NC_021248.1|_Choristoneura_biennis_entomopoxvirus_'L',_complete_genome	81.967	61	5	3	925	985	186433	186487	7.85e-06	53.6
ERR3077536.sra.3609	gi|509139559|ref|NC_021320.1|_Halovirus_HRTV-5,_complete_genome	85.185	54	5	2	1726	1776	55937	55884	4.70e-06	55.4
ERR3077536.sra.3696	gi|482651011|ref|NC_021099.1|_Hop_trefoil_cryptic_virus_2_isolate_IPP_GelbSK_segment_RNA_2,_complete_sequence	90.909	44	4	0	3510	3553	2347	2304	4.18e-08	62.6
ERR3077536.sra.3814	gi|340025671|ref|NC_000852.5|_Paramecium_bursaria_Chlorella_virus_1,_complete_genome	79.167	72	8	3	2077	2148	122584	122648	4.19e-06	55.4
ERR3077536.sra.3894	gi|313767999|ref|NC_014765.1|_Bathycoccus_sp._RCC1105_virus_BpV1,_complete_genome	72.727	99	24	1	2439	2534	11385	11483	4.51e-06	55.4
ERR3077536.sra.3963	AY879305	84.637	716	25	36	100	733	718	6	0.0	710
ERR3077536.sra.3990	NC_014498_31096_32654	86.667	135	6	7	134	257	134	1	3.98e-32	141
ERR3077536.sra.4084	AY879305	83.165	891	48	46	3688	4495	1518	647	0.0	816
ERR3077536.sra.4335	gi|345107188|ref|NC_015960.1|_Yoka_poxvirus,_complete_genome	94.737	38	1	1	119	155	87909	87946	1.80e-06	57.2
ERR3077536.sra.4408	AF016390	80.182	1539	128	95	538	1922	1517	2	0.0	1131
ERR3077536.sra.4510	AY281082	83.020	1437	97	72	1620	2952	1	1394	0.0	1299
ERR3077536.sra.4521	CP001015	82.209	1467	117	78	371	1720	1	1440	0.0	1247
ERR3077536.sra.4584	gi|526118633|ref|NC_021858.1|_Pandoravirus_dulcis,_complete_genome	73.504	117	28	2	897	1012	1026453	1026567	1.99e-09	66.2
ERR3077536.sra.4748	AF016390	82.563	1233	95	69	916	2075	1	1186	0.0	1052
ERR3077536.sra.4811	AY879305	85.789	1534	95	72	2509	3940	6	1518	0.0	1570
ERR3077536.sra.4953	gi|422933791|ref|NC_019495.1|_Cyprinid_herpesvirus_2_strain_ST-J1,_complete_genome	72.549	102	24	2	1147	1248	32623	32720	9.61e-06	53.6
ERR3077536.sra.4996	AY879305	87.629	679	27	31	102	729	700	28	0.0	758
ERR3077536.sra.5554	AY879305	81.657	1243	84	69	926	2034	1513	281	0.0	1032
ERR3077536.sra.5659	NC_021350_359864_361325	67.974	459	121	15	599	1039	996	1446	3.25e-26	122
ERR3077536.sra.5667	AF016390	86.207	116	10	4	108	221	112	1	3.30e-27	125
ERR3077536.sra.5946	gi|9625955|ref|NC_001350.1|_Saimiriine_herpesvirus_2_complete_genome	80.303	66	10	2	2251	2315	106835	106898	4.29e-06	55.4
ERR3077536.sra.6086	gi|310830989|ref|NC_014637.1|_Cafeteria_roenbergensis_virus_BV-PW1,_complete_genome	72.269	119	28	3	2206	2319	451322	451440	1.41e-06	57.2
ERR3077536.sra.6133	gi|441431943|ref|NC_020104.1|_Acanthamoeba_polyphaga_moumouvirus,_complete_genome	74.797	123	25	5	104	222	474843	474723	2.05e-09	66.2
ERR3077536.sra.6164	AY879305	80.435	92	7	5	2296	2377	6	96	1.51e-11	73.4
ERR3077536.sra.6216	AY879305	76.676	1432	149	79	422	1687	1418	6	0.0	888
ERR3077536.sra.6380	AY879305	89.228	1114	41	44	1741	2795	6	1099	0.0	1341
ERR3077536.sra.6609	AY879305	85.424	1523	94	74	609	2027	20	1518	0.0	1528
ERR3077536.sra.6700	D50540	83.777	376	35	15	1667	2024	2	369	1.74e-98	361
ERR3077536.sra.6822	NC_003028_15344_16903	95.714	70	2	1	100	168	1491	1560	1.84e-22	109
ERR3077536.sra.7145	NC_019425_261843_263389	85.652	913	76	36	103	977	648	1543	0.0	944
ERR3077536.sra.7347	gi|422933791|ref|NC_019495.1|_Cyprinid_herpesvirus_2_strain_ST-J1,_complete_genome	68.831	154	27	3	490	643	32783	32651	6.07e-10	68.0
ERR3077536.sra.7373	AF145242	84.815	540	40	25	2815	3316	1505	970	2.69e-149	531
ERR3077536.sra.7518	AF016390	81.795	1593	142	89	911	2419	4	1532	0.0	1297
ERR3077536.sra.7601	NC_020450_475434_475549	80.263	76	10	3	967	1040	92	20	1.36e-07	60.8
ERR3077536.sra.7630	D50540	79.945	733	70	39	94	752	730	1	4.18e-157	556
ERR3077536.sra.7782	gi|313768203|ref|NC_014767.1|_Micromonas_sp._RCC1109_virus_MpV1,_complete_genome	81.481	54	10	0	133	186	11786	11733	7.49e-06	53.6
ERR3077536.sra.8026	NC_017728_241239_242795	73.433	335	42	18	96	390	1229	1556	2.27e-39	165
ERR3077536.sra.8289	NC_021350_359864_361325	67.932	474	112	21	284	724	986	1452	1.02e-22	111
ERR3077536.sra.8426	GU414239	81.319	364	34	20	89	425	357	1	2.54e-77	291
ERR3077536.sra.8501	CP001015	86.918	1460	88	64	592	1978	1430	1	0.0	1577
ERR3077536.sra.8532	gi|310830989|ref|NC_014637.1|_Cafeteria_roenbergensis_virus_BV-PW1,_complete_genome	86.364	44	6	0	1103	1146	504855	504812	8.54e-06	53.6
ERR3077536.sra.8574	AY879305	83.642	1296	72	67	2818	4001	6	1273	0.0	1205
ERR3077536.sra.8592	gi|506498274|ref|NC_021248.1|_Choristoneura_biennis_entomopoxvirus_'L',_complete_genome	76.744	86	11	4	1412	1488	231126	231211	2.91e-06	55.4
ERR3077536.sra.8592	gi|506498274|ref|NC_021248.1|_Choristoneura_biennis_entomopoxvirus_'L',_complete_genome	76.744	86	11	4	1412	1488	235593	235678	2.91e-06	55.4
ERR3077536.sra.8594	AY879305	77.756	1506	117	97	782	2079	1501	6	0.0	966
ERR3077536.sra.8597	CP001015	81.135	1410	99	78	108	1372	1388	1	0.0	1142
ERR3077536.sra.8702	NC_021350_359864_361325	68.499	473	114	21	2253	2705	986	1443	5.61e-25	118
ERR3077536.sra.8721	NC_015875_2081382_2082934	77.247	712	55	26	96	706	846	1551	5.70e-150	533
ERR3077536.sra.8886	AF016390	81.648	910	80	50	100	943	562	1450	0.0	742
ERR3077536.sra.8965	NC_019902_3560018_3561620	90.000	40	4	0	308	347	41	2	3.36e-06	55.4
ERR3077536.sra.9047	gi|109255272|ref|NC_008168.1|_Choristoneura_occidentalis_granulovirus,_complete_genome	78.873	71	15	0	2461	2531	35072	35002	1.03e-07	60.8
ERR3077536.sra.9047	gi|109255272|ref|NC_008168.1|_Choristoneura_occidentalis_granulovirus,_complete_genome	78.571	70	15	0	2462	2531	35614	35545	3.60e-07	59.0
ERR3077536.sra.9047	gi|109255272|ref|NC_008168.1|_Choristoneura_occidentalis_granulovirus,_complete_genome	77.465	71	16	0	2461	2531	34871	34801	1.26e-06	57.2
ERR3077536.sra.9047	gi|109255272|ref|NC_008168.1|_Choristoneura_occidentalis_granulovirus,_complete_genome	77.465	71	16	0	2461	2531	34892	34822	1.26e-06	57.2
ERR3077536.sra.9047	gi|109255272|ref|NC_008168.1|_Choristoneura_occidentalis_granulovirus,_complete_genome	77.465	71	16	0	2461	2531	35730	35660	1.26e-06	57.2
ERR3077536.sra.9047	gi|109255272|ref|NC_008168.1|_Choristoneura_occidentalis_granulovirus,_complete_genome	77.465	71	16	0	2461	2531	35940	35870	1.26e-06	57.2
ERR3077536.sra.9047	gi|109255272|ref|NC_008168.1|_Choristoneura_occidentalis_granulovirus,_complete_genome	77.465	71	16	0	2461	2531	36150	36080	1.26e-06	57.2
ERR3077536.sra.9047	gi|109255272|ref|NC_008168.1|_Choristoneura_occidentalis_granulovirus,_complete_genome	79.365	63	13	0	2469	2531	35628	35566	4.39e-06	55.4
ERR3077536.sra.9047	gi|109255272|ref|NC_008168.1|_Choristoneura_occidentalis_granulovirus,_complete_genome	78.462	65	14	0	2467	2531	35745	35681	4.39e-06	55.4
ERR3077536.sra.9047	gi|109255272|ref|NC_008168.1|_Choristoneura_occidentalis_granulovirus,_complete_genome	78.462	65	14	0	2467	2531	35955	35891	4.39e-06	55.4
ERR3077536.sra.9047	gi|109255272|ref|NC_008168.1|_Choristoneura_occidentalis_granulovirus,_complete_genome	78.462	65	14	0	2467	2531	36165	36101	4.39e-06	55.4
ERR3077536.sra.9055	AY879305	77.157	626	63	36	111	669	906	1518	2.20e-108	394
ERR3077536.sra.9327	NC_021040_348381_351031	71.429	196	43	9	3139	3324	2643	2451	2.09e-11	73.4
ERR3077536.sra.9361	gi|441431943|ref|NC_020104.1|_Acanthamoeba_polyphaga_moumouvirus,_complete_genome	74.468	188	36	6	1297	1475	474904	474720	9.79e-22	107
ERR3077536.sra.9361	gi|441431943|ref|NC_020104.1|_Acanthamoeba_polyphaga_moumouvirus,_complete_genome	75.362	138	32	2	1337	1474	290836	290971	2.63e-16	89.7
ERR3077536.sra.9399	NC_018081_587633_589195	84.921	252	22	11	76	313	256	7	2.67e-64	248
ERR3077536.sra.9538	FM875729	79.564	1238	111	56	107	1218	278	1499	0.0	967
ERR3077536.sra.9543	gi|310830989|ref|NC_014637.1|_Cafeteria_roenbergensis_virus_BV-PW1,_complete_genome	72.222	144	26	6	2675	2812	98015	97880	3.46e-09	66.2
ERR3077536.sra.9610	AY879305	85.256	624	40	24	1167	1761	6	606	0.0	650
ERR3077536.sra.9612	AY879305	81.910	597	44	25	101	640	597	8	1.13e-150	535
ERR3077536.sra.9623	NC_021350_359864_361325	69.406	219	47	7	465	668	1439	1226	1.07e-13	80.6
ERR3077536.sra.9661	gi|363539767|ref|NC_016072.1|_Megavirus_chiliensis,_complete_genome	75.238	105	20	3	2075	2174	550503	550400	7.55e-09	64.4
ERR3077536.sra.9827	CP001015	83.176	1480	102	81	333	1687	1458	1	0.0	1314
ERR3077536.sra.9835	gi|163954976|ref|NC_010191.1|_Ostreococcus_virus_OsV5,_complete_genome	72.258	155	28	6	1015	1158	9963	10113	1.43e-11	73.4
ERR3077536.sra.9968	AY879305	82.292	1536	98	86	234	1618	1518	6	0.0	1314
ERR3077536.sra.10096	gi|509139559|ref|NC_021320.1|_Halovirus_HRTV-5,_complete_genome	85.000	60	7	2	2760	2818	55879	55937	1.22e-07	60.8
ERR3077536.sra.10142	gi|509139559|ref|NC_021320.1|_Halovirus_HRTV-5,_complete_genome	87.500	56	5	2	1075	1129	55937	55883	3.36e-08	62.6
ERR3077536.sra.10409	AY879305	77.799	1536	123	83	876	2216	6	1518	0.0	1056
ERR3077536.sra.10720	AF016390	83.503	1279	90	67	1327	2511	1493	242	0.0	1162
ERR3077536.sra.10745	gi|118496614|ref|NC_008603.1|_Paramecium_bursaria_Chlorella_virus_FR483,_complete_genome	84.211	57	7	2	1072	1127	142510	142565	4.10e-06	55.4
ERR3077536.sra.11204	AY879305	88.223	484	19	20	2292	2749	1515	1044	4.59e-158	560
ERR3077536.sra.11278	AY879305	83.288	736	63	34	1674	2351	16	749	0.0	673
ERR3077536.sra.11309	NC_021040_348381_351031	79.518	83	10	5	2265	2342	2572	2492	1.15e-06	57.2
ERR3077536.sra.11352	gi|340025671|ref|NC_000852.5|_Paramecium_bursaria_Chlorella_virus_1,_complete_genome	84.375	64	8	2	699	761	165392	165330	1.40e-08	64.4
ERR3077536.sra.11352	gi|340025671|ref|NC_000852.5|_Paramecium_bursaria_Chlorella_virus_1,_complete_genome	84.375	64	8	2	699	761	165565	165503	1.40e-08	64.4
ERR3077536.sra.11573	AF003929	86.319	1016	67	40	100	1054	1009	5	0.0	1090
ERR3077536.sra.11778	NC_015291_14803_16340	82.314	1046	74	62	2506	3460	1529	504	0.0	874
ERR3077536.sra.11823	gi|509139678|ref|NC_021321.1|_Halovirus_HRTV-8,_complete_genome	86.207	58	5	3	2190	2244	52431	52488	3.36e-07	59.0
ERR3077536.sra.11837	AF003929	83.445	1347	107	70	1975	3226	9	1334	0.0	1213
ERR3077536.sra.11857	AY879305	85.909	1540	83	74	146	1587	6	1509	0.0	1586
ERR3077536.sra.12311	CP001015	86.906	1474	85	61	491	1872	1	1458	0.0	1611
ERR3077536.sra.12343	gi|509139559|ref|NC_021320.1|_Halovirus_HRTV-5,_complete_genome	84.746	59	6	3	461	518	55937	55881	3.87e-06	55.4
ERR3077536.sra.12344	NC_015875_2081382_2082934	83.774	265	20	15	1907	2161	6	257	5.48e-61	237
ERR3077536.sra.12486	AY879305	86.911	1230	63	50	489	1636	1514	301	0.0	1355
ERR3077536.sra.12701	gi|509139559|ref|NC_021320.1|_Halovirus_HRTV-5,_complete_genome	83.929	56	8	1	2607	2661	55937	55882	2.06e-06	57.2
ERR3077536.sra.12748	NC_018081_587633_589195	79.297	256	34	12	106	349	254	6	1.30e-45	187
ERR3077536.sra.12813	NC_017592_15332_16890	85.017	594	50	20	758	1320	1	586	3.24e-175	616
ERR3077536.sra.12851	NC_021009_505857_508732	80.460	87	12	4	1883	1964	180	266	5.83e-10	68.0
ERR3077536.sra.12999	gi|660515655|ref|NC_024451.1|_Armadillidium_vulgare_iridescent_virus_complete_genome	88.462	52	4	2	1410	1459	217799	217850	8.71e-08	60.8
ERR3077536.sra.13230	AY879305	82.629	1514	99	81	887	2249	1518	18	0.0	1328
ERR3077536.sra.13241	gi|57753395|ref|NC_006644.1|_Cotesia_congregata_virus_complete_genome,_segment_Circle12	97.059	34	1	0	189	222	1032	999	4.46e-07	57.2
ERR3077536.sra.13636	NC_021839_1492052_1493604	78.954	1568	166	78	522	1950	11	1553	0.0	1137
ERR3077536.sra.13637	AF003929	86.738	1214	80	51	2848	3996	5	1202	0.0	1306
ERR3077536.sra.13799	gi|157952304|ref|NC_009898.1|_Paramecium_bursaria_Chlorella_virus_NY2A,_complete_genome	88.889	45	4	1	323	366	278532	278576	3.91e-06	55.4
ERR3077536.sra.13833	D50540	88.070	285	16	13	1717	1989	1	279	5.36e-86	320
ERR3077536.sra.13843	NC_021350_359864_361325	74.167	240	55	5	1091	1325	1222	1459	4.12e-31	138
ERR3077536.sra.13944	gi|509139559|ref|NC_021320.1|_Halovirus_HRTV-5,_complete_genome	83.051	59	6	2	1056	1114	55882	55936	8.18e-07	57.2
ERR3077536.sra.14093	AY879305	85.819	409	20	20	1841	2215	1518	1114	2.33e-116	421
ERR3077536.sra.14183	NC_021175_16001_17556	82.270	141	14	7	101	233	1418	1555	1.17e-25	120
ERR3077536.sra.14215	AY281082	84.096	1333	83	63	97	1333	128	1427	0.0	1281
ERR3077536.sra.14287	AY879305	81.756	729	56	45	93	753	799	1518	6.54e-165	581
ERR3077536.sra.14539	gi|422933791|ref|NC_019495.1|_Cyprinid_herpesvirus_2_strain_ST-J1,_complete_genome	71.523	151	35	6	3736	3883	32711	32566	6.16e-07	59.0
ERR3077536.sra.14559	AY879305	86.581	1550	74	76	719	2171	6	1518	0.0	1636
ERR3077536.sra.14596	gi|9625875|ref|NC_001348.1|_Human_herpesvirus_3,_complete_genome	73.729	118	25	4	105	217	19045	18929	1.22e-07	60.8
ERR3077536.sra.14697	gi|509139559|ref|NC_021320.1|_Halovirus_HRTV-5,_complete_genome	87.273	55	5	2	895	948	55935	55882	8.86e-08	60.8
ERR3077536.sra.14993	CP001015	81.773	1410	110	61	680	1957	1457	63	0.0	1242
ERR3077536.sra.15011	CP001015	80.285	984	69	55	1050	1919	1458	486	0.0	765
ERR3077536.sra.15165	gi|508181800|ref|NC_021312.1|_Phaeocystis_globosa_virus_strain_16T,_complete_genome	90.244	41	4	0	1585	1625	289242	289202	7.80e-07	57.2
ERR3077536.sra.15198	AF016390	83.580	877	56	47	93	890	868	1	0.0	800
ERR3077536.sra.15205	NC_020450_475434_475549	82.927	82	13	1	245	325	101	20	3.11e-14	82.4
ERR3077536.sra.15303	AY365450	80.332	1327	94	88	643	1810	1319	1	0.0	971
ERR3077536.sra.15390	gi|509139559|ref|NC_021320.1|_Halovirus_HRTV-5,_complete_genome	84.211	57	7	2	2847	2902	55882	55937	5.59e-06	55.4
ERR3077536.sra.15406	AY879305	81.818	396	24	21	102	454	1128	1518	2.80e-91	338
ERR3077536.sra.15551	gi|212525937|ref|NC_011560.1|_Zantedeschia_mild_mosaic_virus,_complete_genome	72.358	123	25	5	888	1006	8771	8888	4.40e-06	55.4
ERR3077536.sra.15720	NC_017595_14961_16496	92.857	126	2	5	2030	2148	1536	1411	6.64e-41	170
ERR3077536.sra.15730	CP001015	82.492	1485	117	77	245	1613	1	1458	0.0	1288
ERR3077536.sra.15754	NC_015964_438409_439961	81.530	536	38	26	113	587	1018	1553	8.63e-128	459
ERR3077536.sra.15811	AY134901	83.977	699	42	37	110	742	850	1544	0.0	652
ERR3077536.sra.15825	AY879305	80.446	1524	90	92	707	2033	1518	6	0.0	1178
ERR3077536.sra.15922	gi|441431943|ref|NC_020104.1|_Acanthamoeba_polyphaga_moumouvirus,_complete_genome	73.370	184	40	5	1386	1561	474712	474894	1.72e-18	96.9
ERR3077536.sra.15952	gi|509139559|ref|NC_021320.1|_Halovirus_HRTV-5,_complete_genome	84.483	58	7	2	1974	2030	55881	55937	1.32e-06	57.2
ERR3077536.sra.15962	NC_021350_359864_361325	73.630	292	66	8	103	387	1411	1124	4.85e-36	154
ERR3077536.sra.16073	gi|527333514|ref|NC_021901.1|_Invertebrate_iridovirus_22_complete_genome	79.167	72	13	2	140	210	110283	110213	1.61e-06	55.4
ERR3077536.sra.16130	AY879305	81.639	1013	76	55	95	998	1020	9	0.0	839
ERR3077536.sra.16209	AY879305	80.572	1539	100	93	711	2076	1518	6	0.0	1187
ERR3077536.sra.16227	NC_003028_15344_16903	83.598	189	8	9	1679	1847	1560	1375	3.07e-44	181
ERR3077536.sra.16275	AY879305	83.101	503	31	24	91	546	501	6	3.04e-129	464
ERR3077536.sra.16398	NC_021175_16001_17556	82.482	274	14	15	1484	1730	1555	1289	3.57e-62	241
ERR3077536.sra.16441	AY879305	82.772	1039	89	42	1763	2728	1518	497	0.0	958
ERR3077536.sra.16493	AF003929	87.019	909	47	42	853	1704	1520	626	0.0	982
ERR3077536.sra.16493	AF003929	84.802	454	21	24	1741	2162	536	99	9.78e-123	443
ERR3077536.sra.16498	AY485602	83.679	723	54	35	86	757	710	1	0.0	672
ERR3077536.sra.16587	AY879305	79.491	707	53	48	432	1051	1517	816	8.92e-137	488
ERR3077536.sra.16647	NC_022582_327975_329522	82.143	588	36	35	2173	2694	1548	964	1.94e-137	491
ERR3077536.sra.16808	NC_019770_217508_219059	84.588	1116	77	51	1260	2292	1548	445	0.0	1094
ERR3077536.sra.16808	NC_019770_217508_219059	76.536	179	22	9	2498	2656	179	1	7.97e-23	111
ERR3077536.sra.16824	AY879305	84.740	308	23	15	103	398	1223	1518	1.82e-79	298
ERR3077536.sra.17036	AY879305	88.055	293	17	11	1333	1611	7	295	1.61e-91	338
ERR3077536.sra.17117	NC_021350_359864_361325	81.250	112	14	6	86	190	1322	1211	2.14e-16	87.8
ERR3077536.sra.17365	NC_017592_15332_16890	82.199	191	16	9	94	266	195	5	1.40e-39	167
ERR3077536.sra.17369	AY879305	75.450	778	88	44	1765	2444	1464	692	3.40e-121	437
ERR3077536.sra.17507	AY879305	80.860	465	36	32	1656	2076	1518	1063	1.71e-92	342
ERR3077536.sra.17543	D50540	86.813	273	15	13	121	373	272	1	3.93e-78	293
ERR3077536.sra.17564	NC_015678_4661_6196	84.650	671	43	37	111	727	665	1	2.30e-180	634
ERR3077536.sra.17616	gi|531034792|ref|NC_022098.1|_Pandoravirus_salinus,_complete_genome	85.455	55	7	1	2698	2751	1614119	1614065	1.42e-07	60.8
ERR3077536.sra.17651	CP001015	85.047	1391	77	65	1221	2496	1458	84	0.0	1397
ERR3077536.sra.17792	AY879305	90.315	444	18	20	104	526	445	6	3.07e-152	540
ERR3077536.sra.17809	AY879305	84.790	1499	106	67	2717	4107	1490	6	0.0	1483
ERR3077536.sra.17939	gi|582973099|ref|NC_023426.1|_Anomala_cuprea_entomopoxvirus_DNA,_complete_genome,_strain:_CV6M	73.636	110	23	4	694	802	94246	94142	4.65e-06	55.4
ERR3077536.sra.17981	NC_004193_91493_93058	78.664	853	86	45	1150	1911	1559	712	1.06e-170	601
ERR3077536.sra.17984	AF016390	84.080	1495	95	80	2077	3440	1483	1	0.0	1391
ERR3077536.sra.18048	NC_013853_16701_18238	82.361	720	48	31	107	769	833	1530	0.0	657
ERR3077536.sra.18206	AY879305	87.903	744	47	25	1152	1862	1518	785	0.0	863
ERR3077536.sra.18296	AM157420	87.698	1260	70	51	1348	2553	28	1256	0.0	1420
ERR3077536.sra.18313	NC_009443_16967_18518	91.089	202	6	6	104	295	1342	1541	2.71e-70	268
ERR3077536.sra.18374	NC_015291_14803_16340	81.501	773	51	45	80	768	765	1	1.60e-179	630
ERR3077536.sra.18397	NC_021040_348381_351031	78.378	111	11	7	581	680	2493	2601	1.60e-11	73.4
ERR3077536.sra.18486	gi|660515655|ref|NC_024451.1|_Armadillidium_vulgare_iridescent_virus_complete_genome	75.000	112	15	4	2834	2945	198850	198752	2.28e-10	69.8
ERR3077536.sra.18512	AY879305	88.128	876	41	36	236	1056	1512	645	0.0	1005
ERR3077536.sra.18529	AY879305	78.667	825	86	42	1612	2357	373	1186	2.87e-166	587
ERR3077536.sra.18577	AY879305	83.397	524	28	25	1839	2327	1518	1019	4.82e-138	493
ERR3077536.sra.18590	AY879305	82.349	1439	117	66	105	1429	103	1518	0.0	1276
ERR3077536.sra.18592	NC_017139_69712_71266	80.561	1569	187	64	475	1947	8	1554	0.0	1272
ERR3077536.sra.18662	AY879305	84.017	463	29	24	94	525	1070	1518	5.72e-120	434
ERR3077536.sra.18864	gi|506498610|ref|NC_021249.1|_Choristoneura_rosaceana_entomopoxvirus_'L',_complete_genome	90.476	42	3	1	1969	2009	253737	253696	3.56e-06	55.4
ERR3077536.sra.18906	NC_021839_1492052_1493604	79.264	1548	181	72	606	2043	1553	36	0.0	1146
ERR3077536.sra.18920	gi|213159268|ref|NC_011588.1|_Oryctes_rhinoceros_virus,_complete_genome	71.074	121	20	4	1345	1451	7505	7624	9.52e-07	57.2
ERR3077536.sra.18974	gi|441431943|ref|NC_020104.1|_Acanthamoeba_polyphaga_moumouvirus,_complete_genome	76.238	101	21	3	1395	1493	299107	299206	9.57e-09	64.4
ERR3077536.sra.19271	gi|313768203|ref|NC_014767.1|_Micromonas_sp._RCC1109_virus_MpV1,_complete_genome	79.167	72	13	2	2046	2116	138401	138471	5.26e-06	55.4
ERR3077536.sra.19315	NC_021350_359864_361325	71.546	485	104	20	1134	1595	986	1459	7.04e-48	194
ERR3077536.sra.19368	gi|508181800|ref|NC_021312.1|_Phaeocystis_globosa_virus_strain_16T,_complete_genome	72.951	122	25	5	221	336	289123	289242	1.78e-06	57.2
ERR3077536.sra.19380	AY485602	82.941	680	46	30	111	723	677	1	1.24e-179	632
ERR3077536.sra.19465	NC_020450_475434_475549	78.205	78	11	3	832	907	98	25	9.58e-07	57.2
ERR3077536.sra.19518	D50540	82.609	115	9	6	2810	2917	2	112	3.82e-20	102
ERR3077536.sra.19778	gi|363539767|ref|NC_016072.1|_Megavirus_chiliensis,_complete_genome	86.667	45	6	0	2281	2325	163350	163306	3.96e-06	55.4
ERR3077536.sra.20178	FJ470432	81.653	714	42	48	101	731	786	79	1.32e-158	562
ERR3077536.sra.20188	D50540	85.778	225	11	14	103	309	242	21	2.06e-55	219
ERR3077536.sra.20230	NC_017595_14961_16496	82.500	320	25	17	2725	3014	1536	1218	8.64e-73	277
ERR3077536.sra.20376	gi|313767999|ref|NC_014765.1|_Bathycoccus_sp._RCC1105_virus_BpV1,_complete_genome	72.727	121	25	5	1458	1572	11483	11365	3.28e-06	55.4
ERR3077536.sra.20382	NC_006449_17815_19369	74.790	119	12	6	97	197	119	1	1.57e-10	69.8
ERR3077536.sra.20422	gi|310830989|ref|NC_014637.1|_Cafeteria_roenbergensis_virus_BV-PW1,_complete_genome	73.643	129	24	4	1090	1208	451452	451324	9.48e-11	71.6
ERR3077536.sra.20475	NC_021350_359864_361325	74.000	300	57	16	1566	1844	1142	1441	1.71e-30	136
ERR3077536.sra.20571	AY879305	88.429	821	49	28	517	1299	1504	692	0.0	967
ERR3077536.sra.20631	NC_020450_475434_475549	81.176	85	14	1	3901	3985	101	19	5.97e-13	78.8
ERR3077536.sra.20656	NC_020450_475434_475549	79.762	84	14	3	3354	3436	101	20	1.51e-08	64.4
ERR3077536.sra.20703	AY879305	84.635	1536	108	67	979	2411	6	1516	0.0	1519
ERR3077536.sra.20799	FJ983036	86.232	690	34	29	1684	2318	1542	859	0.0	740
ERR3077536.sra.21093	CP001015	85.988	992	48	48	2640	3548	1456	473	0.0	1029
ERR3077536.sra.21284	NC_021040_348381_351031	75.940	133	24	6	3447	3573	2562	2432	2.05e-12	77.0
ERR3077536.sra.21622	gi|506498610|ref|NC_021249.1|_Choristoneura_rosaceana_entomopoxvirus_'L',_complete_genome	80.822	73	12	2	485	557	135285	135215	2.54e-08	62.6
ERR3077536.sra.21691	gi|9625955|ref|NC_001350.1|_Saimiriine_herpesvirus_2_complete_genome	79.762	84	11	5	188	269	106945	106866	3.96e-07	59.0
ERR3077536.sra.21779	NC_021350_359864_361325	70.880	443	105	15	815	1237	1020	1458	2.50e-41	172
ERR3077536.sra.21808	gi|509139559|ref|NC_021320.1|_Halovirus_HRTV-5,_complete_genome	84.906	53	7	1	672	724	55882	55933	4.50e-07	57.2
ERR3077536.sra.21925	FJ983036	80.378	688	57	42	2515	3137	1538	864	6.91e-144	513
ERR3077536.sra.22103	GQ018918	91.489	141	6	4	102	239	148	11	2.46e-46	188
ERR3077536.sra.22227	gi|49237297|ref|NC_005946.1|_Frog_virus_3,_complete_genome	79.688	64	13	0	1920	1983	51151	51088	1.79e-06	57.2
ERR3077536.sra.22252	NC_021040_348381_351031	88.889	54	4	2	1892	1943	2589	2536	7.50e-09	64.4
ERR3077536.sra.22322	gi|363539767|ref|NC_016072.1|_Megavirus_chiliensis,_complete_genome	86.792	53	5	2	1874	1925	876426	876477	1.44e-06	57.2
ERR3077536.sra.22404	NC_015291_14803_16340	85.905	1050	63	45	1630	2611	1	1033	0.0	1101
ERR3077536.sra.22405	gi|441431943|ref|NC_020104.1|_Acanthamoeba_polyphaga_moumouvirus,_complete_genome	73.394	109	28	1	113	220	299221	299113	1.99e-08	62.6
ERR3077536.sra.22406	AY879305	85.340	382	20	17	2172	2529	1517	1148	1.31e-107	392
ERR3077536.sra.22516	AF016390	79.569	1253	107	74	98	1216	1238	1	0.0	906
ERR3077536.sra.22608	gi|9625955|ref|NC_001350.1|_Saimiriine_herpesvirus_2_complete_genome	68.539	178	41	6	1632	1808	106549	106712	3.46e-06	55.4
ERR3077536.sra.22809	AY485603	76.164	1267	156	74	2120	3272	1468	234	0.0	722
ERR3077536.sra.22902	CP001015	86.639	1467	84	61	689	2052	1458	1	0.0	1588
ERR3077536.sra.22971	AY879305	85.061	1399	105	64	101	1410	135	1518	0.0	1386
ERR3077536.sra.23020	AY879305	80.250	1519	98	92	654	1987	1518	17	0.0	1155
ERR3077536.sra.23113	gi|509139559|ref|NC_021320.1|_Halovirus_HRTV-5,_complete_genome	86.207	58	6	2	1745	1802	55882	55937	2.86e-08	62.6
ERR3077536.sra.23246	gi|57659582|ref|NC_006656.1|_Cotesia_congregata_virus_complete_genome,_segment_Circle26	90.476	42	4	0	6	47	4065	4024	3.52e-07	59.0
ERR3077536.sra.23294	NC_015964_438409_439961	85.660	1046	54	49	1210	2177	1540	513	0.0	1076
ERR3077536.sra.23448	NC_021009_505857_508732	85.057	87	7	4	2497	2577	180	266	2.84e-15	86.0
ERR3077536.sra.23529	AY879305	80.897	1539	118	79	747	2140	1516	9	0.0	1252
ERR3077536.sra.23699	AY879307	77.141	1483	151	82	173	1483	1518	52	0.0	946
