ERR3077519.sra.19	AJ621549	84.467	882	54	45	834	1640	1	874	0.0	847
ERR3077519.sra.324	NC_010617_1752303_1753835	90.244	41	4	0	35	75	1491	1531	1.07e-06	57.2
ERR3077519.sra.336	NC_010376_197837_199361	82.857	1120	84	62	43	1062	414	1525	0.0	973
ERR3077519.sra.369	gi|139424470|ref|NC_009334.1|_Human_herpesvirus_4,_complete_genome	85.528	1534	63	76	51	1437	6398	4877	0.0	1566
ERR3077519.sra.731	NC_013203_1457029_1458528	80.769	156	16	6	1304	1445	1	156	1.10e-29	132
ERR3077519.sra.742	NC_016845_16189_17714	81.930	974	49	50	46	905	562	1522	0.0	852
ERR3077519.sra.1332	AF292371	82.839	944	62	51	5	856	936	1	0.0	832
ERR3077519.sra.1341	AF292371	80.723	166	18	8	1279	1430	1	166	1.08e-29	132
ERR3077519.sra.1399	AF292371	74.171	844	62	53	129	822	844	7	2.82e-122	441
ERR3077519.sra.1534	AF292371	75.600	959	103	57	31	872	945	1	2.02e-151	536
ERR3077519.sra.1638	AF292371	81.967	976	65	50	26	900	966	1	0.0	841
ERR3077519.sra.1738	NC_010376_197837_199361	78.867	1112	88	72	1169	2140	1516	412	0.0	755
ERR3077519.sra.1868	AJ621549	79.951	823	59	56	1414	2133	1	820	3.12e-165	583
ERR3077519.sra.1914	AF292371	76.791	935	77	65	15	818	930	5	5.36e-153	542
ERR3077519.sra.1931	gi|506498610|ref|NC_021249.1|_Choristoneura_rosaceana_entomopoxvirus_'L',_complete_genome	79.104	67	13	1	111	176	35724	35790	4.12e-06	55.4
ERR3077519.sra.2145	gi|313768203|ref|NC_014767.1|_Micromonas_sp._RCC1109_virus_MpV1,_complete_genome	76.289	97	15	5	384	472	11550	11646	2.59e-07	57.2
ERR3077519.sra.2167	NC_010376_197837_199361	79.946	1107	89	68	51	1038	422	1514	0.0	809
ERR3077519.sra.2198	AJ621549	77.799	1045	96	68	47	968	354	1385	0.0	655
ERR3077519.sra.2198	AJ621549	89.062	64	0	3	605	661	1436	1499	4.89e-13	77.0
ERR3077519.sra.2318	NC_021009_505857_508732	75.904	83	11	2	873	946	194	276	1.31e-07	59.0
ERR3077519.sra.2491	NC_021018_3070260_3072809	89.286	56	1	3	300	352	237	184	1.20e-09	66.2
ERR3077519.sra.2507	NC_010376_197837_199361	85.191	655	34	36	539	1132	1503	851	0.0	639
ERR3077519.sra.2601	NC_022584_1536869_1538421	90.909	44	2	2	523	564	1	44	9.12e-07	55.4
ERR3077519.sra.2791	gi|313768203|ref|NC_014767.1|_Micromonas_sp._RCC1109_virus_MpV1,_complete_genome	86.885	61	7	1	30	90	11647	11588	1.10e-11	71.6
ERR3077519.sra.2804	NC_010376_197837_199361	82.629	1088	81	66	722	1708	13	1093	0.0	910
ERR3077519.sra.2991	AJ621549	75.978	179	16	10	50	201	219	41	1.84e-22	109
ERR3077519.sra.3159	NC_010376_197837_199361	81.306	1118	76	64	946	1946	1516	415	0.0	906
ERR3077519.sra.3202	NC_021040_348381_351031	75.000	120	25	4	995	1110	2437	2555	6.69e-10	68.0
ERR3077519.sra.3278	NC_021350_359864_361325	70.952	210	50	9	1133	1332	1133	1341	1.06e-11	73.4
ERR3077519.sra.3354	NC_010376_197837_199361	82.637	1532	117	83	294	1692	10	1525	0.0	1324
ERR3077519.sra.3380	AF292371	80.519	154	10	10	1429	1563	1280	1128	9.15e-25	116
ERR3077519.sra.3390	gi|9964314|ref|NC_002520.1|_Amsacta_moorei_entomopoxvirus_'L',_complete_genome	72.093	129	25	6	368	496	207981	208098	3.15e-06	53.6
ERR3077519.sra.3510	AF292371	74.868	947	73	65	16	804	940	1	1.05e-137	491
ERR3077519.sra.3945	gi|526118633|ref|NC_021858.1|_Pandoravirus_dulcis,_complete_genome	80.952	63	11	1	49	111	222974	222913	7.20e-07	57.2
ERR3077519.sra.4144	NC_013203_1457029_1458528	79.661	177	13	10	3	159	175	2	1.07e-29	132
ERR3077519.sra.4262	NC_017038_2449904_2451392	94.737	38	2	0	1325	1362	1487	1450	5.31e-08	60.8
ERR3077519.sra.4290	gi|529218053|ref|NC_021923.1|_Hemileuca_sp._nucleopolyhedrovirus,_complete_genome	79.710	69	11	2	1819	1885	48987	48920	4.88e-06	55.4
ERR3077519.sra.4545	L16474	84.545	110	6	5	20	119	109	1	2.34e-23	111
ERR3077519.sra.4656	gi|509139559|ref|NC_021320.1|_Halovirus_HRTV-5,_complete_genome	87.931	58	4	3	973	1028	55937	55881	2.74e-08	62.6
ERR3077519.sra.4752	NC_013203_1457029_1458528	91.813	171	2	7	1362	1520	1	171	2.36e-57	224
ERR3077519.sra.4772	AF292371	79.896	960	81	61	1334	2200	16	956	0.0	688
ERR3077519.sra.4869	NC_010376_197837_199361	79.732	1120	82	72	561	1545	1525	416	0.0	803
ERR3077519.sra.4892	gi|807743875|ref|NC_026807.1|_Mongoose_feces-associated_gemycircularvirus_a_strain_181a,_complete_genome	86.364	44	6	0	1005	1048	1664	1707	9.44e-06	53.6
ERR3077519.sra.4908	NC_013203_1457029_1458528	94.737	38	1	1	47	83	1463	1500	4.70e-07	57.2
ERR3077519.sra.5099	AF292371	85.979	970	57	43	448	1348	1	960	0.0	1014
ERR3077519.sra.5102	NC_010376_197837_199361	97.727	44	1	0	1450	1493	1	44	2.65e-12	75.2
ERR3077519.sra.5130	AJ621549	79.422	554	44	35	1085	1569	1420	868	2.79e-107	390
ERR3077519.sra.5398	AF292371	82.573	1096	67	60	1427	2407	1440	354	0.0	957
ERR3077519.sra.5527	NC_013203_1457029_1458528	78.261	138	18	6	58	188	133	1	2.37e-19	98.7
ERR3077519.sra.5531	NC_010376_197837_199361	83.598	1512	98	85	603	1975	14	1514	0.0	1361
ERR3077519.sra.5533	AF292371	79.938	972	93	52	1282	2163	1	960	0.0	731
ERR3077519.sra.5536	AJ621549	82.464	211	17	11	2545	2736	1	210	1.32e-44	183
ERR3077519.sra.5898	gi|313768203|ref|NC_014767.1|_Micromonas_sp._RCC1109_virus_MpV1,_complete_genome	89.286	56	4	2	366	420	11593	11647	1.28e-10	68.0
ERR3077519.sra.5919	NC_013203_1457029_1458528	84.146	164	18	3	1264	1419	11	174	1.22e-41	172
ERR3077519.sra.5933	NC_022566_236807_238345	88.095	84	5	4	28	106	108	25	1.44e-17	93.3
ERR3077519.sra.6088	NC_009523_1414348_1415838	96.000	50	1	1	152	201	1440	1488	2.20e-13	78.8
ERR3077519.sra.6107	NC_021040_348381_351031	73.381	139	25	8	294	422	2441	2577	1.43e-07	59.0
ERR3077519.sra.6214	NC_013203_1457029_1458528	76.966	178	16	9	45	204	175	5	2.49e-25	118
ERR3077519.sra.6245	AF292371	78.680	591	40	31	27	531	959	369	2.43e-121	435
ERR3077519.sra.6285	AF292371	80.383	887	62	52	1241	2036	26	891	0.0	682
ERR3077519.sra.6479	AF292371	83.218	1448	88	87	1032	2342	1	1430	0.0	1263
ERR3077519.sra.6492	NC_012731_16080_17619	80.392	663	53	43	1197	1793	2	653	5.41e-136	486
ERR3077519.sra.6601	NC_013203_1457029_1458528	86.047	86	5	3	1301	1380	1496	1412	2.61e-18	95.1
ERR3077519.sra.6622	gi|9631294|ref|NC_001993.1|_Melanoplus_sanguinipes_entomopoxvirus,_complete_genome	77.632	76	14	2	396	471	31052	30980	5.23e-06	55.4
ERR3077519.sra.6815	NC_010376_197837_199361	66.188	1532	192	115	937	2153	1521	1	1.29e-50	203
ERR3077519.sra.6932	AF292371	82.251	1324	82	87	15	1196	1313	1	0.0	1074
ERR3077519.sra.7024	NC_010376_197837_199361	77.899	733	47	43	57	679	817	90	1.02e-140	502
ERR3077519.sra.7171	NC_010376_197837_199361	78.308	1111	112	65	13	1005	412	1511	0.0	740
ERR3077519.sra.7258	NC_010376_197837_199361	85.013	1121	69	55	18	1047	413	1525	0.0	1106
ERR3077519.sra.7274	Y13364	85.129	1123	65	57	26	1057	399	1510	0.0	1108
ERR3077519.sra.7293	gi|139424470|ref|NC_009334.1|_Human_herpesvirus_4,_complete_genome	86.667	720	42	39	5	679	116629	117339	0.0	738
ERR3077519.sra.7346	NC_013203_1457029_1458528	86.106	583	28	23	2624	3155	14	594	3.55e-179	630
ERR3077519.sra.7427	NC_010376_197837_199361	74.092	413	48	24	51	406	411	1	2.11e-52	208
ERR3077519.sra.7558	NC_013203_1457029_1458528	85.047	535	37	23	492	985	3	535	1.52e-152	540
ERR3077519.sra.7606	AF292371	79.738	992	76	57	49	926	1352	372	0.0	738
ERR3077519.sra.7776	gi|157781212|ref|NC_009823.1|_Hepatitis_C_virus_genotype_2,_complete_genome	87.234	141	15	1	2	139	9482	9622	2.48e-41	172
ERR3077519.sra.7891	AF292371	78.871	1453	121	95	631	1913	1445	9	0.0	976
ERR3077519.sra.7998	AF292371	81.941	443	19	26	2	391	440	6	6.35e-103	376
ERR3077519.sra.8017	gi|441431943|ref|NC_020104.1|_Acanthamoeba_polyphaga_moumouvirus,_complete_genome	77.451	102	19	4	721	820	444726	444825	1.42e-09	66.2
ERR3077519.sra.8039	NC_009663_37472_38980	95.122	41	1	1	21	60	42	2	1.51e-08	62.6
ERR3077519.sra.8138	NC_021350_359864_361325	68.944	483	118	20	2388	2847	1459	986	6.39e-30	134
ERR3077519.sra.8263	NC_010376_197837_199361	84.244	787	51	40	38	758	735	1514	0.0	746
ERR3077519.sra.8368	gi|313767999|ref|NC_014765.1|_Bathycoccus_sp._RCC1105_virus_BpV1,_complete_genome	81.579	76	14	0	1436	1511	22084	22159	3.87e-12	75.2
ERR3077519.sra.8386	gi|506498610|ref|NC_021249.1|_Choristoneura_rosaceana_entomopoxvirus_'L',_complete_genome	78.667	75	13	3	491	564	123681	123609	8.69e-06	53.6
ERR3077519.sra.8631	NC_013203_1457029_1458528	81.148	122	10	6	6	115	121	1	1.68e-20	102
ERR3077519.sra.8638	AF292371	80.997	863	51	47	9	760	861	1	0.0	708
ERR3077519.sra.8890	NC_013203_1457029_1458528	79.840	501	51	27	66	523	494	1	8.81e-102	372
ERR3077519.sra.8997	NC_013203_1457029_1458528	83.041	171	8	10	24	176	175	8	1.11e-35	152
ERR3077519.sra.9088	NC_010376_197837_199361	79.840	1126	80	63	389	1379	1525	412	0.0	856
ERR3077519.sra.9422	AJ621549	78.631	833	84	49	23	767	605	1431	1.77e-159	563
ERR3077519.sra.9422	AJ621549	84.615	65	3	3	363	421	1439	1502	1.20e-09	66.2
ERR3077519.sra.9571	NC_010376_197837_199361	76.133	331	31	24	17	310	1206	1525	4.88e-43	176
ERR3077519.sra.9642	NC_013203_1457029_1458528	97.059	34	0	1	1319	1351	1498	1465	7.83e-06	53.6
ERR3077519.sra.9776	AF292371	80.454	1453	125	84	1351	2657	1	1440	0.0	1104
ERR3077519.sra.9784	AF292371	76.661	587	71	29	47	575	959	381	9.38e-102	370
ERR3077519.sra.9820	AF292371	78.326	872	67	59	9	764	873	8	7.63e-160	565
ERR3077519.sra.9932	gi|506498026|ref|NC_021247.1|_Adoxophyes_honmai_enomopoxvirus_'L',_complete_genome	90.000	40	4	0	705	744	193830	193869	1.79e-06	55.4
ERR3077519.sra.9985	AJ621549	72.214	1436	190	96	164	1402	8	1431	2.02e-154	547
ERR3077519.sra.10108	gi|313768203|ref|NC_014767.1|_Micromonas_sp._RCC1109_virus_MpV1,_complete_genome	88.710	62	5	2	359	419	11587	11647	3.07e-12	73.4
ERR3077519.sra.10370	NC_015844_1113308_1114833	93.333	45	3	0	1161	1205	1525	1481	3.16e-10	68.0
ERR3077519.sra.10391	NC_021009_505857_508732	75.610	123	23	3	620	735	300	178	5.14e-14	80.6
ERR3077519.sra.10423	gi|363539767|ref|NC_016072.1|_Megavirus_chiliensis,_complete_genome	68.803	234	48	12	2062	2283	879538	879758	2.92e-08	62.6
ERR3077519.sra.10460	gi|71658858|ref|NC_007242.1|_Vicia_cryptic_virus_RNA2,_complete_genome	88.710	62	7	0	7	68	1776	1715	4.60e-14	80.6
ERR3077519.sra.10563	AF292371	87.208	1157	48	56	15	1076	1152	1	0.0	1258
ERR3077519.sra.10900	NC_010376_197837_199361	81.422	1125	93	56	32	1052	412	1524	0.0	939
ERR3077519.sra.10917	NC_010376_197837_199361	83.333	372	33	19	492	837	1458	1090	3.45e-90	333
ERR3077519.sra.10975	NC_013203_1457029_1458528	87.368	95	5	4	20	107	136	42	1.50e-21	105
ERR3077519.sra.11071	NC_010376_197837_199361	84.731	1133	69	57	35	1082	412	1525	0.0	1101
ERR3077519.sra.11145	AJ621549	82.791	1383	104	67	1213	2475	63	1431	0.0	1242
ERR3077519.sra.11145	AJ621549	92.308	65	4	1	2054	2117	1442	1506	7.02e-17	91.5
ERR3077519.sra.11310	NC_010376_197837_199361	86.396	1110	70	48	48	1079	419	1525	0.0	1178
ERR3077519.sra.11353	NC_010376_197837_199361	85.993	1128	70	47	1156	2217	1525	420	0.0	1189
ERR3077519.sra.11426	Y13364	84.095	1138	85	61	9	1066	389	1510	0.0	1049
ERR3077519.sra.11475	AF292371	70.842	950	101	78	21	803	966	26	1.41e-71	271
ERR3077519.sra.11665	Y13364	80.634	1136	79	70	1167	2171	1510	385	0.0	868
