ERR3077537.sra.176	gi|254728914|ref|NC_013015.1|_Sclerotinia_sclerotiorum_partitivirus_S_segment_2,_complete_genome	81.013	79	15	0	14	92	1852	1774	5.98e-12	75.2
ERR3077537.sra.442	AY005041	83.576	481	30	27	105	548	484	16	2.14e-120	435
ERR3077537.sra.501	gi|509139559|ref|NC_021320.1|_Halovirus_HRTV-5,_complete_genome	88.889	54	5	1	2446	2499	55935	55883	9.51e-10	68.0
ERR3077537.sra.527	gi|509139559|ref|NC_021320.1|_Halovirus_HRTV-5,_complete_genome	87.500	56	5	2	2363	2417	55883	55937	2.87e-08	62.6
ERR3077537.sra.552	NC_021040_348381_351031	73.006	163	24	5	2763	2905	2597	2435	7.61e-17	91.5
ERR3077537.sra.811	NC_020450_475434_475549	83.721	86	13	1	2000	2084	105	20	3.16e-16	89.7
ERR3077537.sra.968	CP001015	81.588	1499	140	79	263	1666	1	1458	0.0	1225
ERR3077537.sra.1099	gi|506498026|ref|NC_021247.1|_Adoxophyes_honmai_enomopoxvirus_'L',_complete_genome	70.246	447	102	16	1242	1664	18591	18152	1.37e-38	163
ERR3077537.sra.1116	NC_021350_359864_361325	72.549	204	41	9	247	439	1332	1133	9.34e-17	89.7
ERR3077537.sra.1172	NC_017022_471741_473289	84.555	641	44	31	99	704	926	1546	1.14e-175	619
ERR3077537.sra.1262	CP001015	87.143	1470	86	67	364	1742	1458	1	0.0	1590
ERR3077537.sra.1341	gi|118496614|ref|NC_008603.1|_Paramecium_bursaria_Chlorella_virus_FR483,_complete_genome	86.441	59	8	0	1536	1594	142510	142568	6.35e-11	71.6
ERR3077537.sra.1368	NC_015875_2081382_2082934	85.572	1601	108	65	1997	3527	6	1553	0.0	1663
ERR3077537.sra.1398	CP001015	86.168	1417	107	54	111	1467	1388	1	0.0	1508
ERR3077537.sra.1519	gi|294768475|ref|NC_006962.2|_Blackberry_yellow_vein-associated_virus_RNA1,_complete_sequence	87.234	47	5	1	1898	1943	5141	5095	6.59e-06	55.4
ERR3077537.sra.1530	NC_021350_359864_361325	68.013	297	81	10	938	1224	1133	1425	7.20e-12	75.2
ERR3077537.sra.1598	M58839	85.714	119	4	8	2701	2811	2	115	5.81e-24	114
ERR3077537.sra.1625	AY207052	88.387	465	18	19	2165	2597	1490	1030	1.18e-152	542
ERR3077537.sra.1701	CP001015	85.589	1478	94	65	1695	3073	1458	1	0.0	1519
ERR3077537.sra.1810	AY005041	81.481	324	26	16	95	384	324	1	1.08e-71	273
ERR3077537.sra.1939	gi|482650988|ref|NC_021095.1|_White_clover_cryptic_virus_2_isolate_IPP_Lirepa_segment_RNA_2,_complete_sequence	91.228	57	4	1	2948	3004	2284	2339	1.60e-12	77.0
ERR3077537.sra.1943	NC_021040_348381_351031	69.106	246	51	9	2536	2764	2597	2360	1.10e-14	84.2
ERR3077537.sra.2098	gi|163954976|ref|NC_010191.1|_Ostreococcus_virus_OsV5,_complete_genome	78.947	95	11	4	1675	1760	10056	9962	7.31e-11	71.6
ERR3077537.sra.2126	NC_021350_359864_361325	70.833	216	50	7	503	706	1347	1133	2.77e-15	86.0
