ERR3077538.sra.29	NC_021040_348381_351031	75.735	136	24	5	2182	2314	2599	2470	3.21e-14	82.4
ERR3077538.sra.84	NC_012731_16080_17619	85.598	1472	80	66	67	1442	1436	1	0.0	1521
ERR3077538.sra.127	NC_003197_289189_290732	82.345	1450	108	76	2873	4216	1418	11	0.0	1252
ERR3077538.sra.586	gi|531034792|ref|NC_022098.1|_Pandoravirus_salinus,_complete_genome	80.303	66	11	1	1226	1291	2175137	2175074	6.23e-07	59.0
ERR3077538.sra.766	NC_021040_348381_351031	80.435	138	21	4	4106	4240	2612	2478	8.90e-24	114
ERR3077538.sra.917	NC_021350_359864_361325	83.333	72	11	1	1537	1608	1232	1302	2.17e-11	73.4
ERR3077538.sra.987	NC_022544_289178_290721	86.860	1583	95	58	1439	2949	1	1542	0.0	1757
ERR3077538.sra.1015	NC_003197_289189_290732	89.189	74	2	4	2839	2909	1542	1472	6.09e-15	86.0
ERR3077538.sra.1042	NC_013850_442637_444164	80.745	805	49	38	49	760	694	1485	0.0	677
ERR3077538.sra.1050	NC_022544_289178_290721	85.292	1557	95	66	2875	4326	1532	5	0.0	1599
ERR3077538.sra.1109	NC_012731_16080_17619	83.458	1342	106	70	80	1363	257	1540	0.0	1209
ERR3077538.sra.1404	NC_017540_397790_399343	81.659	856	57	41	78	846	843	1	0.0	742
ERR3077538.sra.1485	NC_021350_359864_361325	69.697	297	77	9	1033	1323	997	1286	5.68e-20	102
ERR3077538.sra.1508	gi|15617474|ref|NC_003102.1|_Spodoptera_litura_NPV,_complete_genome	92.105	38	3	0	2189	2226	6736	6773	6.96e-06	55.4
ERR3077538.sra.1535	NC_021040_348381_351031	77.778	126	23	4	2777	2901	2599	2478	9.33e-16	87.8
ERR3077538.sra.1539	gi|157781214|ref|NC_009827.1|_Hepatitis_C_virus_genotype_6,_complete_genome	90.667	75	7	0	1	75	9441	9515	1.49e-20	104
ERR3077538.sra.1567	gi|526118633|ref|NC_021858.1|_Pandoravirus_dulcis,_complete_genome	79.012	81	13	4	2081	2159	18173	18095	5.01e-06	55.4
ERR3077538.sra.1601	NC_012731_16080_17619	84.435	1574	95	79	859	2317	1539	1	0.0	1514
ERR3077538.sra.1635	gi|288887367|ref|NC_013804.1|_Pseudocowpox_virus,_complete_genome	80.000	70	12	2	1257	1326	4333	4266	1.82e-06	57.2
ERR3077538.sra.1635	gi|288887367|ref|NC_013804.1|_Pseudocowpox_virus,_complete_genome	80.000	70	12	2	1257	1326	140957	141024	1.82e-06	57.2
ERR3077538.sra.1679	NC_021350_359864_361325	70.984	193	45	7	2514	2699	1414	1226	6.44e-12	75.2
ERR3077538.sra.1701	NC_022566_236807_238345	85.595	479	27	23	2142	2596	1	461	2.37e-136	488
ERR3077538.sra.1701	NC_022566_236807_238345	83.654	104	3	10	2644	2733	710	813	4.04e-13	78.8
ERR3077538.sra.1780	NC_012731_16080_17619	82.265	733	50	40	3111	3782	1538	825	1.50e-178	628
ERR3077538.sra.1881	GQ114905	85.008	1194	94	44	1407	2544	1	1165	0.0	1225
ERR3077538.sra.1909	NC_022566_236807_238345	99.265	136	0	1	66	200	136	1	1.08e-60	237
ERR3077538.sra.2032	NC_016845_16189_17714	79.173	1378	123	77	206	1450	180	1526	0.0	993
ERR3077538.sra.2042	gi|531034792|ref|NC_022098.1|_Pandoravirus_salinus,_complete_genome	73.810	126	23	5	2585	2709	2175047	2175163	3.98e-09	66.2
ERR3077538.sra.2077	NC_021040_348381_351031	79.381	97	10	6	2273	2364	2589	2498	8.32e-10	68.0
ERR3077538.sra.2106	NC_011283_454685_456216	88.547	716	29	26	58	749	843	1529	0.0	852
ERR3077538.sra.2120	gi|119953744|ref|NC_008724.1|_Acanthocystis_turfacea_Chlorella_virus_1,_complete_genome	78.378	74	13	1	1820	1890	186435	186362	2.20e-07	60.8
ERR3077538.sra.2142	GQ098970	86.180	890	45	40	73	896	878	1	0.0	940
ERR3077538.sra.2177	NC_012731_16080_17619	85.000	1560	111	64	496	1966	11	1536	0.0	1581
ERR3077538.sra.2196	gi|531034792|ref|NC_022098.1|_Pandoravirus_salinus,_complete_genome	75.248	101	18	3	1402	1498	2175173	2175076	3.99e-08	62.6
ERR3077538.sra.2213	NC_013850_442637_444164	74.962	663	74	45	92	715	919	1528	7.28e-88	327
ERR3077538.sra.2276	NC_021350_359864_361325	68.333	480	124	16	1670	2132	1452	984	5.90e-30	134
ERR3077538.sra.2375	NC_017540_397790_399343	89.313	393	13	14	57	434	1176	1554	1.22e-134	482
ERR3077538.sra.2428	gi|62401661|ref|NC_006960.1|_Pleurotus_ostreatus_virus_1_RNA-2,_complete_genome	92.188	64	1	1	41	104	2223	2164	2.34e-17	93.3
ERR3077538.sra.2460	NC_017540_397790_399343	80.221	1360	134	67	71	1323	1332	1	0.0	1059
ERR3077538.sra.2473	gi|131840030|ref|NC_009127.1|_Cyprinid_herpesvirus_3,_complete_genome	77.011	87	15	2	916	1002	216532	216451	1.71e-08	62.6
ERR3077538.sra.2473	gi|131840030|ref|NC_009127.1|_Cyprinid_herpesvirus_3,_complete_genome	75.862	87	16	2	915	1001	216524	216443	2.08e-07	59.0
ERR3077538.sra.2521	NC_022544_289178_290721	83.479	1259	100	56	3212	4405	1	1216	0.0	1178
ERR3077538.sra.2525	NC_021040_348381_351031	75.000	136	19	7	474	595	2478	2612	2.87e-12	75.2
ERR3077538.sra.2575	NC_012731_16080_17619	81.361	1572	107	82	614	2040	1	1531	0.0	1312
ERR3077538.sra.2600	NC_021040_348381_351031	74.847	163	29	9	492	648	2479	2635	1.34e-13	80.6
ERR3077538.sra.2705	AB045731	86.147	1155	65	45	1371	2444	1531	391	0.0	1245
ERR3077538.sra.2828	NC_021350_359864_361325	70.670	433	107	13	517	944	1414	997	4.17e-40	168
ERR3077538.sra.2909	gi|531034792|ref|NC_022098.1|_Pandoravirus_salinus,_complete_genome	74.627	134	23	5	2849	2980	2175163	2175039	2.01e-12	77.0
ERR3077538.sra.2948	NC_016514_237096_238638	82.741	1576	123	78	614	2076	1540	1	0.0	1398
ERR3077538.sra.2988	NC_017540_397790_399343	86.150	426	24	21	3217	3619	1554	1141	1.44e-121	439
ERR3077538.sra.2997	NC_012731_16080_17619	86.980	1321	61	54	1839	3071	1540	243	0.0	1463
ERR3077538.sra.3050	NC_003197_289189_290732	78.226	124	18	4	2281	2398	1542	1422	1.65e-17	93.3
ERR3077538.sra.3051	NC_016514_237096_238638	80.507	1262	136	64	89	1261	1241	1	0.0	978
ERR3077538.sra.3085	NC_012731_16080_17619	81.663	469	30	17	28	447	463	2	1.40e-119	432
ERR3077538.sra.3153	NC_017540_397790_399343	91.864	381	6	12	2967	3334	1554	1186	6.03e-145	517
ERR3077538.sra.3196	NC_012731_16080_17619	79.401	1568	145	97	197	1618	1536	1	0.0	1095
ERR3077538.sra.3246	NC_013961_41032_42559	83.430	1551	123	74	55	1506	1516	1	0.0	1425
ERR3077538.sra.3316	NC_016845_16189_17714	83.920	1449	108	64	1833	3185	1427	8	0.0	1388
ERR3077538.sra.3372	NC_016845_16189_17714	82.606	1374	97	71	85	1336	1354	1	0.0	1209
ERR3077538.sra.3408	gi|335352415|ref|NC_015521.1|_Cutthroat_trout_virus,_complete_genome	87.273	55	0	1	34	88	7310	7263	2.81e-10	69.8
ERR3077538.sra.3745	NC_021350_359864_361325	78.481	79	13	3	2319	2394	1216	1293	1.90e-06	57.2
ERR3077538.sra.3849	gi|157952304|ref|NC_009898.1|_Paramecium_bursaria_Chlorella_virus_NY2A,_complete_genome	73.913	115	27	3	729	843	65638	65527	4.37e-08	62.6
ERR3077538.sra.3892	NC_018706_214504_216058	77.500	80	16	2	3804	3881	88	9	2.02e-06	57.2
ERR3077538.sra.4003	NC_012731_16080_17619	89.481	1540	64	58	748	2212	1517	1	0.0	1874
ERR3077538.sra.4035	NC_016514_237096_238638	86.662	1582	109	57	1985	3503	1	1543	0.0	1737
ERR3077538.sra.4100	NC_021350_359864_361325	68.421	437	118	13	1454	1876	984	1414	2.17e-27	125
ERR3077538.sra.4129	gi|109255272|ref|NC_008168.1|_Choristoneura_occidentalis_granulovirus,_complete_genome	90.698	43	4	0	3574	3616	19960	20002	1.47e-07	60.8
ERR3077538.sra.4135	NC_016514_237096_238638	74.714	1574	184	92	5401	6812	10	1531	0.0	823
ERR3077538.sra.4395	NC_016514_237096_238638	85.148	1589	108	67	323	1839	2	1534	0.0	1615
ERR3077538.sra.4463	AB045731	82.326	1092	89	60	2622	3632	1527	459	0.0	922
ERR3077538.sra.4521	NC_017540_397790_399343	87.716	464	27	21	2570	3019	1	448	6.63e-144	513
ERR3077538.sra.4577	NC_017540_397790_399343	91.813	171	8	3	61	225	171	1	1.38e-60	237
ERR3077538.sra.4618	NC_018706_214504_216058	79.070	86	16	1	3198	3281	3	88	7.80e-11	71.6
ERR3077538.sra.4629	NC_021350_359864_361325	70.388	206	41	10	3410	3598	1414	1212	2.82e-10	69.8
ERR3077538.sra.4751	gi|313768203|ref|NC_014767.1|_Micromonas_sp._RCC1109_virus_MpV1,_complete_genome	68.687	198	48	5	1859	2050	11867	11678	6.07e-10	68.0
ERR3077538.sra.4772	NC_021350_359864_361325	68.475	387	99	12	2232	2602	1371	992	6.02e-24	114
ERR3077538.sra.4805	NC_021040_348381_351031	77.124	153	24	9	1467	1614	2645	2499	6.34e-16	87.8
ERR3077538.sra.4857	NC_018079_277104_278653	91.136	440	22	11	1887	2310	1550	1112	3.38e-165	583
ERR3077538.sra.4906	NC_021350_359864_361325	73.367	199	44	8	3132	3325	1414	1220	3.23e-17	93.3
ERR3077538.sra.4967	GQ070628	85.808	613	27	31	47	611	601	1	1.03e-178	628
ERR3077538.sra.5088	NC_021040_348381_351031	81.250	128	22	2	178	304	2478	2604	1.91e-24	116
ERR3077538.sra.5159	NC_017540_397790_399343	87.500	304	21	12	33	320	304	2	3.93e-91	338
ERR3077538.sra.5164	NC_022544_289178_290721	83.516	1001	77	49	1216	2166	95	1057	0.0	921
ERR3077538.sra.5169	NC_021350_359864_361325	70.439	433	105	11	709	1128	992	1414	2.90e-42	176
ERR3077538.sra.5192	NC_022566_236807_238345	86.761	778	38	33	953	1677	1469	704	0.0	848
ERR3077538.sra.5263	NC_021350_359864_361325	82.353	68	11	1	97	163	992	1059	2.52e-09	66.2
ERR3077538.sra.5281	NC_021350_359864_361325	69.807	467	125	10	1416	1872	992	1452	2.24e-42	176
ERR3077538.sra.5365	NC_011094_291607_293139	82.628	1560	149	68	2661	4128	1530	1	0.0	1395
ERR3077538.sra.5388	NC_021350_359864_361325	67.227	476	140	8	356	822	984	1452	8.04e-30	134
ERR3077538.sra.5548	gi|119953744|ref|NC_008724.1|_Acanthocystis_turfacea_Chlorella_virus_1,_complete_genome	79.710	69	12	2	1361	1427	186050	186118	4.54e-06	55.4
ERR3077538.sra.5600	NC_017540_397790_399343	83.801	321	13	17	56	347	1243	1553	4.70e-81	304
ERR3077538.sra.5620	NC_021040_348381_351031	79.464	112	16	6	2525	2633	2585	2478	4.29e-13	78.8
ERR3077538.sra.5634	NC_012731_16080_17619	80.216	1572	132	87	179	1607	1536	1	0.0	1202
ERR3077538.sra.5652	NC_016514_237096_238638	82.004	1567	122	78	1905	3345	1533	1	0.0	1348
ERR3077538.sra.5719	NC_012731_16080_17619	90.074	1209	49	51	3176	4328	1521	328	0.0	1474
ERR3077538.sra.5809	NC_021350_359864_361325	68.065	429	110	12	3382	3789	992	1414	1.88e-27	127
ERR3077538.sra.5898	NC_012731_16080_17619	86.221	1212	66	55	52	1189	1185	1	0.0	1276
ERR3077538.sra.5909	EF620925	83.344	1543	115	76	1960	3405	1	1498	0.0	1409
ERR3077538.sra.6001	NC_016845_16189_17714	86.765	1020	53	42	1154	2108	1497	495	0.0	1115
ERR3077538.sra.6088	NC_016514_237096_238638	87.459	1523	87	64	956	2403	1543	50	0.0	1691
ERR3077538.sra.6102	NC_017540_397790_399343	84.825	257	14	14	3436	3672	1	252	5.12e-64	248
ERR3077538.sra.6148	NC_017540_397790_399343	86.602	724	35	28	83	752	716	1	0.0	798
ERR3077538.sra.6287	NC_012731_16080_17619	82.841	1556	106	71	648	2086	25	1536	0.0	1427
ERR3077538.sra.6314	gi|13242472|ref|NC_002687.1|_Ectocarpus_siliculosus_virus_1,_complete_genome	88.636	44	3	1	1401	1442	224361	224404	3.13e-06	55.4
ERR3077538.sra.6363	NC_021040_348381_351031	78.261	115	22	3	291	404	2492	2604	1.04e-14	84.2
ERR3077538.sra.6369	AF403733	85.685	1439	105	55	5378	6734	1497	78	0.0	1510
ERR3077538.sra.6391	NC_018706_214504_216058	78.873	71	14	1	1514	1583	9	79	1.26e-06	57.2
ERR3077538.sra.6393	NC_016514_237096_238638	78.312	1623	179	93	2493	4025	1	1540	0.0	1077
ERR3077538.sra.6397	NC_018661_518081_519633	83.146	89	6	5	74	157	1452	1536	4.54e-13	78.8
ERR3077538.sra.6462	NC_021350_359864_361325	67.114	298	81	8	323	612	1285	997	5.82e-12	75.2
ERR3077538.sra.6480	gi|157953191|ref|NC_009899.1|_Paramecium_bursaria_Chlorella_virus_AR158,_complete_genome	79.710	69	12	2	903	969	306723	306655	3.27e-06	55.4
ERR3077538.sra.6532	AB045731	75.265	1605	212	102	1019	2525	1	1518	0.0	812
ERR3077538.sra.6577	gi|57659643|ref|NC_006658.1|_Cotesia_congregata_virus_complete_genome,_segment_Circle31	73.432	271	50	16	4236	4503	24585	24334	3.64e-23	113
ERR3077538.sra.6577	gi|57659643|ref|NC_006658.1|_Cotesia_congregata_virus_complete_genome,_segment_Circle31	72.932	266	52	14	4236	4498	24535	24287	1.27e-22	111
ERR3077538.sra.6577	gi|57659643|ref|NC_006658.1|_Cotesia_congregata_virus_complete_genome,_segment_Circle31	75.325	154	26	8	4351	4503	24578	24436	6.17e-14	82.4
ERR3077538.sra.6599	NC_017540_397790_399343	89.157	166	6	5	91	244	166	1	1.29e-51	206
ERR3077538.sra.6821	gi|509140160|ref|NC_021327.1|_Halovirus_HCTV-5,_complete_genome	72.549	102	27	1	3249	3349	36864	36763	6.63e-06	55.4
ERR3077538.sra.6824	NC_015663_220089_221642	86.996	1538	79	77	52	1504	49	1550	0.0	1635
ERR3077538.sra.6892	NC_021040_348381_351031	78.378	111	18	5	3944	4050	2604	2496	7.37e-12	75.2
ERR3077538.sra.7003	NC_021350_359864_361325	70.531	207	49	6	2001	2198	1211	1414	4.51e-14	82.4
ERR3077538.sra.7015	NC_015663_220089_221642	87.777	1579	82	58	1173	2665	1	1554	0.0	1817
ERR3077538.sra.7232	NC_009381_172801_174355	81.667	1020	96	42	1603	2548	1540	538	0.0	890
ERR3077538.sra.7240	AB045731	84.430	1580	114	65	724	2217	1	1534	0.0	1566
ERR3077538.sra.7477	NC_012731_16080_17619	81.579	874	63	43	80	872	857	1	0.0	746
ERR3077538.sra.7638	NC_021040_348381_351031	75.200	125	26	5	703	824	2478	2600	8.50e-10	68.0
ERR3077538.sra.7718	NC_016514_237096_238638	85.605	1563	108	62	369	1840	1537	1	0.0	1631
ERR3077538.sra.7737	NC_003197_289189_290732	83.534	1081	79	50	63	1055	1076	7	0.0	1011
ERR3077538.sra.7778	GQ114905	79.967	1228	111	69	50	1175	1195	1	0.0	917
ERR3077538.sra.7827	gi|509139559|ref|NC_021320.1|_Halovirus_HRTV-5,_complete_genome	85.000	60	6	3	2586	2644	55937	55880	1.62e-06	57.2
ERR3077538.sra.8066	NC_012731_16080_17619	84.501	1413	100	57	86	1403	148	1536	0.0	1411
ERR3077538.sra.8075	NC_017540_397790_399343	85.027	748	54	33	74	783	827	1554	0.0	747
ERR3077538.sra.8160	NC_018661_518081_519633	80.214	187	18	10	1931	2104	1547	1367	9.04e-33	143
ERR3077538.sra.8185	AB045731	86.355	1561	100	59	1822	3298	1532	1	0.0	1691
ERR3077538.sra.8211	gi|531034792|ref|NC_022098.1|_Pandoravirus_salinus,_complete_genome	74.400	125	25	4	5585	5705	2175054	2175175	4.74e-10	69.8
ERR3077538.sra.8219	NC_017540_397790_399343	86.698	421	19	24	1917	2304	1539	1123	1.37e-119	432
ERR3077538.sra.8338	gi|509139559|ref|NC_021320.1|_Halovirus_HRTV-5,_complete_genome	83.051	59	8	2	782	839	55880	55937	5.51e-06	55.4
ERR3077538.sra.8594	NC_016514_237096_238638	85.319	1553	113	61	984	2440	1534	1	0.0	1602
ERR3077538.sra.8609	NC_004088_12016_13600	78.713	202	18	13	60	245	1393	1585	7.55e-30	134
ERR3077538.sra.8694	gi|509139559|ref|NC_021320.1|_Halovirus_HRTV-5,_complete_genome	85.455	55	8	0	3293	3347	55883	55937	1.73e-08	64.4
ERR3077538.sra.8694	gi|509139559|ref|NC_021320.1|_Halovirus_HRTV-5,_complete_genome	84.746	59	7	2	3499	3556	55880	55937	7.37e-07	59.0
ERR3077538.sra.8694	gi|509139559|ref|NC_021320.1|_Halovirus_HRTV-5,_complete_genome	84.746	59	7	2	3720	3777	55880	55937	7.37e-07	59.0
ERR3077538.sra.8770	AB045731	80.172	1624	135	93	979	2505	1	1534	0.0	1227
ERR3077538.sra.8860	gi|9629210|ref|NC_001782.1|_Saccharomyces_cerevisiae_killer_virus_M1,_complete_genome	95.556	45	1	1	2127	2170	1137	1181	2.58e-10	69.8
ERR3077538.sra.8897	NC_012731_16080_17619	89.655	696	30	23	33	692	690	1	0.0	865
ERR3077538.sra.9110	NC_021009_505857_508732	71.648	261	61	10	3132	3386	184	437	1.37e-20	104
ERR3077538.sra.9270	NC_021040_348381_351031	73.913	138	24	6	3689	3817	2645	2511	8.80e-11	71.6
ERR3077538.sra.9277	NC_012731_16080_17619	90.535	803	35	27	84	861	754	1540	0.0	1021
ERR3077538.sra.9304	GQ114905	85.417	1152	85	41	97	1178	1140	2	0.0	1211
ERR3077538.sra.9491	NC_014121_265437_266982	88.506	1566	74	57	1906	3388	1543	1	0.0	1851
ERR3077538.sra.9530	NC_021350_359864_361325	71.429	182	39	6	1316	1486	1414	1235	7.18e-13	78.8
ERR3077538.sra.9626	NC_012731_16080_17619	81.990	1588	127	80	499	1975	1	1540	0.0	1357
ERR3077538.sra.9712	gi|526118633|ref|NC_021858.1|_Pandoravirus_dulcis,_complete_genome	70.652	184	48	5	1249	1427	18082	18264	6.03e-11	71.6
ERR3077538.sra.9724	NC_015968_257230_258757	76.849	933	92	51	58	891	908	1	2.71e-167	590
ERR3077538.sra.9749	NC_022544_289178_290721	81.766	1563	126	72	1832	3256	1542	1	0.0	1353
ERR3077538.sra.9788	NC_022544_289178_290721	83.039	1474	111	76	2269	3627	1506	57	0.0	1314
ERR3077538.sra.9789	NC_022566_236807_238345	77.273	1188	129	75	2358	3446	141	1286	0.0	715
ERR3077538.sra.9882	NC_021066_3088508_3090061	84.781	1577	112	75	90	1589	1526	1	0.0	1539
ERR3077538.sra.10025	NC_012731_16080_17619	84.954	1615	94	83	431	1971	1	1540	0.0	1577
ERR3077538.sra.10135	NC_012731_16080_17619	87.454	821	34	34	121	883	810	1	0.0	926
ERR3077538.sra.10191	NC_022544_289178_290721	83.108	1036	81	56	56	1019	525	1538	0.0	911
ERR3077538.sra.10257	gi|509139559|ref|NC_021320.1|_Halovirus_HRTV-5,_complete_genome	86.207	58	8	0	360	417	55937	55880	3.56e-10	69.8
ERR3077538.sra.10299	NC_012731_16080_17619	89.237	957	29	38	3234	4134	1	939	0.0	1157
ERR3077538.sra.10369	NC_022566_236807_238345	84.298	242	16	10	97	316	552	311	8.54e-62	241
ERR3077538.sra.10422	NC_017540_397790_399343	89.712	729	27	18	402	1088	723	1	0.0	939
ERR3077538.sra.10422	NC_017540_397790_399343	82.547	212	19	10	97	291	1245	1035	5.25e-46	187
ERR3077538.sra.10469	NC_012731_16080_17619	89.345	1558	55	61	2530	3997	1537	1	0.0	1887
ERR3077538.sra.10481	NC_021040_348381_351031	75.573	131	24	5	3368	3494	2604	2478	2.11e-12	77.0
ERR3077538.sra.10528	NC_016845_16189_17714	84.697	1320	90	64	2086	3337	1	1276	0.0	1283
ERR3077538.sra.10582	NC_021350_359864_361325	68.017	469	130	11	2282	2742	996	1452	8.62e-31	138
ERR3077538.sra.10690	gi|62401661|ref|NC_006960.1|_Pleurotus_ostreatus_virus_1_RNA-2,_complete_genome	91.045	67	2	1	32	98	2223	2161	5.58e-17	93.3
ERR3077538.sra.10699	NC_017540_397790_399343	81.986	433	34	25	94	502	1142	1554	1.54e-96	356
ERR3077538.sra.10730	NC_013961_41032_42559	85.138	1561	121	68	201	1687	4	1527	0.0	1563
ERR3077538.sra.10796	NC_013961_41032_42559	80.153	1572	151	91	2904	4367	3	1521	0.0	1164
ERR3077538.sra.10931	NC_015663_220089_221642	82.825	1147	92	58	2731	3796	1	1123	0.0	1014
ERR3077538.sra.11251	NC_022566_236807_238345	81.888	519	30	28	65	530	508	1	4.20e-123	444
ERR3077538.sra.11267	NC_012731_16080_17619	86.042	480	30	22	2766	3224	1	464	1.57e-139	499
ERR3077538.sra.11277	NC_021350_359864_361325	77.215	79	16	2	100	178	1062	986	6.82e-06	55.4
ERR3077538.sra.11347	NC_013961_41032_42559	84.908	1577	116	64	3120	4623	1	1528	0.0	1593
ERR3077538.sra.11379	NC_017540_397790_399343	83.592	774	41	41	58	763	799	1554	0.0	717
ERR3077538.sra.11436	NC_012731_16080_17619	87.548	1550	71	67	874	2320	1536	6	0.0	1734
ERR3077538.sra.11537	NC_012731_16080_17619	88.354	1580	72	68	2044	3551	1540	1	0.0	1815
ERR3077538.sra.11552	NC_017540_397790_399343	89.543	679	25	27	2923	3567	1554	888	0.0	825
ERR3077538.sra.11574	NC_012731_16080_17619	89.031	1176	50	37	52	1170	384	1537	0.0	1443
ERR3077538.sra.11576	NC_012731_16080_17619	87.619	1575	81	57	362	1858	1	1539	0.0	1808
ERR3077538.sra.11682	NC_016845_16189_17714	78.166	829	78	49	1573	2332	1510	716	2.38e-155	551
ERR3077538.sra.11682	NC_016845_16189_17714	72.656	384	48	17	2357	2707	577	218	7.32e-48	194
ERR3077538.sra.11867	NC_014618_448966_450494	87.031	586	40	24	4745	5311	1	569	0.0	639
ERR3077538.sra.11896	NC_021009_505857_508732	79.268	82	13	3	4100	4179	186	265	4.78e-08	62.6
ERR3077538.sra.11928	NC_017540_397790_399343	91.099	191	6	7	53	233	190	1	1.91e-63	246
ERR3077538.sra.11940	NC_016514_237096_238638	87.500	1248	72	50	66	1263	1214	1	0.0	1398
ERR3077538.sra.11958	gi|531034792|ref|NC_022098.1|_Pandoravirus_salinus,_complete_genome	77.660	94	18	2	815	908	2175047	2175137	4.07e-10	69.8
ERR3077538.sra.11995	NC_012731_16080_17619	83.056	1263	83	57	50	1209	1235	1	0.0	1175
ERR3077538.sra.12060	NC_017540_397790_399343	82.838	874	60	44	107	918	695	1540	0.0	783
ERR3077538.sra.12140	NC_017540_397790_399343	89.882	593	25	21	49	611	588	1	0.0	737
ERR3077538.sra.12212	NC_012731_16080_17619	88.699	876	28	31	2053	2858	1540	666	0.0	1058
ERR3077538.sra.12350	NC_017540_397790_399343	88.863	871	35	33	88	907	860	1	0.0	1041
ERR3077538.sra.12400	gi|531034792|ref|NC_022098.1|_Pandoravirus_salinus,_complete_genome	76.829	82	16	2	2875	2954	2175076	2175156	2.23e-06	57.2
ERR3077538.sra.12444	gi|15617474|ref|NC_003102.1|_Spodoptera_litura_NPV,_complete_genome	90.000	40	4	0	2078	2117	6621	6660	6.75e-06	55.4
ERR3077538.sra.12444	gi|15617474|ref|NC_003102.1|_Spodoptera_litura_NPV,_complete_genome	90.000	40	4	0	2077	2116	6734	6773	6.75e-06	55.4
ERR3077538.sra.12483	gi|632842269|ref|NC_024075.1|_Cat_Que_Virus_strain_VN04-2108_nucleoprotein_gene,_complete_cds	78.889	90	19	0	81	170	869	780	1.95e-12	77.0
ERR3077538.sra.12566	gi|472342562|ref|NC_020864.1|_Micromonas_pusilla_virus_12T_genomic_sequence	70.492	122	36	0	3654	3775	198853	198732	6.22e-07	59.0
ERR3077538.sra.12615	gi|109255272|ref|NC_008168.1|_Choristoneura_occidentalis_granulovirus,_complete_genome	75.238	105	21	2	2	101	35090	34986	8.95e-10	68.0
ERR3077538.sra.12681	AB045731	82.060	1544	129	78	1547	2971	1534	20	0.0	1317
ERR3077538.sra.12728	NC_021350_359864_361325	69.378	418	102	14	1175	1573	1004	1414	5.82e-31	138
ERR3077538.sra.12768	NC_021290_106184_107738	89.610	77	4	4	2751	2826	1	74	2.33e-16	89.7
ERR3077538.sra.12789	NC_021350_359864_361325	74.419	172	34	4	2430	2597	1249	1414	1.86e-20	104
ERR3077538.sra.12798	NC_012731_16080_17619	89.536	1185	53	39	5190	6329	1	1159	0.0	1467
ERR3077538.sra.12846	gi|509139559|ref|NC_021320.1|_Halovirus_HRTV-5,_complete_genome	83.051	59	9	1	674	732	55937	55880	5.33e-07	59.0
ERR3077538.sra.12888	NC_021350_359864_361325	67.606	426	120	8	2523	2937	996	1414	1.12e-27	127
ERR3077538.sra.13031	NC_004741_214156_215696	81.699	1530	124	82	2492	3898	1515	19	0.0	1269
ERR3077538.sra.13103	NC_017540_397790_399343	89.257	875	43	28	2564	3396	1554	689	0.0	1074
ERR3077538.sra.13120	NC_017540_397790_399343	91.685	445	15	15	63	488	442	1	1.11e-166	589
ERR3077538.sra.13140	gi|30984428|ref|NC_004812.1|_Macacine_herpesvirus_1,_complete_genome	87.097	62	6	2	1339	1398	10145	10084	3.97e-10	69.8
ERR3077538.sra.13156	AB045731	86.102	1547	103	50	525	1972	1534	1	0.0	1696
ERR3077538.sra.13165	NC_017540_397790_399343	82.003	739	56	37	2706	3386	6	725	0.0	636
ERR3077538.sra.13176	NC_021046_119494_121022	86.340	1552	107	58	1966	3435	1	1529	0.0	1676
ERR3077538.sra.13198	NC_021350_359864_361325	67.430	393	101	14	3213	3595	1370	995	2.54e-17	93.3
ERR3077538.sra.13252	NC_012731_16080_17619	83.659	1230	99	63	59	1223	339	1531	0.0	1121
ERR3077538.sra.13270	NC_021350_359864_361325	70.922	423	105	12	2594	3005	1412	997	1.13e-40	170
ERR3077538.sra.13330	NC_021350_359864_361325	71.921	203	41	10	2204	2395	1408	1211	5.45e-13	78.8
ERR3077538.sra.13487	NC_022566_236807_238345	83.333	132	6	9	66	181	1157	1288	2.52e-23	113
ERR3077538.sra.13610	NC_012731_16080_17619	74.660	1618	197	95	799	2288	1	1533	0.0	834
ERR3077538.sra.13621	NC_022546_99741_101281	91.026	156	4	5	98	243	1386	1541	4.89e-51	205
ERR3077538.sra.13757	NC_022544_289178_290721	77.736	1608	171	105	1035	2532	2	1532	0.0	982
ERR3077538.sra.13811	NC_022082_488668_490195	88.752	1547	69	56	1016	2484	1520	1	0.0	1847
ERR3077538.sra.13848	NC_017845_228498_230028	87.773	1554	91	52	1806	3283	1531	1	0.0	1801
ERR3077538.sra.13927	gi|170676271|ref|NC_010490.1|_Tomato_zonate_spot_virus_segment_M,_complete_sequence	76.786	112	22	2	849	958	1169	1060	8.44e-14	80.6
ERR3077538.sra.13992	NC_017845_228498_230028	81.611	1577	132	77	1198	2662	1	1531	0.0	1332
ERR3077538.sra.14009	NC_003197_289189_290732	85.185	189	8	12	53	226	1359	1542	6.07e-44	179
ERR3077538.sra.14012	NC_012731_16080_17619	83.691	699	56	36	1972	2637	29	702	0.0	637
ERR3077538.sra.14200	NC_022566_236807_238345	78.455	738	70	43	40	709	823	1539	4.74e-140	500
ERR3077538.sra.14235	NC_021350_359864_361325	69.531	384	101	10	1597	1971	1396	1020	8.45e-30	134
ERR3077538.sra.14318	NC_013961_41032_42559	86.834	1557	91	62	3796	5271	1528	5	0.0	1707
ERR3077538.sra.14319	gi|509139559|ref|NC_021320.1|_Halovirus_HRTV-5,_complete_genome	86.207	58	7	1	166	222	55937	55880	3.18e-09	66.2
ERR3077538.sra.14320	NC_017540_397790_399343	88.037	535	31	21	5321	5830	1548	1022	1.78e-173	612
ERR3077538.sra.14471	NC_016514_237096_238638	84.358	1611	106	76	1287	2819	1	1543	0.0	1559
ERR3077538.sra.14496	gi|57659681|ref|NC_006659.1|_Cotesia_congregata_virus_complete_genome,_segment_Circle32	76.522	115	21	6	3477	3589	14415	14525	1.26e-08	64.4
ERR3077538.sra.14584	NC_013850_442637_444164	88.522	1516	67	52	673	2104	1494	2	0.0	1811
ERR3077538.sra.14595	NC_017540_397790_399343	86.642	539	37	17	1936	2446	1518	987	3.88e-171	603
ERR3077538.sra.14732	NC_022566_236807_238345	82.738	336	22	14	1645	1958	13	334	2.25e-84	315
ERR3077538.sra.14822	NC_004088_12016_13600	86.694	248	16	10	3389	3624	1585	1343	1.55e-70	269
ERR3077538.sra.14841	NC_015567_252738_254267	86.973	1566	86	68	844	2327	1530	1	0.0	1705
ERR3077538.sra.14841	NC_015567_252738_254267	72.121	165	16	14	4974	5117	1181	1336	9.87e-06	55.4
ERR3077538.sra.14879	NC_017540_397790_399343	88.756	587	33	22	137	702	976	1550	0.0	691
ERR3077538.sra.14958	AB045731	82.195	1567	117	77	625	2064	3	1534	0.0	1368
ERR3077538.sra.14984	NC_021350_359864_361325	73.799	229	56	3	138	363	1225	1452	3.94e-29	132
ERR3077538.sra.15013	NC_012731_16080_17619	89.313	786	33	26	48	791	777	1	0.0	967
ERR3077538.sra.15041	NC_012731_16080_17619	83.981	643	39	33	2751	3360	1	612	1.52e-171	605
ERR3077538.sra.15148	NC_021350_359864_361325	66.743	439	103	21	682	1098	997	1414	6.95e-13	78.8
ERR3077538.sra.15301	NC_021040_348381_351031	77.778	90	12	4	2695	2778	2585	2498	3.51e-08	62.6
ERR3077538.sra.15382	NC_021040_348381_351031	76.147	109	18	4	4235	4335	2604	2496	3.51e-10	69.8
ERR3077538.sra.15440	NC_004088_12016_13600	83.333	90	7	4	5113	5197	1585	1499	1.82e-14	84.2
ERR3077538.sra.15518	gi|157952304|ref|NC_009898.1|_Paramecium_bursaria_Chlorella_virus_NY2A,_complete_genome	70.866	127	35	1	95	219	65638	65512	1.45e-07	60.8
ERR3077538.sra.15542	NC_015663_220089_221642	89.087	504	21	18	62	532	1052	1554	2.34e-173	610
ERR3077538.sra.15581	gi|313768203|ref|NC_014767.1|_Micromonas_sp._RCC1109_virus_MpV1,_complete_genome	72.973	111	27	3	2110	2217	11838	11728	4.28e-06	55.4
ERR3077538.sra.15713	AF224299	76.223	1472	204	74	108	1481	93	1516	0.0	875
ERR3077538.sra.15720	NC_004088_12016_13600	81.893	243	26	12	5741	5973	1583	1349	3.07e-50	203
ERR3077538.sra.15728	NC_012731_16080_17619	81.084	830	62	50	1720	2490	1540	747	0.0	650
ERR3077538.sra.15731	gi|157953191|ref|NC_009899.1|_Paramecium_bursaria_Chlorella_virus_AR158,_complete_genome	81.818	66	12	0	1103	1168	306723	306658	3.03e-09	66.2
ERR3077538.sra.15781	NC_018079_277104_278653	84.089	1037	69	51	142	1110	542	1550	0.0	984
ERR3077538.sra.15789	NC_012731_16080_17619	85.509	1111	61	48	87	1109	442	1540	0.0	1151
ERR3077538.sra.15803	NC_021290_106184_107738	96.970	33	1	0	61	93	33	1	7.23e-06	55.4
ERR3077538.sra.15918	NC_016514_237096_238638	86.531	1574	97	56	2579	4068	1543	1	0.0	1734
ERR3077538.sra.15982	AB045731	82.705	1619	131	88	739	2297	2	1531	0.0	1395
ERR3077538.sra.15995	NC_012731_16080_17619	86.727	1100	54	48	57	1113	487	1537	0.0	1193
ERR3077538.sra.16020	gi|509139678|ref|NC_021321.1|_Halovirus_HRTV-8,_complete_genome	80.000	60	12	0	1246	1305	52430	52489	6.59e-06	55.4
ERR3077538.sra.16202	NC_012731_16080_17619	86.627	1518	88	70	240	1683	1	1477	0.0	1611
ERR3077538.sra.16308	NC_022566_236807_238345	78.832	411	40	25	111	484	1137	1537	3.51e-73	279
ERR3077538.sra.16353	NC_015968_257230_258757	84.333	300	21	14	77	362	1233	1520	1.83e-76	289
ERR3077538.sra.16424	gi|509139559|ref|NC_021320.1|_Halovirus_HRTV-5,_complete_genome	85.246	61	7	2	2905	2964	55936	55877	3.44e-08	62.6
ERR3077538.sra.16520	NC_022566_236807_238345	80.435	368	32	26	3195	3542	5	352	2.75e-67	259
ERR3077538.sra.16524	gi|526118633|ref|NC_021858.1|_Pandoravirus_dulcis,_complete_genome	78.409	88	17	2	2654	2740	18088	18174	3.16e-09	66.2
ERR3077538.sra.16575	NC_004088_12016_13600	84.298	242	16	15	1188	1413	1585	1350	3.39e-55	217
ERR3077538.sra.16580	gi|9628932|ref|NC_001731.1|_Molluscum_contagiosum_virus_subtype_1,_complete_genome	94.286	35	2	0	1784	1818	83402	83436	3.51e-06	55.4
ERR3077538.sra.16612	NC_013961_41032_42559	84.035	1497	115	66	72	1457	1484	1	0.0	1436
ERR3077538.sra.16660	NC_022544_289178_290721	81.571	1579	140	77	2230	3697	1	1539	0.0	1324
ERR3077538.sra.16714	NC_016845_16189_17714	84.714	1557	88	75	155	1595	4	1526	0.0	1532
ERR3077538.sra.16763	NC_016845_16189_17714	86.207	377	19	19	89	443	1161	1526	7.67e-107	390
ERR3077538.sra.16861	NC_003197_289189_290732	84.762	1575	116	64	1573	3070	2	1529	0.0	1582
ERR3077538.sra.16871	gi|761895455|ref|NC_001650.2|_Equid_herpesvirus_2_strain_86_67,_complete_genome	73.134	134	28	4	4940	5067	145910	145779	3.92e-10	69.8
ERR3077538.sra.17078	GQ064519	80.170	1296	131	65	3786	5013	1	1238	0.0	1000
ERR3077538.sra.17099	NC_022544_289178_290721	87.102	659	37	28	2443	3070	1542	901	0.0	722
ERR3077538.sra.17148	NC_004088_12016_13600	84.252	254	26	10	76	320	1337	1585	1.86e-63	246
ERR3077538.sra.17154	NC_018706_214504_216058	78.750	80	14	3	1857	1933	88	9	1.81e-06	57.2
ERR3077538.sra.17276	NC_012731_16080_17619	88.875	1555	79	51	2210	3689	1536	1	0.0	1880
ERR3077538.sra.17316	NC_021591_249273_250803	82.443	131	9	7	33	152	1404	1531	6.38e-24	114
ERR3077538.sra.17386	NC_021040_348381_351031	85.714	91	11	2	2732	2822	2590	2502	5.00e-19	98.7
ERR3077538.sra.17554	gi|158380386|ref|NC_009552.2|_Geobacillus_virus_E2,_complete_genome	68.844	199	51	5	1436	1625	38376	38180	1.81e-09	68.0
ERR3077538.sra.17691	NC_022544_289178_290721	85.538	1217	86	45	55	1210	354	1541	0.0	1279
ERR3077538.sra.17718	gi|9628932|ref|NC_001731.1|_Molluscum_contagiosum_virus_subtype_1,_complete_genome	94.872	39	2	0	961	999	83398	83436	1.30e-08	62.6
ERR3077538.sra.17736	NC_017540_397790_399343	86.737	377	21	14	1839	2194	1554	1186	2.87e-115	417
ERR3077538.sra.17839	NC_012731_16080_17619	90.123	1539	57	54	3333	4802	1518	6	0.0	1932
ERR3077538.sra.17949	NC_022566_236807_238345	77.091	1052	114	67	1821	2772	23	1047	4.69e-177	623
ERR3077538.sra.18047	NC_017540_397790_399343	85.276	163	5	9	1461	1609	1	158	7.23e-39	163
ERR3077538.sra.18075	NC_012731_16080_17619	75.832	1593	207	85	2163	3639	1	1531	0.0	915
ERR3077538.sra.18141	NC_018706_214504_216058	75.258	97	21	2	1004	1097	3	99	2.09e-07	60.8
ERR3077538.sra.18325	NC_013961_41032_42559	83.281	1579	114	75	1891	3390	7	1514	0.0	1454
ERR3077538.sra.18349	NC_021009_505857_508732	81.651	109	15	3	157	263	298	193	6.30e-19	98.7
ERR3077538.sra.18389	AB045731	85.669	1249	93	49	72	1278	327	1531	0.0	1303
ERR3077538.sra.18397	AB045731	83.660	1530	108	68	2981	4388	1532	23	0.0	1454
ERR3077538.sra.18456	gi|313768203|ref|NC_014767.1|_Micromonas_sp._RCC1109_virus_MpV1,_complete_genome	68.679	265	58	11	1241	1493	11867	11616	2.36e-12	77.0
ERR3077538.sra.18557	gi|531034792|ref|NC_022098.1|_Pandoravirus_salinus,_complete_genome	77.108	83	18	1	2312	2393	2175078	2175160	1.47e-07	60.8
ERR3077538.sra.18612	NC_021350_359864_361325	68.652	319	83	10	1995	2298	984	1300	6.28e-18	95.1
ERR3077538.sra.18621	NC_015968_257230_258757	77.399	323	39	21	75	375	1214	1524	1.22e-46	190
ERR3077538.sra.18642	NC_021040_348381_351031	83.824	68	9	2	441	507	2538	2604	1.85e-09	66.2
ERR3077538.sra.18872	NC_012731_16080_17619	86.196	920	54	38	124	984	906	1	0.0	982
ERR3077538.sra.18880	NC_017845_228498_230028	74.041	1564	209	99	2345	3787	1	1488	0.0	722
ERR3077538.sra.18910	NC_016845_16189_17714	83.939	716	48	28	94	746	712	1	0.0	708
ERR3077538.sra.18912	NC_012731_16080_17619	86.833	1124	59	46	55	1128	455	1539	0.0	1232
ERR3077538.sra.18920	AB045731	84.476	1211	85	55	968	2102	1534	351	0.0	1182
ERR3077538.sra.19025	NC_021350_359864_361325	68.828	401	104	15	2751	3135	1019	1414	7.97e-23	111
ERR3077538.sra.19031	NC_016845_16189_17714	88.411	1372	48	48	58	1330	1360	1	0.0	1642
ERR3077538.sra.19071	NC_012731_16080_17619	84.078	1589	114	73	111	1609	1	1540	0.0	1521
ERR3077538.sra.19085	AB045731	83.043	1551	127	72	677	2115	1527	1	0.0	1409
ERR3077538.sra.19154	NC_022566_236807_238345	89.961	767	27	25	85	807	761	1	0.0	969
ERR3077538.sra.19182	NC_017540_397790_399343	91.667	216	12	6	4412	4623	1	214	7.34e-76	288
ERR3077538.sra.19183	NC_004088_12016_13600	80.000	110	10	7	2797	2904	1585	1486	4.27e-13	78.8
ERR3077538.sra.19283	NC_017540_397790_399343	91.429	140	3	7	54	186	141	4	2.30e-42	176
ERR3077538.sra.19384	NC_016514_237096_238638	87.259	675	42	27	75	722	884	1541	0.0	747
ERR3077538.sra.19523	NC_021009_505857_508732	84.058	69	6	4	74	138	298	231	2.63e-08	62.6
ERR3077538.sra.19598	NC_016514_237096_238638	85.437	1545	115	64	1292	2749	1	1522	0.0	1582
ERR3077538.sra.19621	NC_016845_16189_17714	82.722	1499	112	81	60	1448	1462	1	0.0	1303
ERR3077538.sra.19934	NC_013850_442637_444164	82.979	799	61	40	94	858	767	1524	0.0	715
ERR3077538.sra.20037	AB045731	81.024	1602	146	78	2258	3770	2	1534	0.0	1310
ERR3077538.sra.20062	gi|123318702|ref|NC_005261.2|_Bovine_herpesvirus_5,_complete_genome	83.051	59	10	0	426	484	99762	99704	3.60e-08	62.6
ERR3077538.sra.20112	NC_014306_26123_27657	82.483	1587	172	64	3647	5179	1	1535	0.0	1416
ERR3077538.sra.20150	NC_012731_16080_17619	83.724	854	50	43	155	939	705	1538	0.0	800
ERR3077538.sra.20187	NC_021350_359864_361325	70.500	200	46	4	3696	3885	1452	1256	3.22e-16	89.7
ERR3077538.sra.20236	NC_014306_26123_27657	83.432	1515	121	65	1156	2578	1533	57	0.0	1425
ERR3077538.sra.20320	AB045731	85.444	1058	60	48	142	1124	496	1534	0.0	1083
ERR3077538.sra.20395	NC_021040_348381_351031	78.226	124	18	7	892	1010	2589	2470	2.31e-13	78.8
ERR3077538.sra.20618	NC_021009_505857_508732	72.000	225	41	12	2183	2395	197	411	8.18e-16	87.8
ERR3077538.sra.20742	NC_022082_488668_490195	83.058	909	74	46	2837	3691	1524	642	0.0	810
ERR3077538.sra.20752	AB045731	84.497	1561	102	73	1602	3060	1526	4	0.0	1521
ERR3077538.sra.20777	NC_018706_214504_216058	79.000	100	19	1	2887	2986	100	3	1.93e-14	84.2
ERR3077538.sra.20788	NC_016514_237096_238638	81.683	1545	146	64	222	1655	5	1523	0.0	1346
ERR3077538.sra.20861	gi|531034792|ref|NC_022098.1|_Pandoravirus_salinus,_complete_genome	79.452	73	11	2	695	763	2175152	2175080	7.80e-07	59.0
ERR3077538.sra.20869	NC_017845_228498_230028	83.352	907	78	36	6207	7069	1	878	0.0	859
ERR3077538.sra.21133	AF403733	81.279	1314	122	63	3098	4326	1475	201	0.0	1088
ERR3077538.sra.21142	NC_015663_220089_221642	85.563	284	18	15	67	334	1278	1554	1.21e-73	280
ERR3077538.sra.21155	NC_017845_228498_230028	81.631	1557	149	78	432	1882	1	1526	0.0	1290
ERR3077538.sra.21163	NC_006155_12249_13794	90.345	145	5	6	3399	3540	1537	1399	2.11e-43	179
ERR3077538.sra.21334	NC_021009_505857_508732	78.495	93	15	3	3686	3775	184	274	3.13e-10	69.8
ERR3077538.sra.21360	NC_016514_237096_238638	82.131	1567	128	66	1257	2700	1538	1	0.0	1404
ERR3077538.sra.21371	NC_022566_236807_238345	89.832	954	26	40	87	991	607	1538	0.0	1168
ERR3077538.sra.21476	NC_022544_289178_290721	82.309	797	73	40	83	840	761	1528	0.0	682
ERR3077538.sra.21561	NC_004741_214156_215696	86.645	1565	107	62	188	1675	1541	2	0.0	1692
ERR3077538.sra.21571	AB045731	78.309	1549	153	90	729	2144	31	1529	0.0	1038
ERR3077538.sra.21696	NC_013961_41032_42559	80.971	1566	146	74	409	1860	1528	1	0.0	1285
ERR3077538.sra.21701	NC_011283_454685_456216	90.984	244	10	8	2070	2303	1195	954	7.58e-85	316
ERR3077538.sra.21701	NC_011283_454685_456216	86.345	249	12	14	1835	2068	1532	1291	7.59e-66	253
ERR3077538.sra.21734	NC_021040_348381_351031	76.812	138	28	3	324	460	2470	2604	6.00e-18	95.1
ERR3077538.sra.21803	NC_018079_277104_278653	91.875	320	13	8	4781	5091	1550	1235	2.44e-120	435
ERR3077538.sra.21812	NC_021350_359864_361325	70.279	323	86	7	1280	1596	1302	984	8.71e-28	127
ERR3077538.sra.21841	gi|506498610|ref|NC_021249.1|_Choristoneura_rosaceana_entomopoxvirus_'L',_complete_genome	80.303	66	13	0	156	221	242157	242092	1.58e-07	60.8
ERR3077538.sra.21851	NC_021350_359864_361325	73.988	173	34	4	3652	3815	1414	1244	4.99e-20	102
ERR3077538.sra.22043	gi|119953744|ref|NC_008724.1|_Acanthocystis_turfacea_Chlorella_virus_1,_complete_genome	69.091	220	53	8	214	424	186268	186055	7.12e-10	68.0
ERR3077538.sra.22192	AB045731	78.819	1558	162	91	1094	2529	1512	1	0.0	1063
ERR3077538.sra.22272	NC_016514_237096_238638	81.385	1574	151	82	3198	4668	2	1536	0.0	1276
ERR3077538.sra.22471	NC_015663_220089_221642	86.662	1447	96	58	1687	3072	1554	144	0.0	1566
ERR3077538.sra.22649	gi|509139559|ref|NC_021320.1|_Halovirus_HRTV-5,_complete_genome	85.714	56	8	0	2570	2625	55880	55935	4.59e-09	66.2
ERR3077538.sra.22780	NC_021350_359864_361325	66.591	440	111	15	2109	2529	1414	992	2.66e-18	96.9
ERR3077538.sra.22808	NC_021350_359864_361325	68.879	437	105	17	686	1105	1414	992	9.91e-28	127
ERR3077538.sra.22945	NC_018706_214504_216058	76.344	93	20	1	3211	3303	9	99	5.29e-09	66.2
ERR3077538.sra.22954	NC_014618_448966_450494	85.668	1549	107	67	2080	3533	1529	1	0.0	1595
ERR3077538.sra.23017	NC_017540_397790_399343	82.805	663	53	28	76	693	647	1	2.91e-173	610
ERR3077538.sra.23019	NC_016514_237096_238638	86.772	1391	78	61	1714	3025	1543	180	0.0	1499
ERR3077538.sra.23025	NC_021040_348381_351031	73.026	152	23	8	295	445	2478	2612	2.88e-10	69.8
ERR3077538.sra.23232	NC_016514_237096_238638	77.419	1488	149	94	2431	3797	1	1422	0.0	913
ERR3077538.sra.23256	gi|123318702|ref|NC_005261.2|_Bovine_herpesvirus_5,_complete_genome	75.758	99	17	4	726	818	99670	99767	5.51e-07	59.0
ERR3077538.sra.23533	NC_021350_359864_361325	82.278	79	9	4	785	859	1302	1225	3.18e-09	66.2
