ERR3077539.sra.14	gi|340025671|ref|NC_000852.5|_Paramecium_bursaria_Chlorella_virus_1,_complete_genome	85.714	49	7	0	2909	2957	165717	165765	1.63e-06	57.2
ERR3077539.sra.55	NC_021350_359864_361325	70.803	274	64	9	2097	2358	1453	1184	9.44e-22	107
ERR3077539.sra.55	NC_021350_359864_361325	86.000	50	6	1	2490	2539	1035	987	5.22e-06	55.4
ERR3077539.sra.156	gi|441431943|ref|NC_020104.1|_Acanthamoeba_polyphaga_moumouvirus,_complete_genome	67.797	177	44	4	2754	2920	753054	753227	1.86e-06	57.2
ERR3077539.sra.199	gi|310830989|ref|NC_014637.1|_Cafeteria_roenbergensis_virus_BV-PW1,_complete_genome	82.258	62	9	1	2759	2818	510808	510747	1.38e-07	60.8
ERR3077539.sra.199	gi|310830989|ref|NC_014637.1|_Cafeteria_roenbergensis_virus_BV-PW1,_complete_genome	82.258	62	9	1	2759	2818	511722	511661	1.38e-07	60.8
ERR3077539.sra.212	NC_020450_475434_475549	83.871	62	8	2	3090	3151	81	22	1.48e-07	60.8
ERR3077539.sra.215	gi|310830989|ref|NC_014637.1|_Cafeteria_roenbergensis_virus_BV-PW1,_complete_genome	83.929	56	7	1	2245	2298	434808	434863	4.62e-07	59.0
ERR3077539.sra.215	gi|310830989|ref|NC_014637.1|_Cafeteria_roenbergensis_virus_BV-PW1,_complete_genome	83.929	56	7	1	2245	2298	434910	434965	4.62e-07	59.0
ERR3077539.sra.242	NC_018080_699179_700716	77.559	508	55	33	71	537	490	1	4.47e-82	307
ERR3077539.sra.356	gi|119953744|ref|NC_008724.1|_Acanthocystis_turfacea_Chlorella_virus_1,_complete_genome	88.372	43	5	0	794	836	84324	84282	5.37e-06	55.4
ERR3077539.sra.356	gi|119953744|ref|NC_008724.1|_Acanthocystis_turfacea_Chlorella_virus_1,_complete_genome	88.372	43	5	0	794	836	84599	84557	5.37e-06	55.4
ERR3077539.sra.429	NC_021350_359864_361325	67.819	463	119	18	1999	2438	997	1452	3.05e-22	109
ERR3077539.sra.708	NC_022356_182851_184377	83.819	1372	90	67	1818	3111	1527	210	0.0	1290
ERR3077539.sra.802	NC_021009_505857_508732	69.888	269	60	12	183	437	440	179	2.57e-15	86.0
ERR3077539.sra.810	NC_018080_699179_700716	88.272	1586	80	59	1253	2780	1	1538	0.0	1851
ERR3077539.sra.906	NC_021350_359864_361325	76.190	84	16	2	210	290	1211	1293	1.97e-06	57.2
ERR3077539.sra.1046	NC_022582_327975_329522	85.200	750	49	35	1589	2304	1548	827	0.0	751
ERR3077539.sra.1055	AJ290755	85.163	1503	110	64	1003	2427	1	1468	0.0	1519
ERR3077539.sra.1073	AY584476	87.945	1460	106	48	1604	3012	1443	3	0.0	1687
ERR3077539.sra.1158	NC_020450_475434_475549	77.320	97	18	3	1258	1354	103	11	2.97e-09	66.2
ERR3077539.sra.1379	L06168	84.796	809	57	31	104	859	798	3	0.0	832
ERR3077539.sra.1466	NC_000907_127172_128720	82.526	475	22	23	65	486	1083	1549	4.76e-120	434
ERR3077539.sra.1526	NC_002516_722096_723631	83.502	1382	84	70	2623	3903	1	1339	0.0	1279
ERR3077539.sra.1533	NC_021577_699401_700938	87.776	1587	80	71	594	2115	1	1538	0.0	1770
ERR3077539.sra.1778	NC_021020_589522_591540	73.140	242	46	12	1395	1622	1	237	6.24e-22	107
ERR3077539.sra.1855	NC_022582_327975_329522	79.909	657	61	34	35	638	907	1545	6.55e-140	500
ERR3077539.sra.1901	NC_008463_733095_734620	70.323	775	109	47	1806	2480	1506	753	1.96e-67	259
ERR3077539.sra.1917	CP001015	77.485	1519	175	81	366	1789	12	1458	0.0	984
ERR3077539.sra.2032	NC_022582_327975_329522	75.971	978	97	49	2594	3488	1544	622	1.28e-172	609
ERR3077539.sra.2076	NC_021040_348381_351031	79.006	181	30	6	2048	2220	2617	2437	1.61e-30	136
ERR3077539.sra.2352	gi|40555938|ref|NC_005309.1|_Canarypox_virus,_complete_genome	78.378	74	14	2	458	530	332884	332956	5.27e-06	55.4
ERR3077539.sra.2417	NC_021040_348381_351031	82.119	151	22	5	2222	2371	2597	2451	1.90e-29	132
ERR3077539.sra.2466	NC_021020_589522_591540	81.818	66	10	2	90	154	71	7	4.97e-07	59.0
ERR3077539.sra.2481	NC_022582_327975_329522	87.117	652	28	32	60	673	914	1547	0.0	704
ERR3077539.sra.2511	NC_004116_16404_17954	87.665	454	23	19	88	517	1104	1548	2.65e-143	511
ERR3077539.sra.2541	EU071478	90.135	223	11	6	2689	2901	2	223	1.61e-75	286
ERR3077539.sra.2559	NC_015678_4661_6196	90.323	1488	44	57	94	1519	87	1536	0.0	1867
ERR3077539.sra.2613	NC_015215_16481_18017	82.631	1589	144	71	536	2044	1	1537	0.0	1420
ERR3077539.sra.2636	NC_021350_359864_361325	69.729	479	121	15	480	941	1453	982	4.13e-39	165
ERR3077539.sra.2637	X84258	86.724	1514	83	63	134	1571	10	1481	0.0	1647
ERR3077539.sra.2790	NC_014147_315691_317208	92.357	157	3	2	2051	2200	1505	1351	2.89e-58	228
ERR3077539.sra.2828	CP001015	86.631	1481	94	60	1417	2816	1458	1	0.0	1602
ERR3077539.sra.2888	NC_021577_699401_700938	89.245	967	30	39	2252	3156	1538	584	0.0	1166
ERR3077539.sra.2947	NC_021040_348381_351031	73.885	157	30	5	3204	3352	2598	2445	3.37e-15	86.0
ERR3077539.sra.2954	NC_015964_438409_439961	85.246	549	36	27	65	585	1022	1553	4.24e-153	544
ERR3077539.sra.3006	NC_021040_348381_351031	74.233	163	31	4	253	405	2435	2596	2.18e-18	96.9
ERR3077539.sra.3117	NC_013715_1592163_1593688	89.424	747	41	22	71	786	751	12	0.0	926
ERR3077539.sra.3231	NC_022584_1536869_1538421	81.085	756	69	42	2284	2979	2	743	7.01e-169	596
ERR3077539.sra.3256	NC_015875_2081382_2082934	80.989	910	54	53	1907	2729	14	891	0.0	729
ERR3077539.sra.3273	NC_020450_475434_475549	83.529	85	12	2	1907	1991	19	101	9.43e-15	84.2
ERR3077539.sra.3357	gi|472342562|ref|NC_020864.1|_Micromonas_pusilla_virus_12T_genomic_sequence	89.362	47	4	1	811	856	198770	198724	2.89e-07	59.0
ERR3077539.sra.3404	DQ232536	88.844	1497	72	54	1384	2813	1469	1	0.0	1793
ERR3077539.sra.3417	gi|526118633|ref|NC_021858.1|_Pandoravirus_dulcis,_complete_genome	85.185	54	5	2	3552	3602	469312	469365	6.51e-06	55.4
ERR3077539.sra.3509	gi|158380386|ref|NC_009552.2|_Geobacillus_virus_E2,_complete_genome	83.019	53	9	0	1026	1078	38074	38022	4.56e-06	55.4
ERR3077539.sra.3531	NC_021350_359864_361325	67.353	340	68	18	1304	1602	1023	1360	4.01e-11	71.6
ERR3077539.sra.3602	gi|119953744|ref|NC_008724.1|_Acanthocystis_turfacea_Chlorella_virus_1,_complete_genome	84.615	52	7	1	1172	1222	83994	84045	4.92e-06	55.4
ERR3077539.sra.3619	gi|163954976|ref|NC_010191.1|_Ostreococcus_virus_OsV5,_complete_genome	67.698	291	72	13	461	737	9911	10193	2.43e-08	62.6
ERR3077539.sra.3622	gi|9964314|ref|NC_002520.1|_Amsacta_moorei_entomopoxvirus_'L',_complete_genome	79.730	74	12	2	1170	1243	18983	18913	9.05e-08	60.8
ERR3077539.sra.3640	NC_023066_699348_700885	86.333	300	27	7	3597	3886	1538	1243	3.92e-91	338
ERR3077539.sra.3646	NC_021040_348381_351031	73.457	162	26	9	3387	3541	2604	2453	2.30e-11	73.4
ERR3077539.sra.3728	EF509196	85.003	1487	80	70	2033	3408	15	1469	0.0	1490
ERR3077539.sra.3760	gi|379765013|ref|NC_016959.1|_Ndumu_virus,_complete_genome	90.698	43	4	0	818	860	11646	11688	1.54e-07	60.8
ERR3077539.sra.3764	CP000725	84.715	1544	108	65	911	2364	1509	4	0.0	1543
ERR3077539.sra.3829	gi|310830989|ref|NC_014637.1|_Cafeteria_roenbergensis_virus_BV-PW1,_complete_genome	78.495	93	15	4	2917	3005	510808	510717	1.09e-08	64.4
ERR3077539.sra.3829	gi|310830989|ref|NC_014637.1|_Cafeteria_roenbergensis_virus_BV-PW1,_complete_genome	78.495	93	15	4	2917	3005	511722	511631	1.09e-08	64.4
ERR3077539.sra.3851	CP001015	89.092	1476	69	47	147	1548	1	1458	0.0	1808
ERR3077539.sra.3860	gi|340025671|ref|NC_000852.5|_Paramecium_bursaria_Chlorella_virus_1,_complete_genome	84.615	52	7	1	1226	1277	165767	165717	5.90e-06	55.4
ERR3077539.sra.4230	NC_020450_475434_475549	83.133	83	13	1	3810	3891	101	19	1.51e-14	84.2
ERR3077539.sra.4241	gi|363539767|ref|NC_016072.1|_Megavirus_chiliensis,_complete_genome	72.316	177	35	7	4110	4281	930663	930830	1.87e-13	80.6
ERR3077539.sra.4314	NC_021040_348381_351031	76.536	179	29	9	2887	3058	2597	2425	4.12e-21	105
ERR3077539.sra.4336	NC_015410_3043007_3044555	81.414	382	27	19	4353	4706	5	370	1.04e-86	324
ERR3077539.sra.4493	GQ087809	81.832	1365	106	71	80	1348	1319	1	0.0	1151
ERR3077539.sra.4561	gi|422933791|ref|NC_019495.1|_Cyprinid_herpesvirus_2_strain_ST-J1,_complete_genome	71.223	139	29	5	2225	2353	32030	31893	5.45e-07	59.0
ERR3077539.sra.4583	CP001015	81.425	1249	107	69	2008	3160	1458	239	0.0	1009
ERR3077539.sra.4755	AY995770	80.505	1544	160	82	702	2158	8	1497	0.0	1189
ERR3077539.sra.4802	NC_008463_733095_734620	83.584	798	65	35	45	786	595	1382	0.0	751
ERR3077539.sra.4825	AY613590	81.766	1563	121	83	688	2120	1533	5	0.0	1308
ERR3077539.sra.5190	CP001015	86.355	1495	100	60	1673	3100	1	1458	0.0	1600
ERR3077539.sra.5199	NC_020450_475434_475549	80.723	83	10	2	1256	1338	18	94	6.24e-12	75.2
ERR3077539.sra.5278	DQ232537	86.854	1491	83	65	1829	3246	19	1469	0.0	1624
ERR3077539.sra.5370	NC_021009_505857_508732	68.831	462	81	25	248	680	428	1	1.69e-28	129
ERR3077539.sra.5378	AF145242	85.201	1392	111	58	60	1377	135	1505	0.0	1407
ERR3077539.sra.5393	gi|116536735|ref|NC_008516.1|_White_bream_virus,_complete_genome	72.917	96	23	1	1427	1519	4375	4470	5.15e-06	55.4
ERR3077539.sra.5438	gi|441431943|ref|NC_020104.1|_Acanthamoeba_polyphaga_moumouvirus,_complete_genome	75.817	153	32	2	214	361	474742	474894	4.99e-21	105
ERR3077539.sra.5438	gi|441431943|ref|NC_020104.1|_Acanthamoeba_polyphaga_moumouvirus,_complete_genome	71.429	133	36	1	189	319	290975	290843	4.38e-09	66.2
ERR3077539.sra.5491	NC_015875_2081382_2082934	85.128	195	3	8	2607	2781	10	198	3.40e-52	208
ERR3077539.sra.5523	gi|531034792|ref|NC_022098.1|_Pandoravirus_salinus,_complete_genome	65.820	433	116	17	1170	1580	119047	118625	3.38e-09	66.2
ERR3077539.sra.5596	gi|531034792|ref|NC_022098.1|_Pandoravirus_salinus,_complete_genome	69.737	152	22	7	3297	3447	853494	853366	2.02e-06	57.2
ERR3077539.sra.5619	NC_009443_16967_18518	81.183	186	15	11	89	259	1366	1546	9.69e-34	147
ERR3077539.sra.5651	AY584476	82.563	1514	112	70	226	1635	4	1469	0.0	1362
ERR3077539.sra.5811	NC_021350_359864_361325	70.000	270	69	5	1740	2002	1133	1397	5.72e-23	111
ERR3077539.sra.5830	gi|311977355|ref|NC_014649.1|_Acanthamoeba_polyphaga_mimivirus,_complete_genome	77.273	110	21	4	1100	1207	200573	200680	5.67e-11	71.6
ERR3077539.sra.5892	NC_019936_1128086_1129503	84.542	1365	101	59	1102	2385	1	1336	0.0	1344
ERR3077539.sra.5919	gi|448824968|ref|NC_020232.1|_Megavirus_lba_isolate_LBA111,_complete_genome	90.000	40	4	0	317	356	1195174	1195213	5.59e-06	55.4
ERR3077539.sra.5930	NC_018080_699179_700716	81.812	1600	120	96	1290	2787	2	1532	0.0	1296
ERR3077539.sra.6036	NC_008463_733095_734620	83.851	483	35	24	60	516	1053	1518	8.83e-125	450
ERR3077539.sra.6059	gi|164519195|ref|NC_010240.1|_Helicoverpa_armigera_granulovirus,_complete_genome	76.087	92	18	3	644	732	166798	166888	5.86e-07	57.2
ERR3077539.sra.6136	NC_015215_16481_18017	85.120	1129	77	47	49	1127	446	1533	0.0	1150
ERR3077539.sra.6172	gi|363539767|ref|NC_016072.1|_Megavirus_chiliensis,_complete_genome	81.967	61	4	2	802	862	657171	657224	2.79e-07	59.0
ERR3077539.sra.6237	AY278622	79.631	1517	127	75	97	1473	51	1525	0.0	1169
ERR3077539.sra.6409	gi|761895455|ref|NC_001650.2|_Equid_herpesvirus_2_strain_86_67,_complete_genome	75.172	145	30	5	1914	2054	145904	145762	3.18e-14	82.4
ERR3077539.sra.6435	NC_020450_475434_475549	81.395	86	12	3	1598	1682	101	19	1.80e-11	73.4
ERR3077539.sra.6482	gi|118496614|ref|NC_008603.1|_Paramecium_bursaria_Chlorella_virus_FR483,_complete_genome	84.483	58	7	2	972	1029	142510	142565	1.77e-06	57.2
ERR3077539.sra.6497	NC_023149_705843_707378	86.979	192	13	10	2593	2781	1	183	1.76e-49	199
ERR3077539.sra.6584	NC_021350_359864_361325	69.825	285	74	8	3065	3343	1420	1142	4.47e-20	102
ERR3077539.sra.6597	NC_018080_699179_700716	90.013	1532	65	56	1718	3204	2	1490	0.0	1900
ERR3077539.sra.6630	NC_021350_359864_361325	67.788	208	49	6	3062	3259	1214	1413	3.80e-08	62.6
ERR3077539.sra.6631	NC_013715_1592163_1593688	82.349	1422	128	63	1712	3033	12	1410	0.0	1260
ERR3077539.sra.6662	AY584476	87.011	1509	100	65	872	2324	1	1469	0.0	1631
ERR3077539.sra.6685	gi|340025671|ref|NC_000852.5|_Paramecium_bursaria_Chlorella_virus_1,_complete_genome	83.636	55	9	0	2093	2147	165392	165338	4.20e-07	59.0
ERR3077539.sra.6685	gi|340025671|ref|NC_000852.5|_Paramecium_bursaria_Chlorella_virus_1,_complete_genome	83.636	55	9	0	2093	2147	165565	165511	4.20e-07	59.0
ERR3077539.sra.6685	gi|340025671|ref|NC_000852.5|_Paramecium_bursaria_Chlorella_virus_1,_complete_genome	83.636	55	9	0	2093	2147	165771	165717	4.20e-07	59.0
ERR3077539.sra.6685	gi|340025671|ref|NC_000852.5|_Paramecium_bursaria_Chlorella_virus_1,_complete_genome	78.082	73	15	1	2093	2164	165316	165244	1.47e-06	57.2
ERR3077539.sra.6764	CP001015	83.844	1436	138	56	997	2374	1	1400	0.0	1377
ERR3077539.sra.6852	NC_022584_1536869_1538421	92.588	850	24	23	2762	3581	1553	713	0.0	1180
ERR3077539.sra.6903	X84258	89.164	766	35	30	101	840	739	1482	0.0	915
ERR3077539.sra.6998	NC_013203_1457029_1458528	84.074	540	40	23	37	540	971	1500	3.18e-147	524
ERR3077539.sra.7018	L06168	85.599	1486	90	59	3915	5324	1	1438	0.0	1572
ERR3077539.sra.7024	NC_013715_1592163_1593688	84.157	1174	73	60	1692	2795	1521	391	0.0	1110
ERR3077539.sra.7089	gi|126882977|ref|NC_002686.2|_Cercopithecine_herpesvirus_9,_complete_genome	84.314	51	8	0	1629	1679	100843	100893	1.04e-06	57.2
ERR3077539.sra.7105	GQ131418	89.429	700	34	19	2930	3593	1505	810	0.0	879
ERR3077539.sra.7105	GQ131418	93.548	62	1	2	3593	3654	634	576	1.05e-15	87.8
ERR3077539.sra.7109	CP001015	85.609	1494	100	63	1100	2527	14	1458	0.0	1544
ERR3077539.sra.7114	AM157441	84.626	722	44	36	72	743	745	41	0.0	700
ERR3077539.sra.7224	NC_018080_699179_700716	86.847	1072	53	45	1413	2420	2	1049	0.0	1175
ERR3077539.sra.7384	gi|526118633|ref|NC_021858.1|_Pandoravirus_dulcis,_complete_genome	70.130	231	54	10	1356	1575	92526	92752	4.72e-12	75.2
ERR3077539.sra.7404	gi|340025671|ref|NC_000852.5|_Paramecium_bursaria_Chlorella_virus_1,_complete_genome	74.757	103	23	2	3967	4067	54101	54202	5.43e-08	62.6
ERR3077539.sra.7448	FJ983036	81.356	1180	97	59	56	1147	398	1542	0.0	982
ERR3077539.sra.7489	NC_014498_31096_32654	75.000	176	20	11	76	236	171	5	6.03e-17	91.5
ERR3077539.sra.7526	NC_018080_699179_700716	87.301	1567	93	63	431	1921	1538	2	0.0	1741
ERR3077539.sra.7547	DQ232536	81.596	1391	123	67	55	1347	1356	1	0.0	1177
ERR3077539.sra.7548	NC_021350_359864_361325	80.435	92	17	1	1630	1720	1077	986	2.31e-14	82.4
ERR3077539.sra.7572	NC_021350_359864_361325	71.505	186	39	8	3017	3192	1232	1413	2.18e-11	73.4
ERR3077539.sra.7714	GU414239	88.612	281	12	11	63	325	279	1	5.20e-89	331
ERR3077539.sra.7721	NC_013520_103635_105185	91.509	212	9	6	2033	2238	1551	1343	1.51e-74	282
ERR3077539.sra.7730	NC_019936_1128086_1129503	86.882	1395	78	60	92	1397	1382	4	0.0	1516
ERR3077539.sra.7752	gi|472342562|ref|NC_020864.1|_Micromonas_pusilla_virus_12T_genomic_sequence	69.149	188	37	9	1989	2166	195733	195909	1.36e-06	57.2
ERR3077539.sra.7776	CP001015	87.339	1477	84	63	808	2205	1453	1	0.0	1629
ERR3077539.sra.7896	NC_002516_722096_723631	88.405	1561	63	64	67	1541	1529	1	0.0	1817
ERR3077539.sra.7957	X84258	85.222	697	44	35	80	742	812	1483	0.0	688
ERR3077539.sra.8134	CP000725	81.512	1574	134	76	2577	4057	1	1510	0.0	1326
ERR3077539.sra.8174	gi|363539767|ref|NC_016072.1|_Megavirus_chiliensis,_complete_genome	82.143	56	10	0	2161	2216	720922	720867	1.20e-06	57.2
ERR3077539.sra.8243	NC_003116_198339_199883	85.556	1537	110	66	82	1543	1500	1	0.0	1575
ERR3077539.sra.8251	gi|448824968|ref|NC_020232.1|_Megavirus_lba_isolate_LBA111,_complete_genome	72.581	124	32	2	3902	4023	684622	684745	1.47e-08	64.4
ERR3077539.sra.8278	gi|422933791|ref|NC_019495.1|_Cyprinid_herpesvirus_2_strain_ST-J1,_complete_genome	69.565	184	31	8	2303	2476	32593	32761	2.41e-09	66.2
ERR3077539.sra.8397	NC_023066_699348_700885	89.080	870	39	32	57	886	685	1538	0.0	1047
ERR3077539.sra.8477	NC_018089_16891_18450	95.918	49	1	1	101	149	1513	1560	1.80e-12	77.0
ERR3077539.sra.8532	gi|9631294|ref|NC_001993.1|_Melanoplus_sanguinipes_entomopoxvirus,_complete_genome	76.471	85	13	3	2640	2719	44819	44737	2.03e-06	57.2
ERR3077539.sra.8555	gi|509139678|ref|NC_021321.1|_Halovirus_HRTV-8,_complete_genome	86.207	58	5	2	833	890	52433	52487	3.49e-08	62.6
ERR3077539.sra.8622	NC_023149_705843_707378	90.476	84	3	3	1996	2076	5	86	7.47e-22	107
ERR3077539.sra.8642	NC_019670_111178_112701	85.917	1548	123	53	356	1832	1	1524	0.0	1656
ERR3077539.sra.8645	NC_021009_505857_508732	72.177	248	45	10	244	470	428	184	2.03e-23	113
ERR3077539.sra.8771	AY008310	89.151	1484	72	57	986	2410	20	1473	0.0	1783
ERR3077539.sra.8799	NC_021009_505857_508732	69.935	306	59	15	308	593	440	148	5.30e-20	100
ERR3077539.sra.8931	gi|110645209|ref|NC_008252.1|_Neodiprion_abietis_NPV,_complete_genome	84.483	58	7	2	973	1029	45479	45423	1.14e-06	57.2
ERR3077539.sra.9013	NC_021040_348381_351031	78.226	124	19	8	560	680	2479	2597	2.18e-11	73.4
ERR3077539.sra.9028	DQ232536	70.083	361	21	23	440	718	370	15	1.10e-31	140
ERR3077539.sra.9028	DQ232536	75.658	152	10	8	51	177	979	830	1.18e-18	96.9
ERR3077539.sra.9028	DQ232536	93.333	60	1	2	271	327	642	583	7.44e-15	84.2
ERR3077539.sra.9087	gi|526118633|ref|NC_021858.1|_Pandoravirus_dulcis,_complete_genome	76.190	84	20	0	971	1054	1727067	1726984	1.88e-08	62.6
ERR3077539.sra.9117	AY584476	84.328	1340	92	61	60	1308	1316	4	0.0	1301
ERR3077539.sra.9162	NC_021009_505857_508732	78.095	105	16	5	2200	2302	180	279	1.94e-10	69.8
ERR3077539.sra.9204	gi|9964314|ref|NC_002520.1|_Amsacta_moorei_entomopoxvirus_'L',_complete_genome	74.419	86	14	2	570	655	193732	193655	5.65e-06	55.4
ERR3077539.sra.9308	NC_013715_1592163_1593688	84.049	1304	83	66	59	1293	1269	22	0.0	1229
ERR3077539.sra.9438	NC_021350_359864_361325	68.257	482	123	14	963	1429	1452	986	1.10e-32	143
ERR3077539.sra.9485	GQ087809	86.373	1409	79	62	677	2029	1	1352	0.0	1498
ERR3077539.sra.9513	NC_020450_475434_475549	84.337	83	11	2	905	985	19	101	1.36e-14	84.2
ERR3077539.sra.9559	NC_003028_15344_16903	86.639	711	37	28	50	719	867	1560	0.0	780
ERR3077539.sra.9563	gi|20198505|ref|NC_002512.2|_Murid_herpesvirus_2,_complete_genome	81.250	64	9	2	1501	1563	83924	83863	4.69e-06	55.4
ERR3077539.sra.9645	gi|422933791|ref|NC_019495.1|_Cyprinid_herpesvirus_2_strain_ST-J1,_complete_genome	68.539	178	38	3	121	298	32036	31877	8.92e-11	71.6
ERR3077539.sra.9645	gi|422933791|ref|NC_019495.1|_Cyprinid_herpesvirus_2_strain_ST-J1,_complete_genome	67.401	227	57	7	210	433	32784	32572	1.61e-07	60.8
ERR3077539.sra.9645	gi|422933791|ref|NC_019495.1|_Cyprinid_herpesvirus_2_strain_ST-J1,_complete_genome	75.789	95	18	3	386	480	32036	31947	5.63e-07	59.0
ERR3077539.sra.9658	NC_021577_699401_700938	85.892	886	54	42	98	941	682	1538	0.0	910
ERR3077539.sra.9690	DQ117531	86.321	1506	107	53	473	1907	1480	3	0.0	1638
ERR3077539.sra.9693	AY995770	88.404	1078	55	45	1245	2261	1498	430	0.0	1242
ERR3077539.sra.9867	NC_021009_505857_508732	80.808	99	9	3	147	236	265	168	2.41e-16	89.7
ERR3077539.sra.9945	NC_016809_179310_180858	92.941	170	5	6	60	227	165	1	3.46e-59	232
ERR3077539.sra.9984	AF039903	80.039	1538	166	76	640	2065	1509	1	0.0	1175
ERR3077539.sra.10060	NC_022584_1536869_1538421	82.660	1609	139	75	687	2211	1	1553	0.0	1433
ERR3077539.sra.10158	AY278618	82.766	1497	139	65	380	1767	1487	1	0.0	1352
ERR3077539.sra.10190	NC_020450_475434_475549	81.395	86	11	3	923	1005	18	101	5.12e-12	75.2
ERR3077539.sra.10265	AM157441	87.124	699	38	27	75	752	708	41	0.0	780
ERR3077539.sra.10271	NC_021040_348381_351031	75.652	115	22	3	596	705	2490	2603	1.00e-11	73.4
ERR3077539.sra.10342	AB355602	83.800	1321	102	57	191	1426	1400	107	0.0	1261
ERR3077539.sra.10396	NC_021020_589522_591540	74.349	269	48	14	2375	2628	2	264	7.90e-29	131
ERR3077539.sra.10428	gi|537108089|ref|NC_005881.2|_Ostreid_herpesvirus_1,_complete_genome	68.932	206	39	11	803	996	49754	49946	1.59e-06	57.2
ERR3077539.sra.10442	NC_018089_16891_18450	98.462	65	1	0	45	109	1496	1560	2.44e-23	113
ERR3077539.sra.10460	CP000725	83.387	1541	126	73	312	1758	6	1510	0.0	1413
ERR3077539.sra.10572	NC_021350_359864_361325	74.725	273	56	9	573	836	1446	1178	3.12e-35	152
ERR3077539.sra.10577	gi|113200747|ref|NC_008300.1|_Melon_yellow_spot_virus_segment_S,_complete_sequence	81.159	69	10	1	3628	3696	1957	1892	1.37e-08	64.4
ERR3077539.sra.10582	DQ409140	80.610	1542	114	91	284	1701	3	1483	0.0	1189
ERR3077539.sra.10584	gi|509139559|ref|NC_021320.1|_Halovirus_HRTV-5,_complete_genome	88.889	45	4	1	1415	1459	55879	55922	4.86e-06	55.4
ERR3077539.sra.10705	NC_015678_4661_6196	84.420	276	18	13	1833	2096	1	263	3.13e-70	268
ERR3077539.sra.10943	AM157441	72.201	1054	76	62	1862	2706	98	1143	4.58e-139	497
ERR3077539.sra.10987	AY879305	82.445	1538	108	69	488	1902	1504	6	0.0	1391
ERR3077539.sra.10988	NC_015964_438409_439961	85.943	1309	52	44	953	2146	5	1296	0.0	1452
ERR3077539.sra.11017	gi|508181800|ref|NC_021312.1|_Phaeocystis_globosa_virus_strain_16T,_complete_genome	74.336	113	27	2	2059	2171	289139	289029	2.15e-09	66.2
ERR3077539.sra.11018	DQ409140	85.290	1516	98	72	244	1660	1490	1	0.0	1517
ERR3077539.sra.11033	L06168	88.970	1514	74	54	151	1599	1	1486	0.0	1831
ERR3077539.sra.11140	NC_021350_359864_361325	68.257	482	101	21	781	1231	992	1452	2.45e-29	132
ERR3077539.sra.11174	NC_008532_19146_20695	83.824	1088	84	51	3088	4114	1550	494	0.0	1021
ERR3077539.sra.11245	NC_015964_438409_439961	88.462	104	6	4	3335	3434	1536	1435	4.81e-26	122
ERR3077539.sra.11257	NC_021040_348381_351031	73.810	126	20	6	2507	2622	2591	2469	9.04e-09	64.4
ERR3077539.sra.11258	AF104675	82.048	1582	139	69	1124	2623	1	1519	0.0	1395
ERR3077539.sra.11271	NC_003028_15344_16903	80.203	197	22	7	2526	2721	3	183	1.24e-38	163
ERR3077539.sra.11295	NC_009443_16967_18518	88.222	433	25	15	3355	3766	1549	1122	3.53e-142	508
ERR3077539.sra.11327	NC_018080_699179_700716	87.879	858	34	36	3101	3910	1	836	0.0	980
ERR3077539.sra.11353	gi|327409465|ref|NC_015323.1|_Fowl_adenovirus_C,_complete_genome	69.697	165	27	6	213	372	44022	44168	2.54e-09	66.2
ERR3077539.sra.11353	gi|327409465|ref|NC_015323.1|_Fowl_adenovirus_C,_complete_genome	71.528	144	27	5	210	350	44043	44175	2.54e-09	66.2
ERR3077539.sra.11388	gi|48843719|ref|NC_005902.1|_Lymphocystis_disease_virus_-_isolate_China,_complete_genome	85.417	48	7	0	1089	1136	16565	16612	3.59e-06	55.4
ERR3077539.sra.11461	NC_021350_359864_361325	68.468	444	95	23	1627	2046	1414	992	9.76e-22	107
ERR3077539.sra.11477	AF385525	85.428	899	52	38	42	884	575	1450	0.0	931
ERR3077539.sra.11585	NC_021350_359864_361325	71.429	189	50	4	315	502	1369	1184	9.30e-15	84.2
ERR3077539.sra.11603	NC_020912_694257_695795	92.035	113	5	3	2145	2255	1	111	5.36e-36	154
ERR3077539.sra.11655	gi|564102868|ref|AC_000189.1|_Porcine_adenovirus_3,_complete_genome	84.211	57	7	2	1686	1741	17814	17869	5.25e-06	55.4
ERR3077539.sra.11779	gi|821316663|ref|NC_023876.2|_Andrographis_yellow_vein_leaf_curl_betasatellite_clone_bt-2,_complete_sequence	84.127	63	9	1	383	445	853	792	3.36e-09	66.2
ERR3077539.sra.11817	X84258	80.047	426	39	27	4140	4530	1473	1059	2.68e-81	306
ERR3077539.sra.11828	SEQF1091	79.009	686	56	43	117	733	837	1503	4.82e-132	473
ERR3077539.sra.11861	DQ201336	88.377	1325	60	58	1806	3057	1498	195	0.0	1519
ERR3077539.sra.11872	AY281077	85.795	704	51	34	36	703	691	1	0.0	710
ERR3077539.sra.11884	NC_020450_475434_475549	81.333	75	12	1	2505	2579	19	91	2.39e-10	69.8
ERR3077539.sra.12093	NC_021040_348381_351031	74.211	190	30	11	2386	2570	2623	2448	2.37e-16	89.7
ERR3077539.sra.12200	gi|441431943|ref|NC_020104.1|_Acanthamoeba_polyphaga_moumouvirus,_complete_genome	74.775	111	25	3	2661	2769	290843	290952	1.29e-08	64.4
ERR3077539.sra.12216	gi|310830989|ref|NC_014637.1|_Cafeteria_roenbergensis_virus_BV-PW1,_complete_genome	75.294	85	16	2	2452	2533	434792	434874	7.86e-06	55.4
ERR3077539.sra.12263	gi|340025671|ref|NC_000852.5|_Paramecium_bursaria_Chlorella_virus_1,_complete_genome	84.615	52	7	1	828	878	165717	165768	3.74e-06	55.4
ERR3077539.sra.12320	NC_008463_733095_734620	87.849	1539	74	71	1328	2793	25	1523	0.0	1714
ERR3077539.sra.12432	gi|340025671|ref|NC_000852.5|_Paramecium_bursaria_Chlorella_virus_1,_complete_genome	77.922	77	15	2	303	377	54177	54101	5.62e-06	55.4
ERR3077539.sra.12465	NC_020450_475434_475549	80.882	68	8	3	300	365	22	86	1.50e-06	55.4
ERR3077539.sra.12520	gi|86355520|ref|NC_007767.1|_Hyphantria_cunea_nucleopolyhedrovirus,_complete_genome	78.788	66	14	0	1627	1692	61803	61738	1.45e-06	57.2
ERR3077539.sra.12533	NC_015678_4661_6196	83.035	1397	97	64	109	1385	1377	1	0.0	1288
ERR3077539.sra.12551	NC_018526_16975_18526	80.889	450	41	23	1577	1993	1552	1115	1.76e-98	361
ERR3077539.sra.12641	gi|422933791|ref|NC_019495.1|_Cyprinid_herpesvirus_2_strain_ST-J1,_complete_genome	72.159	176	38	5	122	294	32617	32784	9.59e-15	84.2
ERR3077539.sra.12641	gi|422933791|ref|NC_019495.1|_Cyprinid_herpesvirus_2_strain_ST-J1,_complete_genome	72.840	162	34	5	128	288	32563	32715	1.17e-13	80.6
ERR3077539.sra.12641	gi|422933791|ref|NC_019495.1|_Cyprinid_herpesvirus_2_strain_ST-J1,_complete_genome	73.196	97	17	2	195	287	31914	32005	1.33e-06	57.2
ERR3077539.sra.12687	NC_015678_4661_6196	83.265	245	18	14	2570	2798	2	239	2.31e-54	215
ERR3077539.sra.12769	CP001015	76.691	1390	188	81	38	1342	1339	1	0.0	803
ERR3077539.sra.12795	NC_021175_16001_17556	84.776	335	20	17	3091	3398	1556	1226	2.15e-87	325
ERR3077539.sra.12827	AF385525	79.054	1480	120	85	435	1756	5	1452	0.0	1061
ERR3077539.sra.12831	NC_002516_722096_723631	88.221	1596	69	72	199	1735	1	1536	0.0	1813
ERR3077539.sra.12952	NC_013715_1592163_1593688	76.261	1348	142	77	2278	3515	1526	247	0.0	801
ERR3077539.sra.12992	NC_018080_699179_700716	78.807	1576	167	83	514	1969	1	1529	0.0	1113
ERR3077539.sra.13002	CP000725	87.024	971	44	40	3045	3952	1510	559	0.0	1077
ERR3077539.sra.13140	NC_020450_475434_475549	94.872	39	2	0	1327	1365	57	19	3.45e-08	62.6
ERR3077539.sra.13171	gi|582973099|ref|NC_023426.1|_Anomala_cuprea_entomopoxvirus_DNA,_complete_genome,_strain:_CV6M	82.258	62	8	2	1166	1226	99534	99593	1.18e-06	57.2
ERR3077539.sra.13248	NC_021577_699401_700938	89.590	1220	45	43	805	1950	1538	327	0.0	1508
ERR3077539.sra.13268	NC_021577_699401_700938	83.369	1419	103	71	80	1395	139	1527	0.0	1296
ERR3077539.sra.13275	gi|340025671|ref|NC_000852.5|_Paramecium_bursaria_Chlorella_virus_1,_complete_genome	82.609	69	9	3	240	306	54110	54177	1.09e-07	60.8
ERR3077539.sra.13297	gi|509139678|ref|NC_021321.1|_Halovirus_HRTV-8,_complete_genome	82.759	58	8	1	3082	3137	52431	52488	2.04e-06	57.2
ERR3077539.sra.13352	NC_021040_348381_351031	75.130	193	30	10	1228	1406	2578	2390	7.40e-21	104
ERR3077539.sra.13408	gi|441431943|ref|NC_020104.1|_Acanthamoeba_polyphaga_moumouvirus,_complete_genome	74.830	147	28	4	915	1053	474749	474894	2.66e-16	89.7
ERR3077539.sra.13408	gi|441431943|ref|NC_020104.1|_Acanthamoeba_polyphaga_moumouvirus,_complete_genome	72.650	117	29	3	901	1015	290958	290843	1.57e-06	57.2
ERR3077539.sra.13449	gi|509139559|ref|NC_021320.1|_Halovirus_HRTV-5,_complete_genome	87.719	57	6	1	564	620	55882	55937	8.50e-10	68.0
ERR3077539.sra.13474	NC_020450_475434_475549	83.562	73	12	0	3062	3134	91	19	4.89e-13	78.8
ERR3077539.sra.13484	AF385520	82.859	1511	156	56	662	2092	1495	8	0.0	1400
ERR3077539.sra.13486	gi|472342562|ref|NC_020864.1|_Micromonas_pusilla_virus_12T_genomic_sequence	83.051	59	9	1	1523	1581	166752	166695	5.03e-07	59.0
ERR3077539.sra.13496	gi|313768203|ref|NC_014767.1|_Micromonas_sp._RCC1109_virus_MpV1,_complete_genome	71.200	125	35	1	2178	2301	11590	11714	1.20e-07	60.8
ERR3077539.sra.13497	NC_020450_475434_475549	84.091	88	11	3	2334	2419	101	15	3.16e-15	86.0
ERR3077539.sra.13498	NC_015678_4661_6196	86.292	445	22	20	42	453	446	8	4.00e-132	473
ERR3077539.sra.13595	gi|531034792|ref|NC_022098.1|_Pandoravirus_salinus,_complete_genome	83.636	55	7	1	3612	3666	2039394	2039446	2.10e-06	57.2
ERR3077539.sra.13608	gi|761895455|ref|NC_001650.2|_Equid_herpesvirus_2_strain_86_67,_complete_genome	79.032	62	6	1	1670	1731	151703	151757	4.36e-06	55.4
ERR3077539.sra.13677	gi|602259401|ref|NC_023848.1|_Anopheles_minimus_irodovirus_isolate_AMIV,_complete_genome	74.038	104	22	3	1047	1147	22246	22145	1.40e-06	57.2
ERR3077539.sra.13709	NC_020450_475434_475549	77.907	86	13	4	928	1010	19	101	1.23e-06	57.2
ERR3077539.sra.13722	gi|509139559|ref|NC_021320.1|_Halovirus_HRTV-5,_complete_genome	89.286	56	4	2	432	487	55937	55884	9.46e-10	68.0
ERR3077539.sra.13793	AF432133	88.534	1535	65	65	230	1683	1505	1	0.0	1783
ERR3077539.sra.13840	NC_022584_1536869_1538421	82.846	1609	143	78	261	1792	1	1553	0.0	1425
ERR3077539.sra.13854	gi|118496614|ref|NC_008603.1|_Paramecium_bursaria_Chlorella_virus_FR483,_complete_genome	80.519	77	10	4	1350	1424	142569	142496	3.37e-07	59.0
ERR3077539.sra.13868	NC_021350_359864_361325	75.281	89	18	2	618	705	1217	1302	1.81e-06	57.2
ERR3077539.sra.13981	gi|20153333|ref|NC_003616.1|_Impatiens_necrotic_spot_virus_segment_M,_complete_sequence	79.381	97	17	2	1461	1556	1129	1223	3.90e-13	78.8
ERR3077539.sra.14003	NC_008463_733095_734620	83.388	614	49	26	1161	1741	919	1512	1.15e-163	578
ERR3077539.sra.14003	NC_008463_733095_734620	77.219	755	68	45	451	1145	3	713	2.89e-133	477
ERR3077539.sra.14047	gi|506498610|ref|NC_021249.1|_Choristoneura_rosaceana_entomopoxvirus_'L',_complete_genome	76.042	96	15	4	1589	1684	176497	176410	4.21e-07	59.0
ERR3077539.sra.14067	AM420095	80.889	675	54	34	85	704	655	1	2.01e-155	551
ERR3077539.sra.14148	gi|313843970|ref|NC_014766.1|_Ostreococcus_lucimarinus_virus_OlV1,_complete_genome	74.522	157	27	9	2409	2563	16027	15882	6.20e-12	75.2
ERR3077539.sra.14212	NC_021009_505857_508732	78.218	101	19	3	2305	2403	170	269	1.53e-11	73.4
ERR3077539.sra.14256	NC_021350_359864_361325	71.670	473	114	14	1809	2267	986	1452	3.78e-51	205
ERR3077539.sra.14342	gi|509139559|ref|NC_021320.1|_Halovirus_HRTV-5,_complete_genome	89.474	57	5	1	1650	1706	55882	55937	1.57e-11	73.4
ERR3077539.sra.14346	gi|441431943|ref|NC_020104.1|_Acanthamoeba_polyphaga_moumouvirus,_complete_genome	74.214	159	26	7	940	1087	474894	474740	9.42e-15	84.2
ERR3077539.sra.14380	NC_021175_16001_17556	80.866	277	21	14	2248	2504	1556	1292	1.12e-57	226
ERR3077539.sra.14604	gi|310830989|ref|NC_014637.1|_Cafeteria_roenbergensis_virus_BV-PW1,_complete_genome	80.952	63	11	1	1146	1207	434814	434876	9.20e-07	57.2
ERR3077539.sra.14641	NC_021350_359864_361325	68.139	317	89	10	3016	3322	986	1300	4.11e-14	82.4
ERR3077539.sra.14663	gi|761895455|ref|NC_001650.2|_Equid_herpesvirus_2_strain_86_67,_complete_genome	69.189	185	37	9	561	735	145765	145939	4.66e-06	55.4
ERR3077539.sra.14693	NC_020450_475434_475549	80.233	86	12	5	1623	1706	101	19	1.51e-07	60.8
ERR3077539.sra.14749	NC_021577_699401_700938	84.398	1596	97	83	1293	2794	1	1538	0.0	1519
ERR3077539.sra.14751	gi|313768203|ref|NC_014767.1|_Micromonas_sp._RCC1109_virus_MpV1,_complete_genome	82.353	85	12	3	364	447	138402	138484	5.33e-12	75.2
ERR3077539.sra.14882	gi|509139559|ref|NC_021320.1|_Halovirus_HRTV-5,_complete_genome	84.211	57	6	2	2220	2275	55882	55936	2.03e-06	57.2
ERR3077539.sra.14945	NC_020912_694257_695795	90.135	669	21	24	3550	4180	2	663	0.0	841
ERR3077539.sra.15052	AY584476	82.309	927	87	44	58	925	909	1	0.0	803
ERR3077539.sra.15061	gi|531034792|ref|NC_022098.1|_Pandoravirus_salinus,_complete_genome	82.143	56	10	0	381	436	1665758	1665813	1.47e-06	57.2
ERR3077539.sra.15077	NC_021175_16001_17556	91.641	323	12	10	2107	2415	1556	1235	5.01e-119	430
ERR3077539.sra.15148	gi|441431943|ref|NC_020104.1|_Acanthamoeba_polyphaga_moumouvirus,_complete_genome	71.728	191	41	7	1061	1248	474714	474894	5.97e-14	82.4
ERR3077539.sra.15221	NC_017511_1177616_1179168	81.593	565	49	31	61	585	550	1	3.16e-128	461
ERR3077539.sra.15300	gi|313767999|ref|NC_014765.1|_Bathycoccus_sp._RCC1105_virus_BpV1,_complete_genome	76.842	95	20	2	1271	1364	6908	6815	3.39e-09	66.2
ERR3077539.sra.15458	gi|526118633|ref|NC_021858.1|_Pandoravirus_dulcis,_complete_genome	69.474	190	51	4	675	858	1726984	1727172	1.93e-10	69.8
ERR3077539.sra.15511	gi|313768203|ref|NC_014767.1|_Micromonas_sp._RCC1109_virus_MpV1,_complete_genome	74.699	83	21	0	1467	1549	11485	11567	5.48e-06	55.4
ERR3077539.sra.15580	NC_014147_315691_317208	83.316	947	59	53	2139	3003	1518	589	0.0	847
ERR3077539.sra.15628	NC_021350_359864_361325	72.944	462	100	16	2590	3036	986	1437	5.92e-56	221
ERR3077539.sra.15640	gi|422933791|ref|NC_019495.1|_Cyprinid_herpesvirus_2_strain_ST-J1,_complete_genome	72.650	117	21	5	1040	1148	31923	32036	8.11e-06	55.4
ERR3077539.sra.15663	gi|472342562|ref|NC_020864.1|_Micromonas_pusilla_virus_12T_genomic_sequence	76.190	105	18	3	439	536	198770	198666	3.49e-10	69.8
ERR3077539.sra.15691	NC_020450_475434_475549	80.263	76	11	3	913	984	19	94	9.13e-08	60.8
ERR3077539.sra.15728	NC_022584_1536869_1538421	77.157	197	31	8	2881	3074	1	186	2.90e-28	129
ERR3077539.sra.15784	AY879305	85.014	1041	70	49	2447	3421	1507	487	0.0	1031
ERR3077539.sra.15916	gi|51557483|ref|NC_006151.1|_Suid_herpesvirus_1,_complete_genome	82.540	63	9	2	3274	3336	94362	94422	1.84e-06	57.2
ERR3077539.sra.15954	NC_013715_1592163_1593688	82.870	1547	119	76	608	2032	4	1526	0.0	1384
ERR3077539.sra.16238	gi|33300799|ref|NC_005047.1|_Zinnia_leaf_curl_disease_associated_sequence_virion,_complete_genome	79.710	69	14	0	1388	1456	779	711	4.52e-08	62.6
ERR3077539.sra.16303	NC_021350_359864_361325	69.520	479	100	22	2051	2509	989	1441	3.43e-34	149
ERR3077539.sra.16349	AF287809	78.744	621	76	29	2928	3505	1511	904	3.29e-123	444
ERR3077539.sra.16464	NC_002516_722096_723631	85.986	999	73	42	92	1042	557	1536	0.0	1041
ERR3077539.sra.16508	gi|57753371|ref|NC_006650.1|_Cotesia_congregata_virus_complete_genome,_segment_Circle19	76.623	77	16	1	755	831	9827	9901	5.76e-06	55.4
ERR3077539.sra.16508	gi|57753371|ref|NC_006650.1|_Cotesia_congregata_virus_complete_genome,_segment_Circle19	76.623	77	16	1	755	831	16356	16430	5.76e-06	55.4
ERR3077539.sra.16633	gi|388262476|ref|NC_013668.3|_Anguillid_herpesvirus_1,_complete_genome	75.490	102	23	2	993	1093	50702	50602	7.21e-09	64.4
ERR3077539.sra.16668	gi|340025671|ref|NC_000852.5|_Paramecium_bursaria_Chlorella_virus_1,_complete_genome	73.077	104	26	2	2189	2291	54101	54203	5.51e-06	55.4
ERR3077539.sra.16733	CP001015	78.566	1241	130	70	2461	3636	1	1170	0.0	847
ERR3077539.sra.16793	NC_023066_699348_700885	75.227	1651	178	112	124	1656	1	1538	0.0	838
ERR3077539.sra.16841	gi|555928177|ref|NC_022612.1|_Turkey_adenovirus_4_isolate_TNI1,_complete_genome	94.286	35	2	0	1661	1695	6026	6060	5.99e-06	55.4
ERR3077539.sra.16874	gi|57753434|ref|NC_006633.1|_Cotesia_congregata_virus_complete_genome,_segment_Circle1	83.607	61	7	1	1763	1823	12603	12546	7.31e-09	64.4
ERR3077539.sra.16929	NC_021350_359864_361325	71.280	289	59	13	107	378	1276	995	7.13e-23	111
ERR3077539.sra.16935	gi|12084983|ref|NC_002642.1|_Yaba-like_disease_virus,_complete_genome	90.909	44	3	1	808	850	134876	134833	3.74e-07	59.0
ERR3077539.sra.16943	gi|526118633|ref|NC_021858.1|_Pandoravirus_dulcis,_complete_genome	70.874	412	106	9	2268	2666	92929	92519	8.45e-42	174
ERR3077539.sra.16957	NC_014147_315691_317208	80.717	1561	162	74	650	2115	1517	1	0.0	1251
ERR3077539.sra.17195	CP000725	78.530	1537	144	85	534	1922	1510	12	0.0	1068
ERR3077539.sra.17236	NC_022584_1536869_1538421	85.837	1165	44	44	85	1151	1142	1	0.0	1269
ERR3077539.sra.17290	NC_015964_438409_439961	77.419	186	18	10	3239	3409	27	203	1.36e-26	123
ERR3077539.sra.17293	NC_015215_16481_18017	86.062	1191	84	45	1623	2745	1532	356	0.0	1270
ERR3077539.sra.17350	NC_015215_16481_18017	86.179	984	55	39	1703	2613	1537	562	0.0	1059
ERR3077539.sra.17640	gi|370702946|ref|NC_004156.2|_Helicoverpa_zea_nudivirus_2,_complete_genome	69.799	149	21	7	254	399	175523	175650	1.42e-06	57.2
ERR3077539.sra.17701	NC_023066_699348_700885	76.452	930	47	49	105	879	626	1538	1.59e-177	625
ERR3077539.sra.17715	gi|313843970|ref|NC_014766.1|_Ostreococcus_lucimarinus_virus_OlV1,_complete_genome	76.531	98	16	4	1057	1150	15933	16027	3.32e-08	62.6
ERR3077539.sra.17743	gi|313843970|ref|NC_014766.1|_Ostreococcus_lucimarinus_virus_OlV1,_complete_genome	74.342	152	28	6	2620	2769	16023	15881	4.13e-14	82.4
ERR3077539.sra.17758	gi|310830989|ref|NC_014637.1|_Cafeteria_roenbergensis_virus_BV-PW1,_complete_genome	68.642	405	91	15	3028	3413	451209	451596	1.37e-26	123
ERR3077539.sra.17785	M59055	83.179	1510	116	69	922	2332	1472	2	0.0	1398
ERR3077539.sra.17812	NC_021350_359864_361325	68.905	402	102	15	77	465	1377	986	2.34e-24	114
ERR3077539.sra.17821	L14326	85.075	134	7	8	2506	2631	1537	1409	8.64e-28	127
ERR3077539.sra.17840	CP000725	79.875	1277	117	61	88	1269	279	1510	0.0	996
ERR3077539.sra.17860	NC_021040_348381_351031	78.125	96	8	5	516	601	2493	2585	7.59e-10	68.0
ERR3077539.sra.18102	NC_020450_475434_475549	80.282	71	11	2	505	572	81	11	2.42e-07	59.0
ERR3077539.sra.18162	NC_015964_438409_439961	82.109	313	22	14	2723	3015	1553	1255	7.14e-74	280
ERR3077539.sra.18210	AY485603	85.714	1484	118	54	1701	3111	1463	1	0.0	1563
ERR3077539.sra.18216	gi|9632388|ref|NC_002051.1|_Tomato_spotted_wilt_virus_RNA_S,_complete_sequence	83.544	79	13	0	764	842	1711	1789	1.07e-14	84.2
ERR3077539.sra.18262	NC_021350_359864_361325	69.517	269	67	11	64	324	1274	1013	9.01e-14	80.6
ERR3077539.sra.18343	gi|472342562|ref|NC_020864.1|_Micromonas_pusilla_virus_12T_genomic_sequence	83.019	53	9	0	554	606	166691	166743	7.30e-06	55.4
ERR3077539.sra.18370	NC_018089_16891_18450	88.713	505	27	17	48	530	498	2	1.38e-171	605
ERR3077539.sra.18383	NC_008463_733095_734620	77.105	1520	124	79	830	2160	33	1517	0.0	1018
ERR3077539.sra.18389	gi|509139559|ref|NC_021320.1|_Halovirus_HRTV-5,_complete_genome	81.818	66	8	2	1421	1483	55872	55936	1.27e-07	60.8
ERR3077539.sra.18449	NC_002516_722096_723631	84.003	1494	101	70	328	1746	1	1431	0.0	1425
ERR3077539.sra.18633	L14326	78.897	417	46	21	2464	2856	1537	1139	2.52e-79	298
ERR3077539.sra.18655	gi|526118633|ref|NC_021858.1|_Pandoravirus_dulcis,_complete_genome	71.429	315	71	10	580	884	92824	92519	6.91e-30	134
ERR3077539.sra.18760	gi|526118633|ref|NC_021858.1|_Pandoravirus_dulcis,_complete_genome	80.303	66	8	2	1324	1388	777932	777993	1.44e-06	57.2
ERR3077539.sra.18772	AY995770	78.886	1544	133	94	135	1548	18	1498	0.0	1068
ERR3077539.sra.18779	X84258	89.793	1401	59	46	76	1420	111	1483	0.0	1750
ERR3077539.sra.19022	gi|363539767|ref|NC_016072.1|_Megavirus_chiliensis,_complete_genome	88.636	44	3	1	1920	1963	293058	293099	4.79e-06	55.4
ERR3077539.sra.19084	gi|441431943|ref|NC_020104.1|_Acanthamoeba_polyphaga_moumouvirus,_complete_genome	70.588	153	40	4	137	285	474867	474716	8.77e-08	60.8
ERR3077539.sra.19167	D38483	80.895	1408	114	58	67	1342	1385	1	0.0	1205
ERR3077539.sra.19293	gi|313843970|ref|NC_014766.1|_Ostreococcus_lucimarinus_virus_OlV1,_complete_genome	76.068	117	22	4	790	905	16083	15972	1.89e-11	73.4
ERR3077539.sra.19313	NC_016809_179310_180858	89.855	276	7	10	48	315	263	1	2.08e-93	345
ERR3077539.sra.19438	CP000725	85.396	1527	95	62	492	1907	1510	1	0.0	1584
ERR3077539.sra.19448	gi|158380386|ref|NC_009552.2|_Geobacillus_virus_E2,_complete_genome	72.222	180	44	4	328	502	37947	37769	1.18e-15	87.8
ERR3077539.sra.19468	NC_015673_115751_117105	96.970	33	1	0	570	602	1355	1323	7.48e-06	55.4
ERR3077539.sra.19495	NC_022604_535772_537326	92.407	1238	29	37	1425	2613	1	1222	0.0	1701
ERR3077539.sra.19718	NC_021009_505857_508732	73.391	233	46	11	2670	2890	198	426	3.53e-21	105
ERR3077539.sra.19836	NC_021350_359864_361325	71.517	323	76	12	2253	2571	1452	1142	2.46e-28	129
ERR3077539.sra.19965	gi|472342562|ref|NC_020864.1|_Micromonas_pusilla_virus_12T_genomic_sequence	83.929	56	9	0	289	344	166751	166696	1.55e-07	60.8
ERR3077539.sra.19973	NC_021040_348381_351031	83.193	119	17	2	3015	3133	2596	2481	5.34e-25	118
ERR3077539.sra.19985	AJ290755	85.340	1487	97	64	894	2285	1461	1	0.0	1519
ERR3077539.sra.20172	NC_015215_16481_18017	81.004	1574	144	73	1050	2506	1536	1	0.0	1301
ERR3077539.sra.20175	DQ232536	85.657	997	61	47	2489	3447	36	988	0.0	1016
ERR3077539.sra.20198	NC_021350_359864_361325	70.400	250	53	11	1507	1741	1458	1215	5.15e-16	87.8
ERR3077539.sra.20235	AM157441	81.724	1450	128	75	1411	2780	41	1433	0.0	1205
ERR3077539.sra.20344	gi|163954976|ref|NC_010191.1|_Ostreococcus_virus_OsV5,_complete_genome	78.571	98	15	4	1113	1207	9962	10056	2.65e-10	69.8
ERR3077539.sra.20367	NC_023066_699348_700885	79.017	529	42	36	51	536	1036	1538	2.16e-96	354
ERR3077539.sra.20451	CP001015	84.147	1495	98	75	2015	3418	11	1457	0.0	1415
ERR3077539.sra.20480	NC_021040_348381_351031	84.810	79	7	4	3410	3484	2585	2508	6.35e-12	75.2
ERR3077539.sra.20489	NC_021040_348381_351031	73.786	103	16	4	296	388	2496	2597	1.37e-06	57.2
ERR3077539.sra.20572	AF543290	85.606	1056	61	43	2647	3622	1506	462	0.0	1108
ERR3077539.sra.20600	AF432133	82.679	1553	109	73	1149	2589	1	1505	0.0	1404
ERR3077539.sra.20639	DQ201336	88.525	1220	64	37	67	1233	283	1479	0.0	1471
ERR3077539.sra.20717	AY995769	88.045	1514	73	52	1027	2451	1496	2	0.0	1779
ERR3077539.sra.20773	X84007	87.206	1274	71	51	1254	2460	1513	265	0.0	1420
ERR3077539.sra.20791	AF543299	89.967	1515	62	49	214	1649	1504	1	0.0	1907
ERR3077539.sra.20797	gi|340025671|ref|NC_000852.5|_Paramecium_bursaria_Chlorella_virus_1,_complete_genome	83.636	55	9	0	708	762	165392	165338	3.36e-07	59.0
ERR3077539.sra.20797	gi|340025671|ref|NC_000852.5|_Paramecium_bursaria_Chlorella_virus_1,_complete_genome	83.636	55	9	0	708	762	165565	165511	3.36e-07	59.0
ERR3077539.sra.20797	gi|340025671|ref|NC_000852.5|_Paramecium_bursaria_Chlorella_virus_1,_complete_genome	83.636	55	9	0	708	762	165771	165717	3.36e-07	59.0
ERR3077539.sra.20798	gi|377829940|ref|NC_016924.1|_Cotia_virus_SPAn232,_complete_genome	81.667	60	10	1	2389	2448	139594	139536	4.45e-06	55.4
ERR3077539.sra.20814	gi|260665870|ref|NC_013288.1|_Ostreococcus_tauri_virus_1_complete_genome	72.727	154	29	7	1256	1403	12698	12844	2.25e-10	69.8
ERR3077539.sra.20825	gi|506497718|ref|NC_021246.1|_Mythimna_separata_entomopoxvirus_'L',_complete_genome	76.623	77	16	1	900	974	194299	194223	3.46e-06	55.4
ERR3077539.sra.20836	gi|526118633|ref|NC_021858.1|_Pandoravirus_dulcis,_complete_genome	73.381	278	60	8	2045	2313	92791	92519	5.11e-33	145
ERR3077539.sra.20889	NC_021009_505857_508732	77.551	98	16	4	386	481	279	186	2.66e-09	66.2
ERR3077539.sra.20910	NC_021009_505857_508732	79.000	100	18	2	163	262	297	201	1.34e-13	80.6
ERR3077539.sra.20920	AM157441	86.355	513	31	22	2392	2885	41	533	1.08e-153	545
ERR3077539.sra.20951	NC_021040_348381_351031	78.659	164	23	5	1212	1365	2589	2428	5.34e-28	127
ERR3077539.sra.20981	NC_021350_359864_361325	69.072	291	71	8	1893	2178	1409	1133	1.39e-19	100
ERR3077539.sra.20995	gi|19718363|ref|NC_003461.1|_Human_parainfluenza_virus_1,_complete_genome	74.747	99	22	1	17	115	5001	4906	7.53e-09	64.4
ERR3077539.sra.20999	NC_007793_512890_514444	83.885	1570	107	64	113	1560	1546	1	0.0	1534
ERR3077539.sra.21003	NC_022582_327975_329522	86.266	881	37	40	54	879	680	1531	0.0	939
ERR3077539.sra.21023	NC_023066_699348_700885	85.813	1586	101	64	1999	3508	1	1538	0.0	1669
ERR3077539.sra.21055	NC_015678_4661_6196	89.725	837	38	29	1800	2595	1536	707	0.0	1034
ERR3077539.sra.21178	AB021409	85.620	1523	115	54	112	1550	1503	1	0.0	1617
ERR3077539.sra.21273	NC_008463_733095_734620	86.694	1473	86	64	2960	4353	1524	83	0.0	1584
ERR3077539.sra.21361	gi|313768203|ref|NC_014767.1|_Micromonas_sp._RCC1109_virus_MpV1,_complete_genome	72.881	118	18	6	476	585	11788	11677	5.45e-06	55.4
ERR3077539.sra.21398	NC_020450_475434_475549	82.143	84	12	3	2827	2908	101	19	1.88e-11	73.4
ERR3077539.sra.21475	AY134901	92.219	694	20	21	2022	2694	1533	853	0.0	944
ERR3077539.sra.21629	AF385525	81.188	707	73	39	2174	2838	1	689	5.86e-157	556
ERR3077539.sra.21636	NC_023066_699348_700885	92.537	134	6	4	55	186	1407	1538	1.16e-44	183
ERR3077539.sra.21707	gi|260665870|ref|NC_013288.1|_Ostreococcus_tauri_virus_1_complete_genome	71.223	139	32	3	1534	1666	12708	12844	9.47e-09	64.4
ERR3077539.sra.21758	NC_021350_359864_361325	68.421	247	70	5	1217	1460	1452	1211	6.21e-13	78.8
ERR3077539.sra.21817	NC_018028_987010_988548	94.805	77	0	3	67	139	77	1	8.50e-23	111
ERR3077539.sra.22037	CP001015	83.110	1492	114	63	568	1955	1458	1	0.0	1395
ERR3077539.sra.22118	NC_020450_475434_475549	75.000	88	7	4	2336	2412	18	101	6.38e-06	55.4
ERR3077539.sra.22152	M59055	92.896	183	5	5	67	243	182	2	5.79e-67	257
ERR3077539.sra.22214	NC_018080_699179_700716	83.154	1579	100	81	591	2044	1538	1	0.0	1433
ERR3077539.sra.22232	NC_010079_512793_514332	77.145	1457	132	89	1623	2923	1526	115	0.0	906
ERR3077539.sra.22255	NC_021040_348381_351031	70.286	175	33	8	804	966	2478	2645	2.59e-08	62.6
ERR3077539.sra.22291	L14326	83.211	1358	100	76	79	1373	241	1533	0.0	1195
ERR3077539.sra.22311	NC_018081_587633_589195	89.535	172	7	9	2328	2494	1	166	1.58e-49	199
ERR3077539.sra.22330	NC_008767_46638_48181	85.287	1271	100	51	73	1296	314	1544	0.0	1297
ERR3077539.sra.22363	NC_018080_699179_700716	85.428	947	57	47	57	945	924	1	0.0	948
ERR3077539.sra.22451	CP000725	86.705	1211	76	42	61	1213	327	1510	0.0	1346
ERR3077539.sra.22516	NC_021009_505857_508732	73.092	249	45	12	613	842	443	198	2.34e-23	113
ERR3077539.sra.22528	gi|163954976|ref|NC_010191.1|_Ostreococcus_virus_OsV5,_complete_genome	82.143	56	5	1	940	990	10001	10056	1.24e-06	57.2
ERR3077539.sra.22566	NC_013715_1592163_1593688	86.081	819	53	30	1762	2551	1526	740	0.0	883
ERR3077539.sra.22605	NC_017595_14961_16496	92.437	119	3	5	92	208	1413	1527	4.28e-37	158
ERR3077539.sra.22612	CP001015	87.425	1495	77	63	1295	2716	1	1457	0.0	1665
ERR3077539.sra.22623	gi|441431943|ref|NC_020104.1|_Acanthamoeba_polyphaga_moumouvirus,_complete_genome	74.675	154	34	3	3134	3283	474737	474889	2.68e-17	93.3
ERR3077539.sra.22623	gi|441431943|ref|NC_020104.1|_Acanthamoeba_polyphaga_moumouvirus,_complete_genome	74.576	118	27	2	3130	3245	290959	290843	8.75e-11	71.6
ERR3077539.sra.22645	AM157441	88.818	1100	55	34	50	1092	1129	41	0.0	1337
ERR3077539.sra.22648	gi|311977355|ref|NC_014649.1|_Acanthamoeba_polyphaga_mimivirus,_complete_genome	79.710	69	12	2	1958	2025	200606	200673	4.08e-06	55.4
ERR3077539.sra.22671	NC_019936_1128086_1129503	87.420	1399	92	47	1853	3204	1	1362	0.0	1593
ERR3077539.sra.22680	NC_021577_699401_700938	81.976	577	47	33	67	602	968	1528	1.43e-132	475
ERR3077539.sra.22728	gi|508181800|ref|NC_021312.1|_Phaeocystis_globosa_virus_strain_16T,_complete_genome	90.000	40	4	0	345	384	402121	402160	4.17e-06	55.4
ERR3077539.sra.22756	AM157441	81.938	1135	93	56	35	1093	1142	44	0.0	971
ERR3077539.sra.22757	gi|340025671|ref|NC_000852.5|_Paramecium_bursaria_Chlorella_virus_1,_complete_genome	85.714	56	7	1	473	528	165717	165771	3.69e-08	62.6
ERR3077539.sra.22757	gi|340025671|ref|NC_000852.5|_Paramecium_bursaria_Chlorella_virus_1,_complete_genome	83.929	56	8	1	473	528	165338	165392	1.57e-06	57.2
ERR3077539.sra.22757	gi|340025671|ref|NC_000852.5|_Paramecium_bursaria_Chlorella_virus_1,_complete_genome	83.929	56	8	1	473	528	165511	165565	1.57e-06	57.2
ERR3077539.sra.22777	gi|311977355|ref|NC_014649.1|_Acanthamoeba_polyphaga_mimivirus,_complete_genome	83.051	59	8	2	2206	2262	440659	440601	4.94e-06	55.4
ERR3077539.sra.22821	gi|86355520|ref|NC_007767.1|_Hyphantria_cunea_nucleopolyhedrovirus,_complete_genome	78.462	65	14	0	3715	3779	61738	61802	8.27e-06	55.4
ERR3077539.sra.22867	NC_018526_16975_18526	86.837	471	25	17	64	503	1088	1552	2.79e-148	527
ERR3077539.sra.22898	CP000725	83.819	1545	124	73	990	2456	14	1510	0.0	1443
ERR3077539.sra.22920	NC_018081_587633_589195	82.576	264	15	18	30	273	253	1	2.47e-54	215
ERR3077539.sra.22953	NC_009567_443072_444611	85.010	1541	91	75	1442	2875	1540	33	0.0	1526
ERR3077539.sra.23009	NC_015291_14803_16340	81.818	143	6	8	50	177	1390	1527	7.83e-27	123
ERR3077539.sra.23051	AY584476	86.173	1309	74	56	1724	2941	1469	177	0.0	1389
ERR3077539.sra.23077	AF320620	87.887	743	33	27	1906	2608	1476	751	0.0	865
ERR3077539.sra.23134	AM157441	87.871	742	48	27	1177	1884	44	777	0.0	848
ERR3077539.sra.23165	gi|126882977|ref|NC_002686.2|_Cercopithecine_herpesvirus_9,_complete_genome	85.714	49	7	0	143	191	86064	86016	1.59e-06	57.2
ERR3077539.sra.23182	NC_021040_348381_351031	78.723	141	21	6	118	252	2451	2588	4.50e-20	100
ERR3077539.sra.23326	NC_021040_348381_351031	70.588	221	44	11	2752	2955	2590	2374	5.40e-12	75.2
