ERR3077540.sra.33	AY281082	86.385	1043	62	42	1583	2578	1	1010	0.0	1124
ERR3077540.sra.188	NC_021350_359864_361325	70.902	488	107	16	2853	3326	986	1452	2.37e-49	199
ERR3077540.sra.210	EU071478	92.157	255	5	8	2727	2968	5	257	5.75e-94	347
ERR3077540.sra.217	gi|57659681|ref|NC_006659.1|_Cotesia_congregata_virus_complete_genome,_segment_Circle32	77.885	104	4	6	4873	4975	15618	15703	1.01e-11	75.2
ERR3077540.sra.270	L06168	88.274	1518	94	56	967	2433	2	1486	0.0	1772
ERR3077540.sra.348	CP000725	85.381	1115	51	44	1731	2748	1509	410	0.0	1178
ERR3077540.sra.519	NC_021350_359864_361325	70.909	385	82	17	1761	2121	986	1364	1.38e-31	140
ERR3077540.sra.531	AY584476	79.296	1478	128	81	1433	2765	1469	25	0.0	1081
ERR3077540.sra.557	NC_021175_16001_17556	89.125	377	10	18	101	457	1190	1555	6.68e-123	443
ERR3077540.sra.597	NC_020450_475434_475549	80.612	98	15	3	2251	2346	19	114	4.03e-14	82.4
ERR3077540.sra.637	gi|313768203|ref|NC_014767.1|_Micromonas_sp._RCC1109_virus_MpV1,_complete_genome	81.818	55	10	0	968	1022	138331	138385	4.60e-06	55.4
ERR3077540.sra.674	gi|9625955|ref|NC_001350.1|_Saimiriine_herpesvirus_2_complete_genome	73.585	106	24	2	521	623	106669	106565	6.66e-08	60.8
ERR3077540.sra.674	gi|9625955|ref|NC_001350.1|_Saimiriine_herpesvirus_2_complete_genome	72.973	111	20	4	519	623	106791	106685	8.11e-07	57.2
ERR3077540.sra.674	gi|9625955|ref|NC_001350.1|_Saimiriine_herpesvirus_2_complete_genome	72.131	122	23	5	503	623	106748	106637	2.83e-06	55.4
ERR3077540.sra.828	NC_021020_589522_591540	82.353	68	10	2	2422	2489	1	66	3.48e-08	62.6
ERR3077540.sra.931	AY365450	85.469	1280	90	53	113	1334	78	1319	0.0	1317
ERR3077540.sra.1032	DQ087189	83.985	1355	111	63	99	1380	1322	1	0.0	1278
ERR3077540.sra.1089	NC_021009_505857_508732	69.547	243	45	13	663	885	195	428	6.17e-12	73.4
ERR3077540.sra.1154	GQ087809	83.066	1370	103	75	106	1372	9	1352	0.0	1204
ERR3077540.sra.1202	NC_015678_4661_6196	90.725	345	11	11	112	439	341	1	1.65e-124	448
ERR3077540.sra.1232	gi|482650988|ref|NC_021095.1|_White_clover_cryptic_virus_2_isolate_IPP_Lirepa_segment_RNA_2,_complete_sequence	80.303	66	11	1	1976	2041	2335	2272	2.97e-07	59.0
ERR3077540.sra.1357	NC_021040_348381_351031	87.912	91	8	3	703	791	2496	2585	1.45e-20	104
ERR3077540.sra.1361	gi|311977355|ref|NC_014649.1|_Acanthamoeba_polyphaga_mimivirus,_complete_genome	77.273	110	20	5	783	889	200573	200680	9.21e-10	68.0
ERR3077540.sra.1365	L06168	85.521	1554	104	64	1212	2712	1	1486	0.0	1622
ERR3077540.sra.1375	L06168	88.014	292	9	13	109	381	285	1	2.67e-90	334
ERR3077540.sra.1516	gi|482650988|ref|NC_021095.1|_White_clover_cryptic_virus_2_isolate_IPP_Lirepa_segment_RNA_2,_complete_sequence	80.597	67	10	1	1870	1936	2335	2272	8.61e-08	60.8
ERR3077540.sra.1630	gi|9625955|ref|NC_001350.1|_Saimiriine_herpesvirus_2_complete_genome	71.062	273	61	12	192	455	106695	106958	3.33e-19	98.7
ERR3077540.sra.1630	gi|9625955|ref|NC_001350.1|_Saimiriine_herpesvirus_2_complete_genome	69.517	269	50	13	192	456	106593	106833	2.10e-15	86.0
ERR3077540.sra.1630	gi|9625955|ref|NC_001350.1|_Saimiriine_herpesvirus_2_complete_genome	71.946	221	40	12	193	397	106645	106859	2.10e-15	86.0
ERR3077540.sra.1630	gi|9625955|ref|NC_001350.1|_Saimiriine_herpesvirus_2_complete_genome	71.698	212	35	13	192	384	106764	106969	1.09e-12	77.0
ERR3077540.sra.1630	gi|9625955|ref|NC_001350.1|_Saimiriine_herpesvirus_2_complete_genome	68.478	276	52	17	188	453	106520	106770	8.37e-08	60.8
ERR3077540.sra.1649	AY584476	84.245	1517	109	63	1264	2700	1	1467	0.0	1492
ERR3077540.sra.1747	gi|509139559|ref|NC_021320.1|_Halovirus_HRTV-5,_complete_genome	89.474	57	5	1	1954	2010	55937	55882	1.99e-11	73.4
ERR3077540.sra.1749	gi|506497718|ref|NC_021246.1|_Mythimna_separata_entomopoxvirus_'L',_complete_genome	83.333	60	7	2	504	561	262915	262857	1.49e-06	57.2
ERR3077540.sra.1898	NC_020450_475434_475549	82.192	73	9	4	1254	1324	19	89	2.87e-07	59.0
ERR3077540.sra.2110	AF385525	83.197	244	18	11	2633	2857	2	241	3.73e-58	228
ERR3077540.sra.2136	NC_021009_505857_508732	71.569	204	33	10	449	632	429	231	8.60e-15	84.2
ERR3077540.sra.2150	gi|310830989|ref|NC_014637.1|_Cafeteria_roenbergensis_virus_BV-PW1,_complete_genome	73.714	175	42	3	628	800	451340	451512	3.06e-19	98.7
ERR3077540.sra.2175	CP000725	84.046	1473	117	68	112	1531	103	1510	0.0	1397
ERR3077540.sra.2286	gi|216906055|ref|NC_011646.1|_Abalone_shriveling_syndrome-associated_virus,_complete_genome	86.957	46	6	0	2112	2157	4843	4888	2.07e-06	57.2
ERR3077540.sra.2381	NC_021350_359864_361325	73.576	439	91	18	611	1035	1413	986	9.79e-53	210
ERR3077540.sra.2408	NC_021350_359864_361325	72.385	239	56	7	491	721	1369	1133	6.58e-23	111
ERR3077540.sra.2443	gi|509139559|ref|NC_021320.1|_Halovirus_HRTV-5,_complete_genome	83.333	60	6	2	192	251	55937	55882	3.08e-07	59.0
ERR3077540.sra.2445	AF385525	89.030	237	9	6	106	325	237	1	7.30e-80	300
ERR3077540.sra.2549	gi|118496614|ref|NC_008603.1|_Paramecium_bursaria_Chlorella_virus_FR483,_complete_genome	83.019	53	9	0	1456	1508	142565	142513	3.76e-06	55.4
ERR3077540.sra.2595	CP001015	88.160	1478	84	52	98	1505	1457	1	0.0	1725
ERR3077540.sra.2616	AY485603	85.102	1517	123	62	473	1940	1	1463	0.0	1530
ERR3077540.sra.2628	NC_017505_56146_57686	84.527	866	67	45	114	937	842	2	0.0	816
ERR3077540.sra.2646	NC_020450_475434_475549	81.250	80	12	2	98	175	23	101	4.68e-11	71.6
ERR3077540.sra.2690	AF385525	87.895	190	12	6	2954	3140	1	182	4.97e-57	224
ERR3077540.sra.2750	NC_022582_327975_329522	84.544	1404	90	66	90	1399	178	1548	0.0	1371
ERR3077540.sra.2753	NC_020450_475434_475549	80.952	84	11	2	2148	2227	19	101	4.16e-12	75.2
ERR3077540.sra.2772	NC_021040_348381_351031	75.460	163	27	8	1251	1401	2597	2436	1.35e-16	89.7
ERR3077540.sra.2772	NC_021040_348381_351031	82.759	58	8	2	1522	1579	2310	2255	9.70e-06	53.6
ERR3077540.sra.2840	NC_020450_475434_475549	84.146	82	13	0	2162	2243	100	19	2.08e-16	89.7
ERR3077540.sra.2861	gi|340025671|ref|NC_000852.5|_Paramecium_bursaria_Chlorella_virus_1,_complete_genome	78.313	83	16	2	576	657	54168	54087	3.20e-08	62.6
ERR3077540.sra.2929	NC_021175_16001_17556	91.126	293	8	11	1373	1649	1555	1265	1.90e-103	378
ERR3077540.sra.3266	NC_021009_505857_508732	69.710	241	61	7	1320	1556	179	411	1.80e-15	86.0
ERR3077540.sra.3275	gi|20153336|ref|NC_003624.1|_Impatiens_necrotic_spot_virus_segment_S,_complete_sequence	81.690	71	12	1	3610	3680	1687	1756	4.86e-09	66.2
ERR3077540.sra.3275	gi|20153336|ref|NC_003624.1|_Impatiens_necrotic_spot_virus_segment_S,_complete_sequence	80.822	73	9	2	3608	3680	1696	1763	1.70e-08	64.4
ERR3077540.sra.3378	AF385525	87.285	1510	85	62	1322	2784	3	1452	0.0	1676
ERR3077540.sra.3619	gi|314055095|ref|NC_014789.1|_Ostreococcus_tauri_virus_2,_complete_genome	72.483	149	24	9	196	336	9195	9334	5.01e-07	59.0
ERR3077540.sra.3899	AF385525	87.795	1483	66	56	580	1983	1451	5	0.0	1712
ERR3077540.sra.3911	NC_017591_15331_16889	87.234	188	9	9	95	271	1376	1559	2.82e-51	205
ERR3077540.sra.3970	NC_014498_31096_32654	91.525	59	1	2	2092	2147	1	58	3.22e-13	78.8
ERR3077540.sra.3978	CP001015	80.823	1507	132	79	275	1673	1	1458	0.0	1200
ERR3077540.sra.4028	gi|441431943|ref|NC_020104.1|_Acanthamoeba_polyphaga_moumouvirus,_complete_genome	73.759	141	26	5	643	776	474887	474751	6.46e-12	75.2
ERR3077540.sra.4103	NC_021350_359864_361325	71.685	279	60	11	1701	1968	1452	1182	4.10e-24	114
ERR3077540.sra.4106	NC_017511_1177616_1179168	85.036	548	46	26	106	628	537	1	2.11e-150	535
ERR3077540.sra.4235	CP001015	86.209	1501	102	56	325	1763	1458	1	0.0	1617
ERR3077540.sra.4392	NC_021350_359864_361325	71.963	321	79	6	180	493	1146	1462	1.78e-36	156
ERR3077540.sra.4423	gi|441431943|ref|NC_020104.1|_Acanthamoeba_polyphaga_moumouvirus,_complete_genome	74.603	126	23	4	1486	1605	474894	474772	1.61e-11	73.4
ERR3077540.sra.4518	gi|340025671|ref|NC_000852.5|_Paramecium_bursaria_Chlorella_virus_1,_complete_genome	88.235	51	6	0	1817	1867	165717	165767	2.88e-09	66.2
ERR3077540.sra.4518	gi|340025671|ref|NC_000852.5|_Paramecium_bursaria_Chlorella_virus_1,_complete_genome	86.275	51	7	0	1817	1867	165338	165388	1.22e-07	60.8
ERR3077540.sra.4518	gi|340025671|ref|NC_000852.5|_Paramecium_bursaria_Chlorella_virus_1,_complete_genome	86.275	51	7	0	1817	1867	165511	165561	1.22e-07	60.8
ERR3077540.sra.4541	CP001015	84.795	1414	103	58	110	1451	1374	1	0.0	1420
ERR3077540.sra.4546	FM873628	85.816	1551	101	69	912	2393	1	1501	0.0	1602
ERR3077540.sra.4576	gi|531034792|ref|NC_022098.1|_Pandoravirus_salinus,_complete_genome	75.758	99	20	3	2560	2656	2175076	2175172	1.25e-07	60.8
ERR3077540.sra.4765	CP000725	83.806	988	85	51	101	1037	547	1510	0.0	899
ERR3077540.sra.4768	AF385525	87.256	667	39	28	412	1058	641	1	0.0	737
ERR3077540.sra.4768	AF385525	87.937	315	14	14	105	402	1077	770	9.20e-97	356
ERR3077540.sra.4891	NC_020450_475434_475549	75.824	91	9	4	2766	2852	101	20	4.28e-07	59.0
ERR3077540.sra.5020	gi|32453825|ref|NC_004927.1|_Halovirus_HF1,_complete_genome	85.714	56	4	3	864	916	20744	20798	4.91e-06	55.4
ERR3077540.sra.5080	gi|761895455|ref|NC_001650.2|_Equid_herpesvirus_2_strain_86_67,_complete_genome	90.698	43	4	0	959	1001	86607	86565	1.28e-07	60.8
ERR3077540.sra.5307	NC_021350_359864_361325	70.476	315	77	11	1427	1728	1444	1133	5.33e-24	114
ERR3077540.sra.5321	gi|441431943|ref|NC_020104.1|_Acanthamoeba_polyphaga_moumouvirus,_complete_genome	68.750	192	41	7	3416	3597	474712	474894	4.09e-08	62.6
ERR3077540.sra.5390	gi|216906055|ref|NC_011646.1|_Abalone_shriveling_syndrome-associated_virus,_complete_genome	86.667	45	6	0	2432	2476	4887	4843	4.34e-06	55.4
ERR3077540.sra.5416	NC_017511_1177616_1179168	87.922	563	27	26	2203	2738	1	549	1.09e-178	628
ERR3077540.sra.5475	NC_021350_359864_361325	72.103	466	100	13	1205	1647	1444	986	1.36e-56	223
ERR3077540.sra.5481	NC_021350_359864_361325	78.992	119	18	5	2140	2253	1228	1344	2.66e-15	86.0
ERR3077540.sra.5489	gi|310830989|ref|NC_014637.1|_Cafeteria_roenbergensis_virus_BV-PW1,_complete_genome	88.889	45	4	1	1551	1595	124790	124833	4.65e-06	55.4
ERR3077540.sra.5586	NC_020244_10025_11585	82.895	76	9	3	1722	1793	1560	1485	1.39e-10	69.8
ERR3077540.sra.5792	NC_006449_17815_19369	92.070	227	10	4	2766	2986	1554	1330	2.80e-85	318
ERR3077540.sra.5878	gi|216906055|ref|NC_011646.1|_Abalone_shriveling_syndrome-associated_virus,_complete_genome	86.667	45	6	0	2370	2414	4843	4887	7.18e-06	55.4
ERR3077540.sra.5937	NC_013520_103635_105185	86.614	762	53	32	2749	3476	1264	518	0.0	814
ERR3077540.sra.5937	NC_013520_103635_105185	90.000	90	2	3	2630	2713	1548	1460	7.21e-24	114
ERR3077540.sra.6072	NC_019902_3560018_3561620	94.118	34	2	0	729	762	2	35	9.99e-06	53.6
ERR3077540.sra.6081	CP000725	80.805	1292	120	53	104	1331	283	1510	0.0	1088
ERR3077540.sra.6192	NC_020450_475434_475549	79.762	84	13	3	555	635	19	101	3.13e-09	66.2
ERR3077540.sra.6232	AF385525	86.680	518	31	21	109	599	507	1	2.96e-160	565
ERR3077540.sra.6387	CP001015	85.831	1341	89	57	2163	3434	1	1309	0.0	1397
ERR3077540.sra.6426	gi|363539767|ref|NC_016072.1|_Megavirus_chiliensis,_complete_genome	72.321	112	20	4	717	819	336287	336396	4.80e-06	55.4
ERR3077540.sra.6426	gi|363539767|ref|NC_016072.1|_Megavirus_chiliensis,_complete_genome	74.766	107	21	5	717	821	339095	339197	4.80e-06	55.4
ERR3077540.sra.6497	NC_021040_348381_351031	79.339	121	21	3	513	632	2479	2596	1.81e-18	96.9
ERR3077540.sra.6529	L06168	86.847	1513	88	61	565	1993	1486	1	0.0	1669
ERR3077540.sra.6623	gi|441431943|ref|NC_020104.1|_Acanthamoeba_polyphaga_moumouvirus,_complete_genome	71.338	157	39	4	1914	2066	474894	474740	7.04e-10	68.0
ERR3077540.sra.6785	NC_020450_475434_475549	82.716	81	9	3	2611	2686	99	19	5.55e-12	75.2
ERR3077540.sra.6903	AF016390	85.714	1141	65	62	1369	2450	1	1102	0.0	1131
ERR3077540.sra.6948	AF104671	84.885	741	57	32	426	1139	1544	832	0.0	737
ERR3077540.sra.7089	gi|441431943|ref|NC_020104.1|_Acanthamoeba_polyphaga_moumouvirus,_complete_genome	72.297	148	27	5	450	584	474898	474752	1.21e-11	73.4
ERR3077540.sra.7225	gi|537108089|ref|NC_005881.2|_Ostreid_herpesvirus_1,_complete_genome	71.642	134	24	5	2564	2690	49754	49880	1.08e-07	60.8
ERR3077540.sra.7393	NC_021009_505857_508732	71.622	148	31	7	288	428	346	203	1.37e-06	57.2
ERR3077540.sra.7423	NC_017517_61234_62762	80.000	1575	138	85	802	2245	1529	1	0.0	1196
ERR3077540.sra.7709	AB355602	84.827	1417	104	58	1905	3257	22	1391	0.0	1425
ERR3077540.sra.7714	NC_020450_475434_475549	83.133	83	11	2	782	861	19	101	1.41e-13	80.6
ERR3077540.sra.7721	AY281085	84.872	1137	78	49	858	1935	1	1102	0.0	1139
ERR3077540.sra.7780	NC_009443_16967_18518	87.117	489	24	19	2059	2521	1547	1072	2.66e-154	547
ERR3077540.sra.7805	NC_021350_359864_361325	70.062	324	82	13	3107	3427	1444	1133	4.63e-20	102
ERR3077540.sra.7872	gi|310830989|ref|NC_014637.1|_Cafeteria_roenbergensis_virus_BV-PW1,_complete_genome	92.105	38	3	0	883	920	153050	153087	3.94e-06	55.4
ERR3077540.sra.7890	gi|170676271|ref|NC_010490.1|_Tomato_zonate_spot_virus_segment_M,_complete_sequence	81.356	59	11	0	11	69	1188	1130	1.44e-06	57.2
ERR3077540.sra.8058	NC_022584_1536869_1538421	84.646	762	51	39	2885	3593	1	749	0.0	731
ERR3077540.sra.8085	gi|118496614|ref|NC_008603.1|_Paramecium_bursaria_Chlorella_virus_FR483,_complete_genome	84.615	52	8	0	1886	1937	142565	142514	3.73e-07	59.0
ERR3077540.sra.8106	NC_022604_535772_537326	86.226	530	38	20	2244	2752	1	516	8.99e-161	569
ERR3077540.sra.8108	gi|116326687|ref|NC_008518.1|_Trichoplusia_ni_ascovirus_2c,_complete_genome	82.857	70	5	5	2521	2587	86644	86579	1.40e-06	57.2
ERR3077540.sra.8202	NC_021350_359864_361325	68.008	472	113	20	1648	2094	986	1444	6.43e-24	114
ERR3077540.sra.8367	AF003929	78.794	1575	167	72	620	2085	4	1520	0.0	1160
ERR3077540.sra.8451	NC_022584_1536869_1538421	86.713	286	18	7	98	368	281	1	3.78e-89	331
ERR3077540.sra.8534	AF310615	84.342	1041	67	49	99	1079	459	1463	0.0	1009
ERR3077540.sra.8681	NC_020450_475434_475549	79.348	92	12	4	932	1021	101	15	2.12e-10	69.8
ERR3077540.sra.8706	NC_021040_348381_351031	77.108	166	30	4	210	370	2435	2597	5.25e-25	118
ERR3077540.sra.8707	NC_013520_103635_105185	84.566	311	24	12	110	402	1247	1551	1.71e-83	313
ERR3077540.sra.8725	gi|314055095|ref|NC_014789.1|_Ostreococcus_tauri_virus_2,_complete_genome	70.732	205	52	4	649	851	9477	9279	2.40e-16	89.7
ERR3077540.sra.8783	NC_020450_475434_475549	80.723	83	13	2	337	418	101	21	4.97e-11	71.6
ERR3077540.sra.8832	AF016390	92.222	90	4	3	3097	3184	4	92	1.56e-25	120
ERR3077540.sra.9046	NC_003028_15344_16903	89.444	180	8	6	99	274	1388	1560	9.78e-57	223
ERR3077540.sra.9053	gi|310830989|ref|NC_014637.1|_Cafeteria_roenbergensis_virus_BV-PW1,_complete_genome	74.419	172	34	8	1732	1900	434790	434626	2.89e-15	86.0
ERR3077540.sra.9053	gi|310830989|ref|NC_014637.1|_Cafeteria_roenbergensis_virus_BV-PW1,_complete_genome	72.989	174	39	7	1732	1900	434772	434602	4.29e-13	78.8
ERR3077540.sra.9053	gi|310830989|ref|NC_014637.1|_Cafeteria_roenbergensis_virus_BV-PW1,_complete_genome	72.414	174	40	7	1732	1900	434658	434488	1.82e-11	73.4
ERR3077540.sra.9053	gi|310830989|ref|NC_014637.1|_Cafeteria_roenbergensis_virus_BV-PW1,_complete_genome	72.674	172	37	8	1732	1900	434736	434572	6.37e-11	71.6
ERR3077540.sra.9053	gi|310830989|ref|NC_014637.1|_Cafeteria_roenbergensis_virus_BV-PW1,_complete_genome	72.674	172	37	8	1732	1900	434988	434824	6.37e-11	71.6
ERR3077540.sra.9053	gi|310830989|ref|NC_014637.1|_Cafeteria_roenbergensis_virus_BV-PW1,_complete_genome	73.125	160	35	7	1732	1886	435048	434892	6.37e-11	71.6
ERR3077540.sra.9053	gi|310830989|ref|NC_014637.1|_Cafeteria_roenbergensis_virus_BV-PW1,_complete_genome	71.098	173	44	5	1732	1900	434808	434638	2.22e-10	69.8
ERR3077540.sra.9053	gi|310830989|ref|NC_014637.1|_Cafeteria_roenbergensis_virus_BV-PW1,_complete_genome	72.785	158	33	7	1732	1886	434934	434784	2.22e-10	69.8
ERR3077540.sra.9053	gi|310830989|ref|NC_014637.1|_Cafeteria_roenbergensis_virus_BV-PW1,_complete_genome	71.264	174	42	7	1732	1900	434916	434746	9.45e-09	64.4
ERR3077540.sra.9053	gi|310830989|ref|NC_014637.1|_Cafeteria_roenbergensis_virus_BV-PW1,_complete_genome	71.875	160	37	7	1732	1886	434676	434520	3.30e-08	62.6
ERR3077540.sra.9053	gi|310830989|ref|NC_014637.1|_Cafeteria_roenbergensis_virus_BV-PW1,_complete_genome	70.000	180	40	7	1732	1900	434832	434656	3.30e-08	62.6
ERR3077540.sra.9070	X84006	83.796	1549	102	76	584	2019	1513	1	0.0	1458
ERR3077540.sra.9075	gi|310830989|ref|NC_014637.1|_Cafeteria_roenbergensis_virus_BV-PW1,_complete_genome	94.595	37	1	1	1450	1485	28832	28796	3.25e-06	55.4
ERR3077540.sra.9151	gi|441431943|ref|NC_020104.1|_Acanthamoeba_polyphaga_moumouvirus,_complete_genome	78.667	75	13	2	1696	1768	807397	807324	9.09e-07	57.2
ERR3077540.sra.9434	AF385525	83.582	67	5	3	99	161	202	138	8.18e-09	64.4
ERR3077540.sra.9461	NC_003028_15344_16903	91.463	82	4	3	3259	3339	1560	1481	3.59e-21	105
ERR3077540.sra.9717	AY485603	84.882	1184	85	55	99	1213	310	1468	0.0	1166
ERR3077540.sra.9825	CP001015	86.100	1482	86	70	174	1559	1458	1	0.0	1537
ERR3077540.sra.9861	CP001015	87.648	1433	77	58	108	1479	1394	1	0.0	1615
ERR3077540.sra.9892	NC_020450_475434_475549	78.873	71	13	1	1635	1703	21	91	3.31e-07	59.0
ERR3077540.sra.10295	AF382302	83.129	1061	87	45	103	1112	452	1471	0.0	987
ERR3077540.sra.10298	gi|422933791|ref|NC_019495.1|_Cyprinid_herpesvirus_2_strain_ST-J1,_complete_genome	69.780	182	40	8	1033	1211	37746	37577	2.90e-07	59.0
ERR3077540.sra.10317	NC_022584_1536869_1538421	85.714	119	7	7	1956	2068	1	115	1.23e-24	116
ERR3077540.sra.10439	NC_021040_348381_351031	76.129	155	24	7	2879	3024	2585	2435	2.20e-17	93.3
ERR3077540.sra.10446	gi|119964534|ref|NC_008725.1|_Maruca_vitrata_MNPV,_complete_genome	77.778	81	13	3	2413	2490	43572	43650	1.73e-06	57.2
ERR3077540.sra.10537	NC_013520_103635_105185	91.803	244	11	6	108	343	243	1	3.48e-89	331
ERR3077540.sra.10591	CP001015	82.322	1335	102	69	2280	3528	1	1287	0.0	1153
ERR3077540.sra.10678	NC_021040_348381_351031	76.190	168	26	6	2416	2574	2597	2435	2.28e-22	109
ERR3077540.sra.10889	NC_021009_505857_508732	69.141	256	62	10	777	1018	179	431	5.41e-13	77.0
ERR3077540.sra.10962	gi|314055095|ref|NC_014789.1|_Ostreococcus_tauri_virus_2,_complete_genome	74.453	137	25	5	1603	1735	9204	9334	9.15e-13	77.0
ERR3077540.sra.11046	NC_021350_359864_361325	77.215	79	12	2	1356	1433	1059	986	3.80e-07	59.0
ERR3077540.sra.11074	gi|313843970|ref|NC_014766.1|_Ostreococcus_lucimarinus_virus_OlV1,_complete_genome	71.429	210	46	9	348	547	15881	16086	1.92e-13	80.6
ERR3077540.sra.11094	NC_021040_348381_351031	77.570	107	17	5	1763	1863	2597	2492	1.77e-10	69.8
ERR3077540.sra.11211	gi|158380386|ref|NC_009552.2|_Geobacillus_virus_E2,_complete_genome	72.340	141	31	5	993	1126	37932	37793	1.19e-08	64.4
ERR3077540.sra.11261	AY277941	84.161	745	54	34	4360	5059	1508	783	0.0	717
ERR3077540.sra.11398	gi|441431943|ref|NC_020104.1|_Acanthamoeba_polyphaga_moumouvirus,_complete_genome	75.000	152	29	4	522	664	474894	474743	1.69e-17	93.3
ERR3077540.sra.11444	X84006	87.540	1557	85	56	733	2224	1	1513	0.0	1783
ERR3077540.sra.11455	AY485603	84.805	770	57	34	1429	2156	27	778	0.0	762
ERR3077540.sra.11456	AY584476	85.638	1490	105	57	230	1636	1464	1	0.0	1564
ERR3077540.sra.11461	NC_021350_359864_361325	71.800	461	105	12	1427	1874	996	1444	7.05e-54	214
ERR3077540.sra.11528	gi|441431943|ref|NC_020104.1|_Acanthamoeba_polyphaga_moumouvirus,_complete_genome	78.788	132	23	3	2754	2881	474743	474873	1.24e-20	104
ERR3077540.sra.11722	CP001015	85.146	1508	116	64	182	1634	4	1458	0.0	1519
ERR3077540.sra.11790	gi|607064679|ref|NC_023896.1|_Malvastrum_leaf_curl_Guangdong_betasatellite_isolate_G8,_complete_sequence	75.532	94	22	1	1219	1312	952	860	2.44e-08	62.6
ERR3077540.sra.12112	AF385525	84.410	449	33	21	2508	2926	1	442	1.40e-120	435
ERR3077540.sra.12115	gi|326910946|ref|NC_015300.1|_Rose_rosette_virus_RNA3,_complete_genome	76.404	89	11	4	2306	2393	343	422	1.41e-06	57.2
ERR3077540.sra.12201	gi|509139559|ref|NC_021320.1|_Halovirus_HRTV-5,_complete_genome	87.719	57	5	2	1783	1838	55937	55882	8.36e-09	64.4
ERR3077540.sra.12247	gi|158380386|ref|NC_009552.2|_Geobacillus_virus_E2,_complete_genome	70.588	136	30	4	502	627	37858	37723	9.73e-07	57.2
ERR3077540.sra.12295	gi|509139559|ref|NC_021320.1|_Halovirus_HRTV-5,_complete_genome	83.929	56	9	0	207	262	55937	55882	1.16e-07	60.8
ERR3077540.sra.12434	AY584476	81.412	963	99	45	1046	1971	1	920	0.0	800
ERR3077540.sra.12469	NC_021009_505857_508732	72.624	263	51	10	244	486	440	179	1.13e-26	123
ERR3077540.sra.12564	L14326	84.263	807	55	31	1557	2328	1	770	0.0	809
ERR3077540.sra.12649	gi|441431943|ref|NC_020104.1|_Acanthamoeba_polyphaga_moumouvirus,_complete_genome	72.028	143	24	7	817	950	474894	474759	8.77e-08	60.8
ERR3077540.sra.12853	gi|482650988|ref|NC_021095.1|_White_clover_cryptic_virus_2_isolate_IPP_Lirepa_segment_RNA_2,_complete_sequence	80.882	68	9	1	185	252	2272	2335	1.12e-08	64.4
ERR3077540.sra.13271	AY281082	88.034	1404	87	44	90	1438	1379	2	0.0	1649
ERR3077540.sra.13290	gi|363539767|ref|NC_016072.1|_Megavirus_chiliensis,_complete_genome	69.231	169	38	5	115	270	930830	930663	1.09e-07	60.8
ERR3077540.sra.13428	CP001015	85.533	1500	103	58	1230	2660	1	1455	0.0	1568
ERR3077540.sra.13436	NC_021350_359864_361325	69.895	475	105	21	2688	3142	986	1442	3.85e-35	152
ERR3077540.sra.13528	AF385525	87.086	604	32	28	1791	2363	1	589	0.0	654
ERR3077540.sra.13749	AY584476	87.893	1082	56	44	686	1719	1462	408	0.0	1231
ERR3077540.sra.13779	NC_020450_475434_475549	81.928	83	12	2	1187	1266	19	101	1.46e-12	77.0
ERR3077540.sra.13785	NC_009443_16967_18518	85.976	328	28	11	1517	1831	1552	1230	2.93e-95	351
ERR3077540.sra.13876	gi|119953744|ref|NC_008724.1|_Acanthocystis_turfacea_Chlorella_virus_1,_complete_genome	86.538	52	7	0	1093	1144	84282	84333	2.68e-08	62.6
ERR3077540.sra.13876	gi|119953744|ref|NC_008724.1|_Acanthocystis_turfacea_Chlorella_virus_1,_complete_genome	86.538	52	7	0	1093	1144	84557	84608	2.68e-08	62.6
ERR3077540.sra.13891	gi|313768203|ref|NC_014767.1|_Micromonas_sp._RCC1109_virus_MpV1,_complete_genome	88.889	45	4	1	2602	2646	138442	138399	5.64e-06	55.4
ERR3077540.sra.13957	AF385525	86.761	1488	85	57	454	1871	1	1446	0.0	1642
ERR3077540.sra.14045	NC_021018_3070260_3072809	81.429	70	8	4	312	379	262	196	4.36e-06	55.4
ERR3077540.sra.14065	NC_021040_348381_351031	83.871	93	12	2	238	328	2493	2584	3.79e-18	95.1
ERR3077540.sra.14075	NC_020450_475434_475549	79.747	79	12	2	1599	1673	101	23	2.37e-09	66.2
ERR3077540.sra.14116	gi|9629210|ref|NC_001782.1|_Saccharomyces_cerevisiae_killer_virus_M1,_complete_genome	79.167	72	12	2	2431	2502	1115	1183	1.86e-06	57.2
ERR3077540.sra.14171	gi|340025671|ref|NC_000852.5|_Paramecium_bursaria_Chlorella_virus_1,_complete_genome	87.234	47	5	1	778	823	165721	165767	3.22e-06	55.4
ERR3077540.sra.14230	AF385525	87.079	178	11	6	88	258	180	8	1.31e-50	203
ERR3077540.sra.14267	AF385525	86.500	200	17	6	1741	1930	3	202	1.07e-56	223
ERR3077540.sra.14310	gi|472342562|ref|NC_020864.1|_Micromonas_pusilla_virus_12T_genomic_sequence	78.788	66	14	0	1933	1998	166678	166743	9.80e-07	57.2
ERR3077540.sra.14371	Y13364	84.468	837	52	38	90	884	710	1510	0.0	823
ERR3077540.sra.14421	NC_014498_31096_32654	76.871	294	38	16	87	363	285	5	1.11e-43	179
ERR3077540.sra.14435	gi|482650988|ref|NC_021095.1|_White_clover_cryptic_virus_2_isolate_IPP_Lirepa_segment_RNA_2,_complete_sequence	87.234	47	6	0	1872	1918	2265	2311	3.92e-07	59.0
ERR3077540.sra.14567	EF509196	83.060	915	73	42	84	939	586	1477	0.0	836
ERR3077540.sra.14682	NC_003028_15344_16903	90.625	96	3	3	103	196	1469	1560	3.21e-27	125
ERR3077540.sra.14769	gi|21426072|ref|NC_004003.1|_Goatpox_virus_Pellor,_complete_genome	87.755	49	5	1	1257	1305	13178	13225	4.36e-07	59.0
ERR3077540.sra.14784	AJ271894	87.978	183	10	6	103	273	183	1	2.14e-54	215
ERR3077540.sra.14815	gi|311977355|ref|NC_014649.1|_Acanthamoeba_polyphaga_mimivirus,_complete_genome	70.199	151	37	4	227	373	518230	518376	3.07e-07	59.0
ERR3077540.sra.14958	NC_003028_15344_16903	82.331	1596	118	87	81	1565	18	1560	0.0	1362
ERR3077540.sra.15049	gi|441431943|ref|NC_020104.1|_Acanthamoeba_polyphaga_moumouvirus,_complete_genome	76.978	139	28	2	2450	2584	474890	474752	3.38e-20	102
ERR3077540.sra.15226	NC_021040_348381_351031	79.310	87	10	4	2275	2355	2597	2513	2.23e-09	66.2
ERR3077540.sra.15299	NC_020450_475434_475549	80.882	68	12	1	2010	2076	101	34	1.30e-07	60.8
ERR3077540.sra.15305	gi|313843970|ref|NC_014766.1|_Ostreococcus_lucimarinus_virus_OlV1,_complete_genome	69.863	219	49	8	634	844	16170	15961	1.33e-12	77.0
ERR3077540.sra.15341	X84007	85.714	231	15	11	2189	2409	1	223	2.10e-60	235
ERR3077540.sra.15510	AY879305	83.891	1316	95	60	108	1346	1286	11	0.0	1252
ERR3077540.sra.15523	AY485603	83.224	1520	115	79	110	1541	1	1468	0.0	1362
ERR3077540.sra.15598	NC_017511_1177616_1179168	87.500	192	9	10	2960	3143	10	194	1.34e-51	206
ERR3077540.sra.15794	NC_022584_1536869_1538421	81.579	836	55	45	1031	1792	1	811	0.0	700
ERR3077540.sra.15827	L06168	85.053	756	57	31	97	826	726	1	0.0	774
ERR3077540.sra.15918	NC_021040_348381_351031	79.487	156	27	4	2852	3003	2589	2435	1.35e-26	123
ERR3077540.sra.15918	NC_021040_348381_351031	82.143	56	10	0	3131	3186	2310	2255	1.65e-06	57.2
ERR3077540.sra.16028	NC_021040_348381_351031	72.289	166	39	4	1665	1826	2597	2435	9.40e-14	80.6
ERR3077540.sra.16046	AF385525	85.761	1222	73	55	565	1727	6	1185	0.0	1265
ERR3077540.sra.16080	NC_021040_348381_351031	78.431	153	22	7	146	294	2435	2580	3.72e-21	105
ERR3077540.sra.16120	NC_003028_15344_16903	80.615	325	27	17	3267	3572	1560	1253	2.72e-67	259
ERR3077540.sra.16143	CP001015	86.135	1493	111	56	193	1627	4	1458	0.0	1593
ERR3077540.sra.16147	NC_022582_327975_329522	85.405	1062	66	52	745	1751	1547	520	0.0	1063
ERR3077540.sra.16183	NC_015678_4661_6196	86.473	998	51	39	96	1030	556	1532	0.0	1092
ERR3077540.sra.16197	NC_021175_16001_17556	88.859	377	14	17	104	462	1189	1555	2.09e-121	439
ERR3077540.sra.16221	NC_017347_522050_523611	93.651	63	3	1	2596	2657	3	65	1.80e-17	93.3
ERR3077540.sra.16248	AF385525	88.103	1471	69	58	164	1547	1	1452	0.0	1700
ERR3077540.sra.16369	NC_021350_359864_361325	69.759	291	69	10	583	864	1133	1413	9.95e-20	100
ERR3077540.sra.16374	NC_022442_495034_496588	89.185	601	28	18	96	665	596	2	0.0	744
ERR3077540.sra.16476	NC_022584_1536869_1538421	98.039	51	0	1	2737	2787	5	54	9.79e-15	84.2
ERR3077540.sra.16486	NC_020450_475434_475549	82.432	74	8	5	898	967	19	91	1.30e-06	57.2
ERR3077540.sra.16509	AM157420	81.180	983	76	46	889	1804	32	972	0.0	830
ERR3077540.sra.16562	gi|116326687|ref|NC_008518.1|_Trichoplusia_ni_ascovirus_2c,_complete_genome	81.081	74	10	4	1468	1539	86576	86647	1.19e-06	57.2
ERR3077540.sra.16568	NC_022584_1536869_1538421	83.564	1588	108	67	894	2364	1553	2	0.0	1523
ERR3077540.sra.16670	NC_021350_359864_361325	76.471	238	48	4	253	482	1222	1459	1.45e-39	167
ERR3077540.sra.16701	AY584476	85.411	1508	117	53	622	2065	1	1469	0.0	1582
ERR3077540.sra.16718	NC_022584_1536869_1538421	85.138	1413	96	61	1197	2535	1553	181	0.0	1429
ERR3077540.sra.16729	NC_021350_359864_361325	68.782	394	86	21	310	682	994	1371	6.72e-18	95.1
ERR3077540.sra.16766	CP000725	85.494	1558	115	62	922	2416	1	1510	0.0	1611
ERR3077540.sra.16771	gi|815846635|ref|NC_026922.1|_Lambdina_fiscellaria_nucleopolyhedrovirus_isolate_GR15,_complete_genome	82.759	58	7	1	1716	1773	109978	109924	2.97e-07	59.0
ERR3077540.sra.16807	NC_020450_475434_475549	79.747	79	9	4	728	803	27	101	1.29e-07	59.0
ERR3077540.sra.16819	gi|158380386|ref|NC_009552.2|_Geobacillus_virus_E2,_complete_genome	74.830	147	26	7	1647	1788	37808	37948	1.56e-12	77.0
ERR3077540.sra.16864	NC_020450_475434_475549	82.051	78	10	3	1261	1334	24	101	4.27e-10	68.0
ERR3077540.sra.16879	AY485603	84.763	1247	75	60	1145	2309	1	1214	0.0	1225
ERR3077540.sra.16961	AY281082	85.346	1474	103	57	1679	3085	1	1428	0.0	1530
ERR3077540.sra.17014	NC_021040_348381_351031	78.788	165	29	5	783	943	2597	2435	5.45e-27	123
ERR3077540.sra.17014	NC_021040_348381_351031	82.456	57	9	1	1060	1116	2310	2255	2.32e-06	55.4
ERR3077540.sra.17069	NC_021350_359864_361325	71.341	164	41	3	955	1112	1232	1395	1.04e-12	77.0
ERR3077540.sra.17151	NC_020450_475434_475549	85.915	71	9	1	1525	1594	19	89	1.64e-13	80.6
ERR3077540.sra.17196	NC_017511_1177616_1179168	88.372	43	0	1	2616	2653	1550	1508	4.53e-06	55.4
ERR3077540.sra.17320	NC_003028_15344_16903	90.805	174	8	6	2327	2493	1560	1388	1.38e-56	223
ERR3077540.sra.17347	EU071478	89.303	832	33	36	99	905	722	1522	0.0	987
ERR3077540.sra.17358	NC_021350_359864_361325	69.444	288	73	8	631	910	1133	1413	7.19e-20	100
ERR3077540.sra.17380	AB355602	84.551	1424	114	56	99	1457	18	1400	0.0	1420
ERR3077540.sra.17454	AF385525	87.544	281	16	9	1760	2024	1	278	3.69e-88	327
ERR3077540.sra.17483	NC_021040_348381_351031	84.091	88	10	4	590	675	2495	2580	3.28e-14	82.4
ERR3077540.sra.17640	NC_021350_359864_361325	71.667	480	104	15	1419	1874	1444	973	6.99e-54	214
ERR3077540.sra.17785	CP001015	80.859	1536	123	78	1612	3054	1	1458	0.0	1247
ERR3077540.sra.17857	AF385525	84.512	523	45	23	2334	2838	1	505	7.63e-143	509
ERR3077540.sra.17884	gi|509139559|ref|NC_021320.1|_Halovirus_HRTV-5,_complete_genome	87.719	57	6	1	2649	2705	55937	55882	8.01e-10	68.0
ERR3077540.sra.18026	NC_021040_348381_351031	83.673	98	12	4	1703	1799	2590	2496	5.08e-17	91.5
ERR3077540.sra.18032	CP001015	85.397	945	66	42	98	989	926	1	0.0	958
ERR3077540.sra.18145	NC_020450_475434_475549	86.111	72	9	1	421	491	19	90	2.99e-14	82.4
ERR3077540.sra.18297	CP001015	86.360	1239	81	52	102	1279	1212	1	0.0	1317
ERR3077540.sra.18342	NC_021040_348381_351031	73.934	211	38	10	1634	1832	2581	2376	8.73e-21	104
ERR3077540.sra.18511	gi|116326687|ref|NC_008518.1|_Trichoplusia_ni_ascovirus_2c,_complete_genome	83.333	66	7	4	2262	2325	86579	86642	3.97e-06	55.4
ERR3077540.sra.18516	gi|116326687|ref|NC_008518.1|_Trichoplusia_ni_ascovirus_2c,_complete_genome	83.784	74	7	5	2717	2788	86577	86647	3.23e-08	62.6
ERR3077540.sra.18517	NC_021350_359864_361325	72.500	160	39	2	956	1111	1211	1369	2.48e-15	86.0
ERR3077540.sra.18566	NC_009802_708608_710065	93.165	278	8	4	117	385	276	1	2.00e-112	408
ERR3077540.sra.18733	NC_021040_348381_351031	76.667	120	15	6	369	487	2478	2585	4.25e-12	75.2
ERR3077540.sra.18749	NC_020450_475434_475549	80.247	81	11	2	4551	4626	101	21	3.78e-10	69.8
ERR3077540.sra.18947	AF385525	87.079	1486	73	68	120	1525	4	1450	0.0	1615
ERR3077540.sra.19001	gi|472342562|ref|NC_020864.1|_Micromonas_pusilla_virus_12T_genomic_sequence	70.130	154	39	5	1954	2101	166668	166820	4.47e-06	55.4
ERR3077540.sra.19014	NC_020450_475434_475549	83.721	86	11	2	886	971	101	19	2.65e-15	86.0
ERR3077540.sra.19061	gi|509139559|ref|NC_021320.1|_Halovirus_HRTV-5,_complete_genome	87.273	55	6	1	1384	1438	55937	55884	4.83e-09	64.4
ERR3077540.sra.19086	AF432132	82.637	455	41	21	2620	3056	9	443	7.21e-112	407
ERR3077540.sra.19105	NC_021175_16001_17556	86.053	337	22	11	101	419	1226	1555	1.76e-100	369
ERR3077540.sra.19283	gi|509139559|ref|NC_021320.1|_Halovirus_HRTV-5,_complete_genome	84.722	72	9	2	1347	1418	55881	55950	1.71e-11	73.4
ERR3077540.sra.19301	L06168	85.921	1037	62	46	1302	2292	1	999	0.0	1092
ERR3077540.sra.19341	NC_017511_1177616_1179168	88.116	345	23	11	2847	3178	1	340	2.62e-111	405
ERR3077540.sra.19415	AY485603	86.854	1354	78	51	92	1383	144	1459	0.0	1499
ERR3077540.sra.19475	NC_021350_359864_361325	71.935	310	71	7	1719	2020	1446	1145	8.25e-35	150
ERR3077540.sra.19495	NC_020450_475434_475549	80.952	84	13	3	3724	3805	101	19	3.24e-10	69.8
ERR3077540.sra.19513	CP001015	87.600	1500	86	56	429	1871	1	1457	0.0	1705
ERR3077540.sra.19653	NC_020450_475434_475549	86.747	83	10	1	246	328	100	19	1.54e-18	96.9
ERR3077540.sra.19714	gi|509139559|ref|NC_021320.1|_Halovirus_HRTV-5,_complete_genome	89.286	56	5	1	158	213	55936	55882	6.29e-11	71.6
ERR3077540.sra.19755	CP001015	81.805	1341	113	71	2389	3636	1	1303	0.0	1117
ERR3077540.sra.19757	NC_010079_512793_514332	86.745	1275	71	44	1626	2823	1532	279	0.0	1427
ERR3077540.sra.19766	gi|78484344|ref|NC_007522.1|_Schizochytrium_single-stranded_RNA_virus,_complete_genome	78.378	74	12	1	2908	2977	272	345	1.28e-07	60.8
ERR3077540.sra.19798	AY349414	85.773	724	36	33	672	1338	1535	822	0.0	753
ERR3077540.sra.20086	NC_021040_348381_351031	76.515	132	19	7	686	808	2469	2597	4.08e-13	78.8
ERR3077540.sra.20153	AF003929	78.811	1581	146	85	303	1777	1501	4	0.0	1128
ERR3077540.sra.20167	gi|530323620|ref|NC_022037.1|_Brazoran_virus_segment_S,_complete_sequence	74.528	106	24	2	12	117	1553	1451	1.04e-08	64.4
ERR3077540.sra.20222	NC_020450_475434_475549	84.058	69	11	0	1534	1602	23	91	5.65e-12	75.2
ERR3077540.sra.20312	NC_007793_512890_514444	90.070	1561	64	57	108	1602	1536	1	0.0	1941
ERR3077540.sra.20317	gi|32453825|ref|NC_004927.1|_Halovirus_HF1,_complete_genome	81.429	70	11	2	1786	1855	20745	20812	1.17e-07	60.8
ERR3077540.sra.20463	NC_021350_359864_361325	75.000	152	32	5	2130	2277	1290	1141	2.40e-15	86.0
ERR3077540.sra.20523	NC_017511_1177616_1179168	86.398	919	41	44	111	976	888	1	0.0	971
ERR3077540.sra.20531	CP001015	86.457	1115	68	46	1153	2216	1	1083	0.0	1198
ERR3077540.sra.20582	gi|9634679|ref|NC_002188.1|_Fowlpox_virus,_complete_genome	83.051	59	7	2	334	390	235404	235461	4.33e-06	55.4
ERR3077540.sra.20733	gi|509139559|ref|NC_021320.1|_Halovirus_HRTV-5,_complete_genome	87.273	55	4	3	848	901	55882	55934	1.33e-06	57.2
ERR3077540.sra.21080	AY281082	84.511	1472	111	59	826	2225	2	1428	0.0	1467
ERR3077540.sra.21127	AY281082	80.897	1204	121	66	86	1219	1165	1	0.0	935
ERR3077540.sra.21248	gi|118496614|ref|NC_008603.1|_Paramecium_bursaria_Chlorella_virus_FR483,_complete_genome	84.314	51	8	0	1418	1468	142511	142561	1.24e-06	57.2
ERR3077540.sra.21371	NC_022584_1536869_1538421	84.403	1590	112	66	541	2040	1	1544	0.0	1575
ERR3077540.sra.21385	GU470899	86.881	869	61	32	85	925	844	1	0.0	957
ERR3077540.sra.21413	gi|422937952|ref|NC_019532.1|_Tomato_yellow_leaf_curl_China_betasatellite,_complete_genome	77.632	76	17	0	8	83	974	899	1.16e-07	60.8
ERR3077540.sra.21449	NC_020450_475434_475549	83.099	71	10	2	627	696	19	88	5.69e-10	68.0
ERR3077540.sra.21492	NC_020450_475434_475549	85.714	49	5	1	2019	2065	68	20	4.04e-06	55.4
ERR3077540.sra.21545	gi|472342562|ref|NC_020864.1|_Micromonas_pusilla_virus_12T_genomic_sequence	74.167	120	26	5	2129	2246	195837	195721	3.16e-07	59.0
ERR3077540.sra.21623	AY584476	83.050	1528	119	75	524	1970	1469	1	0.0	1377
ERR3077540.sra.21652	NC_003028_15344_16903	89.333	225	15	7	3712	3929	1560	1338	3.94e-72	275
ERR3077540.sra.21655	NC_017592_15332_16890	79.418	481	48	27	84	531	466	4	2.36e-93	345
ERR3077540.sra.21849	L06168	82.986	1246	106	62	95	1270	1210	1	0.0	1121
ERR3077540.sra.21865	NC_021350_359864_361325	67.458	295	65	14	677	958	1409	1133	8.49e-09	64.4
ERR3077540.sra.21867	NC_020450_475434_475549	79.412	68	13	1	2167	2233	101	34	1.75e-06	57.2
ERR3077540.sra.21875	gi|313768203|ref|NC_014767.1|_Micromonas_sp._RCC1109_virus_MpV1,_complete_genome	81.818	55	10	0	202	256	138332	138386	3.04e-06	55.4
ERR3077540.sra.21947	AY281085	86.301	584	39	18	98	664	148	707	0.0	648
ERR3077540.sra.22050	CP001015	87.479	1206	59	56	130	1269	1458	279	0.0	1324
ERR3077540.sra.22121	NC_003028_15344_16903	85.983	692	41	27	1062	1711	883	1560	0.0	740
ERR3077540.sra.22121	NC_003028_15344_16903	81.864	590	62	25	486	1046	5	578	6.34e-143	509
ERR3077540.sra.22244	AF003929	89.730	740	34	23	87	793	735	5	0.0	926
ERR3077540.sra.22266	gi|310830989|ref|NC_014637.1|_Cafeteria_roenbergensis_virus_BV-PW1,_complete_genome	72.973	111	28	2	466	576	434904	434796	4.13e-07	59.0
ERR3077540.sra.22266	gi|310830989|ref|NC_014637.1|_Cafeteria_roenbergensis_virus_BV-PW1,_complete_genome	72.973	111	28	2	466	576	434964	434856	4.13e-07	59.0
ERR3077540.sra.22266	gi|310830989|ref|NC_014637.1|_Cafeteria_roenbergensis_virus_BV-PW1,_complete_genome	75.904	83	19	1	466	548	434820	434739	1.44e-06	57.2
ERR3077540.sra.22266	gi|310830989|ref|NC_014637.1|_Cafeteria_roenbergensis_virus_BV-PW1,_complete_genome	72.897	107	21	3	466	572	434940	434842	1.44e-06	57.2
ERR3077540.sra.22577	NC_021009_505857_508732	69.565	253	53	13	1633	1868	186	431	1.43e-11	73.4
ERR3077540.sra.22588	NC_013520_103635_105185	83.598	189	17	7	2097	2274	1551	1366	1.11e-44	183
ERR3077540.sra.22609	gi|313768203|ref|NC_014767.1|_Micromonas_sp._RCC1109_virus_MpV1,_complete_genome	73.077	104	28	0	262	365	19365	19468	3.01e-08	62.6
ERR3077540.sra.22750	AY281082	88.783	1150	57	43	1582	2677	1186	55	0.0	1364
ERR3077540.sra.22770	L06168	84.843	1524	103	67	411	1844	1486	1	0.0	1534
ERR3077540.sra.22865	NC_014498_31096_32654	89.412	170	10	3	117	280	172	5	1.67e-55	219
ERR3077540.sra.22869	NC_021040_348381_351031	77.707	157	25	6	2244	2391	2590	2435	7.44e-22	107
ERR3077540.sra.22878	CP001015	83.016	1525	111	69	428	1875	1	1454	0.0	1406
ERR3077540.sra.22879	NC_017591_15331_16889	88.811	858	56	25	102	934	717	1559	0.0	1038
ERR3077540.sra.22952	L06168	88.111	757	47	27	342	1072	1	740	0.0	886
ERR3077540.sra.22958	NC_021040_348381_351031	81.203	133	18	5	2145	2276	2604	2478	6.81e-23	111
ERR3077540.sra.22961	gi|313843970|ref|NC_014766.1|_Ostreococcus_lucimarinus_virus_OlV1,_complete_genome	71.739	184	41	7	360	538	15920	16097	1.30e-12	77.0
ERR3077540.sra.22996	AF145242	82.580	1194	86	61	103	1209	344	1502	0.0	1052
ERR3077540.sra.23001	AY584476	83.267	1518	123	67	234	1681	13	1469	0.0	1409
ERR3077540.sra.23055	NC_021350_359864_361325	70.406	419	85	20	874	1276	1013	1408	4.38e-32	141
ERR3077540.sra.23593	CP000725	85.535	1438	99	65	1482	2845	1510	108	0.0	1462
ERR3077540.sra.23599	NC_020450_475434_475549	82.812	64	8	2	337	397	83	20	6.79e-08	60.8
ERR3077540.sra.23653	gi|441431943|ref|NC_020104.1|_Acanthamoeba_polyphaga_moumouvirus,_complete_genome	81.690	71	13	0	1591	1661	290975	290905	1.30e-10	69.8
ERR3077540.sra.23662	NC_020450_475434_475549	80.263	76	13	2	1906	1979	94	19	5.32e-08	62.6
ERR3077540.sra.23708	CP001015	83.586	1517	127	70	1559	3012	1	1458	0.0	1407
ERR3077540.sra.23759	CP000725	81.978	1537	131	70	792	2224	1495	1	0.0	1339
ERR3077540.sra.23823	gi|527333514|ref|NC_021901.1|_Invertebrate_iridovirus_22_complete_genome	88.889	45	5	0	1610	1654	165166	165210	3.65e-07	59.0
