ERR3077541.sra.100	NC_018706_214504_216058	84.146	82	11	2	3579	3659	6	86	4.79e-14	82.4
ERR3077541.sra.148	AM420069	87.945	1518	79	57	136	1587	1484	5	0.0	1750
ERR3077541.sra.167	AY613590	84.956	1582	89	79	959	2437	1536	1	0.0	1559
ERR3077541.sra.199	NC_016809_179310_180858	85.597	243	20	10	94	330	235	2	1.09e-64	250
ERR3077541.sra.358	gi|226377830|ref|NC_012531.1|_Solenopsis_invicta_virus_3,_complete_genome	94.737	38	2	0	237	274	10374	10411	1.12e-07	60.8
ERR3077541.sra.487	NC_019902_3560018_3561620	92.500	40	2	1	1159	1197	1	40	2.25e-06	55.4
ERR3077541.sra.618	gi|310830989|ref|NC_014637.1|_Cafeteria_roenbergensis_virus_BV-PW1,_complete_genome	76.522	115	24	3	388	500	451325	451438	5.89e-12	75.2
ERR3077541.sra.634	AY613590	86.559	1555	88	60	1357	2810	1538	4	0.0	1701
ERR3077541.sra.645	AY613590	86.205	1457	78	68	98	1460	1428	1	0.0	1526
ERR3077541.sra.655	AY613590	85.180	1552	91	75	1032	2460	1536	1	0.0	1550
ERR3077541.sra.665	gi|441431943|ref|NC_020104.1|_Acanthamoeba_polyphaga_moumouvirus,_complete_genome	73.913	138	29	5	881	1016	474740	474872	5.12e-11	71.6
ERR3077541.sra.769	gi|506497718|ref|NC_021246.1|_Mythimna_separata_entomopoxvirus_'L',_complete_genome	73.874	111	23	4	1460	1566	90459	90567	1.08e-06	57.2
ERR3077541.sra.854	NC_016809_179310_180858	77.673	1590	173	92	1905	3377	19	1543	0.0	1016
ERR3077541.sra.861	NC_016809_179310_180858	81.937	382	36	14	70	437	1186	1548	1.83e-93	345
ERR3077541.sra.899	gi|295441891|ref|NC_014093.1|_Torque_teno_midi_virus_2,_complete_genome	86.000	50	3	1	36	81	2713	2664	3.67e-07	59.0
ERR3077541.sra.1039	gi|197725710|ref|NC_011190.1|_Mikania_micrantha_mosaic_virus_RNA1,_complete_genome	97.368	38	1	0	2529	2566	5862	5825	1.30e-08	64.4
ERR3077541.sra.1062	NC_021350_359864_361325	71.837	245	58	7	45	280	1236	994	1.79e-22	109
ERR3077541.sra.1097	NC_021350_359864_361325	72.816	103	26	1	89	191	1319	1419	1.67e-06	57.2
ERR3077541.sra.1099	NC_021350_359864_361325	73.246	456	103	9	1116	1557	996	1446	1.01e-64	250
ERR3077541.sra.1138	NC_000907_127172_128720	79.479	653	65	41	1809	2426	4	622	1.54e-125	452
ERR3077541.sra.1203	NC_009567_443072_444611	86.713	1430	70	61	58	1399	120	1517	0.0	1555
ERR3077541.sra.1279	gi|441431943|ref|NC_020104.1|_Acanthamoeba_polyphaga_moumouvirus,_complete_genome	75.610	123	21	3	742	855	474853	474731	2.97e-14	82.4
ERR3077541.sra.1279	gi|441431943|ref|NC_020104.1|_Acanthamoeba_polyphaga_moumouvirus,_complete_genome	71.311	122	26	3	739	851	290836	290957	1.18e-06	57.2
ERR3077541.sra.1376	AY613590	82.203	944	71	42	1056	1927	1538	620	0.0	843
ERR3077541.sra.1418	NC_007146_193215_194753	81.500	600	41	32	3558	4126	20	580	5.77e-140	500
ERR3077541.sra.1509	gi|363539767|ref|NC_016072.1|_Megavirus_chiliensis,_complete_genome	87.234	47	5	1	69	115	361790	361835	4.98e-06	55.4
ERR3077541.sra.1517	NC_000907_127172_128720	97.959	49	0	1	56	104	1502	1549	6.67e-14	80.6
ERR3077541.sra.1547	NC_016809_179310_180858	81.955	399	26	24	2662	3039	1549	1176	1.59e-88	329
ERR3077541.sra.1579	NC_016809_179310_180858	90.066	302	13	11	72	361	1253	1549	1.07e-102	376
ERR3077541.sra.1580	AF224299	85.168	1544	120	61	640	2103	1516	2	0.0	1575
ERR3077541.sra.1664	AY613590	83.889	1409	115	56	64	1404	174	1538	0.0	1366
ERR3077541.sra.1666	AY613590	83.944	1364	85	70	807	2076	1	1324	0.0	1278
ERR3077541.sra.1699	NC_016809_179310_180858	84.000	375	30	22	1444	1800	1	363	2.22e-90	334
ERR3077541.sra.1706	NC_018706_214504_216058	85.897	78	7	3	1175	1248	11	88	2.70e-14	82.4
ERR3077541.sra.1747	CP000725	83.676	1556	113	76	1759	3222	1	1507	0.0	1445
ERR3077541.sra.1815	NC_016809_179310_180858	85.613	424	26	18	3820	4225	1549	1143	4.81e-122	441
ERR3077541.sra.1897	AY613590	88.584	1384	77	48	49	1382	182	1534	0.0	1640
ERR3077541.sra.1900	NC_007146_193215_194753	81.354	1019	87	49	2710	3652	4	995	0.0	854
ERR3077541.sra.1924	AY613590	82.288	1547	153	69	878	2341	1	1509	0.0	1353
ERR3077541.sra.2003	NC_018706_214504_216058	80.000	95	14	2	3959	4053	100	11	5.98e-14	82.4
ERR3077541.sra.2011	NC_021350_359864_361325	69.263	475	108	25	5030	5489	997	1448	3.13e-25	120
ERR3077541.sra.2144	NC_021350_359864_361325	87.234	47	6	0	81	127	1032	986	4.21e-07	59.0
ERR3077541.sra.2204	NC_021350_359864_361325	73.312	311	58	12	105	396	1142	1446	2.48e-36	156
ERR3077541.sra.2247	NC_016809_179310_180858	84.436	514	30	23	44	519	1045	1546	3.41e-142	508
ERR3077541.sra.2268	NC_021040_348381_351031	83.333	90	9	3	713	802	2503	2586	6.17e-16	87.8
ERR3077541.sra.2288	NC_016809_179310_180858	84.841	409	20	23	57	436	1154	1549	1.76e-107	392
ERR3077541.sra.2343	NC_000907_127172_128720	85.879	694	45	31	2985	3639	1	680	0.0	719
ERR3077541.sra.2344	gi|340025671|ref|NC_000852.5|_Paramecium_bursaria_Chlorella_virus_1,_complete_genome	83.333	54	6	1	759	809	165717	165770	3.34e-06	55.4
ERR3077541.sra.2366	NC_021350_359864_361325	70.968	248	56	8	67	305	1226	986	3.62e-20	102
ERR3077541.sra.2470	NC_021009_505857_508732	71.713	251	49	12	1434	1674	197	435	3.08e-19	98.7
ERR3077541.sra.2548	gi|310830989|ref|NC_014637.1|_Cafeteria_roenbergensis_virus_BV-PW1,_complete_genome	78.873	71	13	1	1717	1787	302968	303036	3.56e-07	59.0
ERR3077541.sra.2584	NC_021350_359864_361325	72.222	468	105	15	2526	2978	1449	992	1.09e-53	214
ERR3077541.sra.2652	NC_009566_376402_377942	89.419	860	28	38	59	876	839	1	0.0	1027
ERR3077541.sra.2705	NC_021009_505857_508732	71.130	239	52	10	612	845	431	205	7.35e-17	91.5
ERR3077541.sra.2832	NC_018706_214504_216058	77.551	98	19	2	2543	2637	3	100	6.38e-11	71.6
ERR3077541.sra.2899	NC_009567_443072_444611	79.308	1532	126	86	1227	2592	34	1540	0.0	1119
ERR3077541.sra.2917	NC_009567_443072_444611	85.564	1517	68	74	968	2374	1	1476	0.0	1552
ERR3077541.sra.2954	NC_016809_179310_180858	83.237	1217	100	58	67	1226	1170	1	0.0	1108
ERR3077541.sra.3044	NC_021009_505857_508732	74.233	163	31	9	2702	2856	186	345	5.32e-12	75.2
ERR3077541.sra.3120	NC_021040_348381_351031	74.342	152	31	5	2271	2415	2598	2448	9.52e-15	84.2
ERR3077541.sra.3144	gi|448824968|ref|NC_020232.1|_Megavirus_lba_isolate_LBA111,_complete_genome	66.788	274	74	9	1543	1805	519025	518758	3.07e-07	59.0
ERR3077541.sra.3150	AY613590	82.164	1026	66	53	56	985	488	1492	0.0	892
ERR3077541.sra.3158	NC_016809_179310_180858	85.170	1234	80	54	1407	2574	1540	344	0.0	1251
ERR3077541.sra.3261	NC_002940_10643_12179	76.355	1328	175	75	79	1318	261	1537	0.0	767
ERR3077541.sra.3331	gi|326910946|ref|NC_015300.1|_Rose_rosette_virus_RNA3,_complete_genome	78.723	94	14	3	1	94	370	457	7.33e-11	71.6
ERR3077541.sra.3382	NC_000907_127172_128720	83.704	270	20	12	57	308	1286	1549	8.63e-67	257
ERR3077541.sra.3429	AY613590	86.323	1572	96	69	843	2332	1	1535	0.0	1662
ERR3077541.sra.3433	NC_016809_179310_180858	86.334	461	24	18	50	480	1098	1549	1.13e-140	502
ERR3077541.sra.3485	NC_016809_179310_180858	83.987	306	26	16	3499	3793	1535	1242	8.95e-74	280
ERR3077541.sra.3522	NC_007146_193215_194753	92.308	858	30	27	990	1821	1	848	0.0	1160
ERR3077541.sra.3619	NC_021350_359864_361325	67.112	374	83	22	978	1334	1327	977	1.09e-06	57.2
ERR3077541.sra.3647	gi|314055095|ref|NC_014789.1|_Ostreococcus_tauri_virus_2,_complete_genome	83.051	59	10	0	999	1057	3038	3096	4.10e-08	62.6
ERR3077541.sra.3734	NC_016809_179310_180858	86.443	804	38	41	3239	3986	1541	753	0.0	838
ERR3077541.sra.3758	AY005033	83.009	1595	150	69	1310	2846	1	1532	0.0	1452
ERR3077541.sra.3773	gi|32453825|ref|NC_004927.1|_Halovirus_HF1,_complete_genome	84.483	58	9	0	374	431	20743	20800	9.79e-09	64.4
ERR3077541.sra.3796	NC_009567_443072_444611	88.119	1574	80	64	639	2139	1	1540	0.0	1804
ERR3077541.sra.3827	NC_000907_127172_128720	86.349	630	32	31	69	679	595	1	0.0	657
ERR3077541.sra.3943	CP000725	79.242	1108	114	60	111	1130	431	1510	0.0	796
ERR3077541.sra.4082	gi|441431943|ref|NC_020104.1|_Acanthamoeba_polyphaga_moumouvirus,_complete_genome	76.923	130	23	5	349	476	474740	474864	9.20e-15	84.2
ERR3077541.sra.4101	NC_017451_357249_358787	89.183	832	37	28	964	1773	10	810	0.0	1016
ERR3077541.sra.4105	AY613590	87.229	1566	84	63	869	2352	1	1532	0.0	1743
ERR3077541.sra.4117	gi|509139559|ref|NC_021320.1|_Halovirus_HRTV-5,_complete_genome	85.965	57	6	2	2721	2776	55882	55937	1.72e-07	60.8
ERR3077541.sra.4136	NC_018706_214504_216058	82.609	69	10	2	1555	1622	78	11	1.34e-08	64.4
ERR3077541.sra.4142	NC_016809_179310_180858	87.946	1120	49	40	73	1124	448	1549	0.0	1308
ERR3077541.sra.4259	NC_009567_443072_444611	83.728	1561	83	78	254	1677	1527	1	0.0	1472
ERR3077541.sra.4265	NC_016809_179310_180858	88.718	195	9	6	77	263	190	1	7.07e-61	237
ERR3077541.sra.4321	gi|313768203|ref|NC_014767.1|_Micromonas_sp._RCC1109_virus_MpV1,_complete_genome	73.228	127	29	4	2187	2310	11743	11867	4.74e-08	62.6
ERR3077541.sra.4327	NC_021040_348381_351031	81.356	118	16	6	508	624	2478	2590	1.88e-17	93.3
ERR3077541.sra.4328	NC_007146_193215_194753	87.333	1271	77	49	1461	2664	1	1254	0.0	1422
ERR3077541.sra.4401	NC_021350_359864_361325	72.289	166	38	4	2265	2425	1235	1397	3.67e-14	82.4
ERR3077541.sra.4411	AJ290755	84.022	1258	102	50	68	1276	261	1468	0.0	1227
ERR3077541.sra.4414	NC_021350_359864_361325	70.638	470	97	23	2483	2927	1457	1004	1.71e-37	159
ERR3077541.sra.4424	NC_009567_443072_444611	89.400	1283	48	44	40	1251	275	1540	0.0	1582
ERR3077541.sra.4486	gi|340025671|ref|NC_000852.5|_Paramecium_bursaria_Chlorella_virus_1,_complete_genome	90.244	41	4	0	947	987	165717	165757	1.82e-06	57.2
ERR3077541.sra.4504	AY613590	87.172	1333	78	54	981	2251	3	1304	0.0	1474
ERR3077541.sra.4527	gi|313767999|ref|NC_014765.1|_Bathycoccus_sp._RCC1105_virus_BpV1,_complete_genome	74.444	90	22	1	574	662	64207	64296	3.47e-06	55.4
ERR3077541.sra.4530	NC_021040_348381_351031	77.311	119	20	6	127	242	2492	2606	1.52e-11	73.4
ERR3077541.sra.4628	gi|32453825|ref|NC_004927.1|_Halovirus_HF1,_complete_genome	85.000	60	7	2	1394	1453	20743	20800	1.28e-07	60.8
ERR3077541.sra.4705	NC_021009_505857_508732	82.192	73	13	0	455	527	280	208	1.82e-11	73.4
ERR3077541.sra.4727	NC_007146_193215_194753	90.818	697	27	20	2427	3092	4	694	0.0	911
ERR3077541.sra.4881	AY005033	85.098	1577	127	67	499	2012	1	1532	0.0	1581
ERR3077541.sra.4891	NC_021350_359864_361325	71.368	475	97	22	1096	1545	1452	992	1.69e-43	179
ERR3077541.sra.4938	gi|9695413|ref|NC_001824.1|_Lymphocystis_disease_virus_1,_complete_genome	83.051	59	8	2	2302	2360	53676	53732	4.39e-06	55.4
ERR3077541.sra.4940	AY613590	87.980	1198	64	42	947	2084	4	1181	0.0	1395
ERR3077541.sra.4947	NC_016809_179310_180858	86.260	393	20	17	49	418	1168	1549	9.92e-116	419
ERR3077541.sra.4994	gi|441431943|ref|NC_020104.1|_Acanthamoeba_polyphaga_moumouvirus,_complete_genome	76.415	106	23	1	417	520	474748	474853	9.89e-13	77.0
ERR3077541.sra.4994	gi|441431943|ref|NC_020104.1|_Acanthamoeba_polyphaga_moumouvirus,_complete_genome	75.000	80	20	0	443	522	290916	290837	3.23e-06	55.4
ERR3077541.sra.4999	NC_014922_427300_428848	73.796	519	49	37	69	529	490	1	2.04e-60	235
ERR3077541.sra.5105	gi|441431943|ref|NC_020104.1|_Acanthamoeba_polyphaga_moumouvirus,_complete_genome	74.380	121	27	3	1220	1337	474808	474689	1.87e-10	69.8
ERR3077541.sra.5105	gi|441431943|ref|NC_020104.1|_Acanthamoeba_polyphaga_moumouvirus,_complete_genome	79.710	69	13	1	297	364	476154	476086	3.38e-07	59.0
ERR3077541.sra.5142	gi|310830989|ref|NC_014637.1|_Cafeteria_roenbergensis_virus_BV-PW1,_complete_genome	81.538	65	10	2	1210	1273	303030	302967	1.49e-06	57.2
ERR3077541.sra.5205	X87976	80.333	1200	113	68	771	1873	1434	261	0.0	906
ERR3077541.sra.5319	gi|340025671|ref|NC_000852.5|_Paramecium_bursaria_Chlorella_virus_1,_complete_genome	84.615	52	7	1	305	356	165717	165767	4.45e-06	55.4
ERR3077541.sra.5359	gi|441431943|ref|NC_020104.1|_Acanthamoeba_polyphaga_moumouvirus,_complete_genome	72.881	118	27	3	2454	2569	474865	474751	1.03e-07	60.8
ERR3077541.sra.5365	gi|448824857|ref|NC_020231.1|_Caviid_herpesvirus_2_strain_21222,_complete_genome	89.362	47	1	1	2330	2376	223096	223138	3.59e-08	62.6
ERR3077541.sra.5385	gi|370702946|ref|NC_004156.2|_Helicoverpa_zea_nudivirus_2,_complete_genome	90.244	41	4	0	1025	1065	25484	25444	9.16e-07	57.2
ERR3077541.sra.5391	NC_021350_359864_361325	71.215	469	101	19	1074	1517	1445	986	1.11e-44	183
ERR3077541.sra.5423	NC_021350_359864_361325	73.474	475	104	11	1458	1924	986	1446	1.92e-67	259
ERR3077541.sra.5425	gi|163954976|ref|NC_010191.1|_Ostreococcus_virus_OsV5,_complete_genome	67.944	287	74	11	1128	1402	9911	10191	2.40e-10	69.8
ERR3077541.sra.5444	NC_007146_193215_194753	85.515	1505	94	62	2438	3863	1539	80	0.0	1564
ERR3077541.sra.5474	NC_016809_179310_180858	85.240	271	10	13	59	306	268	5	5.14e-73	277
ERR3077541.sra.5479	AY613590	82.330	1511	150	71	2332	3762	1492	19	0.0	1306
ERR3077541.sra.5528	AY005033	82.650	1487	136	64	4087	5493	88	1532	0.0	1341
ERR3077541.sra.5547	NC_021040_348381_351031	75.789	95	16	4	4236	4325	2588	2496	2.12e-06	57.2
ERR3077541.sra.5556	NC_018706_214504_216058	76.744	86	14	3	142	221	15	100	1.58e-06	57.2
ERR3077541.sra.5733	NC_018706_214504_216058	79.348	92	12	5	2775	2865	88	3	1.16e-08	64.4
ERR3077541.sra.5768	gi|582973099|ref|NC_023426.1|_Anomala_cuprea_entomopoxvirus_DNA,_complete_genome,_strain:_CV6M	77.083	96	11	6	1314	1406	206855	206942	1.83e-06	57.2
ERR3077541.sra.5785	NC_000907_127172_128720	72.653	245	32	16	3137	3360	1319	1549	1.70e-19	100
ERR3077541.sra.5798	gi|441431943|ref|NC_020104.1|_Acanthamoeba_polyphaga_moumouvirus,_complete_genome	74.847	163	37	3	1416	1576	474689	474849	1.48e-19	100
ERR3077541.sra.5958	gi|441431943|ref|NC_020104.1|_Acanthamoeba_polyphaga_moumouvirus,_complete_genome	82.143	56	5	1	2200	2250	779846	779901	1.37e-06	57.2
ERR3077541.sra.5964	CP000725	86.357	1356	89	53	983	2273	1510	186	0.0	1460
ERR3077541.sra.5991	AY613590	85.247	1315	82	58	1537	2791	1	1263	0.0	1337
ERR3077541.sra.6029	gi|370702946|ref|NC_004156.2|_Helicoverpa_zea_nudivirus_2,_complete_genome	92.683	41	3	0	2761	2801	25444	25484	1.23e-07	60.8
ERR3077541.sra.6029	gi|370702946|ref|NC_004156.2|_Helicoverpa_zea_nudivirus_2,_complete_genome	90.000	40	4	0	2763	2802	25437	25476	5.24e-06	55.4
ERR3077541.sra.6119	NC_009567_443072_444611	88.775	1559	67	53	850	2326	8	1540	0.0	1882
ERR3077541.sra.6130	NC_021350_359864_361325	69.825	285	66	9	1858	2129	995	1272	1.17e-20	104
ERR3077541.sra.6218	NC_018706_214504_216058	76.667	90	15	3	1766	1854	89	5	8.63e-08	60.8
ERR3077541.sra.6264	gi|660515655|ref|NC_024451.1|_Armadillidium_vulgare_iridescent_virus_complete_genome	74.419	86	12	2	610	690	220081	220161	1.70e-06	57.2
ERR3077541.sra.6269	NC_008767_46638_48181	83.961	929	70	39	79	956	644	1544	0.0	899
ERR3077541.sra.6275	DQ201336	89.573	1381	69	48	101	1430	138	1494	0.0	1692
ERR3077541.sra.6292	NC_016809_179310_180858	88.538	253	11	11	2658	2904	5	245	1.07e-77	293
ERR3077541.sra.6300	gi|363539767|ref|NC_016072.1|_Megavirus_chiliensis,_complete_genome	74.312	109	21	5	3279	3382	550412	550518	7.72e-06	55.4
ERR3077541.sra.6307	AY613590	80.138	1304	115	76	1480	2703	289	1528	0.0	971
ERR3077541.sra.6307	AY613590	78.298	235	14	14	1121	1336	3	219	5.80e-39	165
ERR3077541.sra.6369	NC_021350_359864_361325	72.193	187	39	8	3341	3519	992	1173	5.27e-13	78.8
ERR3077541.sra.6384	NC_016809_179310_180858	92.070	908	24	29	2010	2880	1541	645	0.0	1225
ERR3077541.sra.6415	NC_000907_127172_128720	78.806	670	68	40	111	729	647	1	1.71e-126	455
ERR3077541.sra.6460	gi|363539767|ref|NC_016072.1|_Megavirus_chiliensis,_complete_genome	87.234	47	5	1	707	752	136038	136084	4.06e-06	55.4
ERR3077541.sra.6478	AY005033	85.603	1278	90	53	1046	2246	1532	272	0.0	1323
ERR3077541.sra.6525	gi|310830989|ref|NC_014637.1|_Cafeteria_roenbergensis_virus_BV-PW1,_complete_genome	77.391	115	22	4	509	620	451325	451438	1.65e-12	77.0
ERR3077541.sra.6574	NC_021350_359864_361325	73.043	460	92	16	2001	2442	1441	996	3.49e-58	228
ERR3077541.sra.6587	NC_015460_612647_614171	84.783	138	12	6	90	219	137	1	1.98e-30	136
ERR3077541.sra.6601	gi|441431943|ref|NC_020104.1|_Acanthamoeba_polyphaga_moumouvirus,_complete_genome	82.143	56	5	1	75	125	779846	779901	1.18e-06	57.2
ERR3077541.sra.6611	NC_021350_359864_361325	67.593	432	95	18	1174	1565	987	1413	6.77e-22	107
ERR3077541.sra.6626	gi|370702946|ref|NC_004156.2|_Helicoverpa_zea_nudivirus_2,_complete_genome	90.909	44	4	0	3825	3868	25487	25444	5.28e-08	62.6
ERR3077541.sra.6630	gi|363539767|ref|NC_016072.1|_Megavirus_chiliensis,_complete_genome	77.686	121	26	1	1499	1619	550416	550535	1.55e-17	93.3
ERR3077541.sra.6655	NC_021350_359864_361325	68.632	475	115	18	2121	2572	986	1449	1.08e-29	134
ERR3077541.sra.6662	gi|313768203|ref|NC_014767.1|_Micromonas_sp._RCC1109_virus_MpV1,_complete_genome	72.917	144	29	4	882	1019	11867	11728	3.24e-12	75.2
ERR3077541.sra.6685	AY613590	83.805	1414	97	68	66	1398	176	1538	0.0	1330
ERR3077541.sra.6717	NC_016809_179310_180858	89.368	348	21	11	3691	4029	1549	1209	1.01e-117	426
ERR3077541.sra.6747	NC_016809_179310_180858	79.184	245	33	9	2132	2364	8	246	2.71e-46	188
ERR3077541.sra.6836	NC_016809_179310_180858	88.100	479	25	19	78	533	1080	1549	2.30e-155	551
ERR3077541.sra.6862	NC_016809_179310_180858	85.684	468	29	25	2336	2782	1543	1093	2.79e-129	464
ERR3077541.sra.6868	AY613590	84.741	1409	86	66	63	1388	176	1538	0.0	1391
ERR3077541.sra.6916	gi|363539767|ref|NC_016072.1|_Megavirus_chiliensis,_complete_genome	86.275	51	4	1	3574	3621	1084105	1084155	7.00e-07	59.0
ERR3077541.sra.6929	NC_021009_505857_508732	80.233	86	14	1	2035	2117	204	289	1.25e-12	77.0
ERR3077541.sra.6956	gi|441431943|ref|NC_020104.1|_Acanthamoeba_polyphaga_moumouvirus,_complete_genome	79.412	136	23	4	1237	1370	474872	474740	4.22e-21	105
ERR3077541.sra.6959	gi|313843970|ref|NC_014766.1|_Ostreococcus_lucimarinus_virus_OlV1,_complete_genome	73.077	104	27	1	778	881	16162	16060	3.98e-07	59.0
ERR3077541.sra.6985	NC_021350_359864_361325	70.175	342	81	15	1994	2327	997	1325	3.00e-22	109
ERR3077541.sra.7038	gi|506498610|ref|NC_021249.1|_Choristoneura_rosaceana_entomopoxvirus_'L',_complete_genome	75.000	84	21	0	1013	1096	220909	220826	1.55e-06	57.2
ERR3077541.sra.7079	gi|313843970|ref|NC_014766.1|_Ostreococcus_lucimarinus_virus_OlV1,_complete_genome	68.750	192	50	6	1062	1246	16249	16061	3.86e-07	59.0
ERR3077541.sra.7085	NC_021350_359864_361325	68.220	472	115	20	1782	2229	986	1446	2.20e-24	116
ERR3077541.sra.7131	NC_016809_179310_180858	89.084	1594	53	65	457	1974	1549	1	0.0	1907
ERR3077541.sra.7292	gi|292397674|ref|NC_013953.1|_Lymantria_xylina_MNPV,_complete_genome	83.333	60	10	0	692	751	139485	139426	1.09e-08	64.4
ERR3077541.sra.7327	NC_018706_214504_216058	91.304	46	3	1	298	343	86	42	3.56e-08	62.6
ERR3077541.sra.7345	AY613590	87.669	1549	75	51	235	1684	1535	4	0.0	1808
ERR3077541.sra.7361	gi|363539767|ref|NC_016072.1|_Megavirus_chiliensis,_complete_genome	73.529	136	30	4	2061	2194	550403	550534	7.63e-11	71.6
ERR3077541.sra.7399	gi|441431943|ref|NC_020104.1|_Acanthamoeba_polyphaga_moumouvirus,_complete_genome	72.941	170	35	7	878	1041	474689	474853	3.01e-13	78.8
ERR3077541.sra.7425	NC_021350_359864_361325	69.778	225	49	11	3509	3721	977	1194	1.00e-09	68.0
ERR3077541.sra.7445	gi|441431943|ref|NC_020104.1|_Acanthamoeba_polyphaga_moumouvirus,_complete_genome	72.174	115	26	3	2625	2734	627879	627766	6.26e-06	55.4
ERR3077541.sra.7453	AY613590	87.092	674	33	29	2460	3089	1532	869	0.0	742
ERR3077541.sra.7468	NC_021009_505857_508732	68.163	245	60	7	358	589	435	196	4.66e-12	75.2
ERR3077541.sra.7508	D50540	75.338	296	39	19	75	348	284	1	8.71e-35	150
ERR3077541.sra.7672	gi|313767999|ref|NC_014765.1|_Bathycoccus_sp._RCC1105_virus_BpV1,_complete_genome	72.081	197	44	6	402	595	11559	11371	5.96e-17	91.5
ERR3077541.sra.7684	gi|472342562|ref|NC_020864.1|_Micromonas_pusilla_virus_12T_genomic_sequence	70.748	147	37	5	3011	3155	166678	166820	7.92e-06	55.4
ERR3077541.sra.7724	NC_009567_443072_444611	81.018	1375	98	76	1490	2769	1521	215	0.0	1108
ERR3077541.sra.7811	NC_018706_214504_216058	81.132	106	14	4	1412	1514	105	3	3.17e-16	89.7
ERR3077541.sra.7839	NC_021040_348381_351031	82.727	110	17	2	3325	3434	2599	2492	4.19e-21	105
ERR3077541.sra.7866	gi|313767999|ref|NC_014765.1|_Bathycoccus_sp._RCC1105_virus_BpV1,_complete_genome	73.786	103	26	1	2173	2274	11459	11561	1.41e-07	60.8
ERR3077541.sra.7958	NC_018706_214504_216058	81.176	85	13	2	2606	2688	86	3	6.90e-12	75.2
ERR3077541.sra.8003	NC_021040_348381_351031	78.689	122	18	5	4126	4240	2598	2478	1.28e-15	87.8
ERR3077541.sra.8074	gi|506498610|ref|NC_021249.1|_Choristoneura_rosaceana_entomopoxvirus_'L',_complete_genome	83.636	55	8	1	2528	2582	232902	232849	6.67e-06	55.4
ERR3077541.sra.8075	NC_000907_127172_128720	80.934	257	17	14	2435	2674	1549	1308	3.28e-52	208
ERR3077541.sra.8088	NC_016809_179310_180858	86.425	442	20	19	2816	3231	1536	1109	5.13e-133	477
ERR3077541.sra.8101	AF224299	79.352	1574	167	80	2086	3560	2	1516	0.0	1155
ERR3077541.sra.8120	NC_021350_359864_361325	71.092	467	104	20	2084	2531	1452	998	2.56e-41	172
ERR3077541.sra.8176	NC_009567_443072_444611	83.291	1592	91	80	806	2283	1540	10	0.0	1469
ERR3077541.sra.8188	gi|363539767|ref|NC_016072.1|_Megavirus_chiliensis,_complete_genome	80.247	81	14	1	2113	2191	550447	550527	8.97e-11	71.6
ERR3077541.sra.8200	AY613590	85.914	1576	96	52	362	1849	1	1538	0.0	1721
ERR3077541.sra.8225	gi|363539767|ref|NC_016072.1|_Megavirus_chiliensis,_complete_genome	75.556	135	26	6	2687	2816	550535	550403	6.31e-12	75.2
ERR3077541.sra.8287	NC_018706_214504_216058	79.310	87	14	3	932	1016	87	3	2.48e-09	66.2
ERR3077541.sra.8348	NC_018690_284015_285558	95.082	61	1	1	1839	1897	1	61	3.74e-18	95.1
ERR3077541.sra.8420	NC_021040_348381_351031	75.472	159	27	5	1777	1928	2604	2451	1.29e-19	100
ERR3077541.sra.8501	gi|506498274|ref|NC_021248.1|_Choristoneura_biennis_entomopoxvirus_'L',_complete_genome	82.759	58	6	2	4582	4635	103973	103916	8.58e-06	55.4
ERR3077541.sra.8517	NC_009567_443072_444611	88.760	1548	65	57	997	2443	1	1540	0.0	1849
ERR3077541.sra.8549	NC_021009_505857_508732	69.170	253	62	7	2977	3216	186	435	9.78e-16	87.8
ERR3077541.sra.8627	NC_021040_348381_351031	74.227	97	14	4	219	306	2511	2605	5.35e-06	55.4
ERR3077541.sra.8663	AY613590	84.634	1217	80	57	56	1176	1206	1	0.0	1191
ERR3077541.sra.8670	gi|314055095|ref|NC_014789.1|_Ostreococcus_tauri_virus_2,_complete_genome	80.556	72	12	2	1093	1163	3108	3038	1.16e-07	60.8
ERR3077541.sra.8764	NC_016809_179310_180858	81.113	1006	85	50	1460	2400	1549	584	0.0	827
ERR3077541.sra.8770	AY613590	87.389	1570	65	70	843	2311	1538	1	0.0	1743
ERR3077541.sra.8793	AY613590	87.789	1556	88	57	534	2009	1534	1	0.0	1784
ERR3077541.sra.8859	gi|313768203|ref|NC_014767.1|_Micromonas_sp._RCC1109_virus_MpV1,_complete_genome	71.533	137	37	1	737	871	11864	11728	1.57e-10	69.8
ERR3077541.sra.8888	NC_007146_193215_194753	90.380	395	24	12	70	456	413	25	2.82e-140	500
ERR3077541.sra.8912	AF385518	86.058	789	40	40	87	828	737	1502	0.0	812
ERR3077541.sra.8924	gi|441431943|ref|NC_020104.1|_Acanthamoeba_polyphaga_moumouvirus,_complete_genome	73.171	123	22	5	460	576	627770	627887	1.30e-07	60.8
ERR3077541.sra.8952	NC_016809_179310_180858	82.167	729	29	36	90	732	836	1549	0.0	657
ERR3077541.sra.8972	NC_021350_359864_361325	71.579	475	108	15	2487	2942	986	1452	5.50e-51	205
ERR3077541.sra.9124	gi|18640086|ref|NC_003389.1|_Swinepox_virus,_complete_genome	83.051	59	8	2	275	331	2435	2493	4.62e-06	55.4
ERR3077541.sra.9124	gi|18640086|ref|NC_003389.1|_Swinepox_virus,_complete_genome	83.051	59	8	2	275	331	144020	143962	4.62e-06	55.4
ERR3077541.sra.9127	NC_021350_359864_361325	68.409	421	93	17	476	858	995	1413	1.68e-25	120
ERR3077541.sra.9184	AY613590	87.659	1418	60	61	2146	3488	5	1382	0.0	1597
ERR3077541.sra.9188	gi|441431943|ref|NC_020104.1|_Acanthamoeba_polyphaga_moumouvirus,_complete_genome	74.731	186	35	8	3834	4011	474689	474870	9.12e-19	98.7
ERR3077541.sra.9188	gi|441431943|ref|NC_020104.1|_Acanthamoeba_polyphaga_moumouvirus,_complete_genome	70.769	130	35	1	3868	3997	290963	290837	6.57e-08	62.6
ERR3077541.sra.9254	NC_016809_179310_180858	86.792	954	47	44	2422	3321	1549	621	0.0	1025
ERR3077541.sra.9295	NC_015215_16481_18017	87.931	928	40	40	2343	3209	1537	621	0.0	1054
ERR3077541.sra.9320	NC_021009_505857_508732	73.047	256	54	10	2159	2405	186	435	1.20e-25	120
ERR3077541.sra.9366	NC_021040_348381_351031	76.154	130	28	2	417	546	2478	2604	2.48e-16	89.7
ERR3077541.sra.9413	NC_018706_214504_216058	86.301	73	9	1	1523	1595	74	3	9.66e-15	84.2
ERR3077541.sra.9459	NC_018706_214504_216058	78.723	94	16	2	2716	2807	9	100	8.06e-12	75.2
ERR3077541.sra.9533	gi|441431943|ref|NC_020104.1|_Acanthamoeba_polyphaga_moumouvirus,_complete_genome	74.534	161	28	4	356	506	474689	474846	1.45e-19	100
ERR3077541.sra.9533	gi|441431943|ref|NC_020104.1|_Acanthamoeba_polyphaga_moumouvirus,_complete_genome	74.227	97	23	1	410	506	290940	290846	1.27e-07	60.8
ERR3077541.sra.9537	NC_018706_214504_216058	77.528	89	14	4	470	555	88	3	4.11e-07	59.0
ERR3077541.sra.9584	AY005033	81.564	1573	146	76	1175	2644	1532	1	0.0	1317
ERR3077541.sra.9629	NC_021040_348381_351031	77.586	116	16	7	498	607	2479	2590	1.91e-10	69.8
ERR3077541.sra.9630	NC_017451_357249_358787	87.974	765	46	26	1176	1900	1532	774	0.0	890
ERR3077541.sra.9774	AY613590	87.689	861	46	37	2039	2864	1	836	0.0	962
ERR3077541.sra.9826	AY613590	85.927	1343	78	58	1000	2251	1536	214	0.0	1409
ERR3077541.sra.9831	NC_016809_179310_180858	89.162	489	20	20	2226	2692	1541	1064	4.01e-165	583
ERR3077541.sra.9851	NC_021350_359864_361325	68.267	479	105	22	1112	1558	1449	986	3.78e-26	122
ERR3077541.sra.9949	L06168	88.318	1498	84	44	1800	3218	1486	1	0.0	1808
ERR3077541.sra.9970	NC_007146_193215_194753	90.230	1218	30	48	95	1262	1179	1	0.0	1525
ERR3077541.sra.9977	NC_021350_359864_361325	73.774	469	97	15	899	1349	1452	992	2.52e-64	248
ERR3077541.sra.9993	NC_021009_505857_508732	81.250	80	10	3	465	541	273	196	7.78e-10	68.0
ERR3077541.sra.10003	gi|314055095|ref|NC_014789.1|_Ostreococcus_tauri_virus_2,_complete_genome	80.519	77	13	2	2760	2834	3038	3114	1.16e-08	64.4
ERR3077541.sra.10030	gi|310830989|ref|NC_014637.1|_Cafeteria_roenbergensis_virus_BV-PW1,_complete_genome	76.271	118	22	4	2773	2886	451328	451443	5.54e-12	75.2
ERR3077541.sra.10081	NC_021350_359864_361325	73.714	350	74	13	1395	1732	1103	1446	8.67e-42	174
ERR3077541.sra.10084	gi|311977355|ref|NC_014649.1|_Acanthamoeba_polyphaga_mimivirus,_complete_genome	74.783	115	24	3	99	208	367125	367011	8.94e-10	68.0
ERR3077541.sra.10096	NC_018706_214504_216058	86.441	59	6	1	1896	1952	42	100	9.97e-10	68.0
ERR3077541.sra.10097	NC_016809_179310_180858	90.013	1582	52	66	118	1633	1549	8	0.0	1939
ERR3077541.sra.10112	AY613590	84.971	1557	99	67	3238	4684	1538	7	0.0	1573
ERR3077541.sra.10117	gi|506497718|ref|NC_021246.1|_Mythimna_separata_entomopoxvirus_'L',_complete_genome	78.049	82	14	3	1246	1325	38166	38087	1.06e-06	57.2
ERR3077541.sra.10118	NC_021350_359864_361325	73.611	144	31	6	469	608	1267	1127	6.31e-10	68.0
ERR3077541.sra.10127	gi|313843970|ref|NC_014766.1|_Ostreococcus_lucimarinus_virus_OlV1,_complete_genome	69.149	188	52	5	1931	2116	15974	16157	1.23e-07	60.8
ERR3077541.sra.10217	NC_021040_348381_351031	77.863	131	22	5	257	381	2475	2604	1.90e-16	89.7
ERR3077541.sra.10265	NC_016809_179310_180858	88.364	593	34	18	689	1253	1531	946	0.0	710
ERR3077541.sra.10278	NC_021040_348381_351031	79.570	93	17	2	106	198	2512	2602	6.84e-12	75.2
ERR3077541.sra.10299	AY613590	87.094	1294	72	44	60	1281	1271	1	0.0	1469
ERR3077541.sra.10376	NC_021040_348381_351031	73.171	164	37	7	573	733	2448	2607	2.58e-11	73.4
ERR3077541.sra.10450	AM157420	86.645	1550	115	54	1808	3308	32	1538	0.0	1701
ERR3077541.sra.10482	NC_000907_127172_128720	88.034	234	11	6	101	319	1318	1549	6.02e-75	284
ERR3077541.sra.10488	NC_021040_348381_351031	73.620	163	29	7	990	1144	2448	2604	4.89e-14	82.4
ERR3077541.sra.10508	NC_021350_359864_361325	74.843	477	91	12	1022	1479	986	1452	3.99e-77	291
ERR3077541.sra.10518	gi|441431943|ref|NC_020104.1|_Acanthamoeba_polyphaga_moumouvirus,_complete_genome	76.000	125	21	5	730	847	474853	474731	1.31e-12	77.0
ERR3077541.sra.10518	gi|441431943|ref|NC_020104.1|_Acanthamoeba_polyphaga_moumouvirus,_complete_genome	73.554	121	23	5	730	843	290839	290957	1.01e-07	60.8
ERR3077541.sra.10598	NC_021350_359864_361325	71.322	401	90	11	1684	2061	1452	1054	6.27e-43	178
ERR3077541.sra.10608	AY613590	87.764	1561	72	64	81	1548	1537	3	0.0	1773
ERR3077541.sra.10609	NC_016809_179310_180858	90.649	385	21	8	71	447	1168	1545	6.52e-143	509
ERR3077541.sra.10639	NC_021040_348381_351031	71.429	161	30	8	69	219	2451	2605	5.57e-08	62.6
ERR3077541.sra.10665	NC_021350_359864_361325	72.926	458	104	14	2348	2788	998	1452	1.69e-56	223
ERR3077541.sra.10738	gi|506498274|ref|NC_021248.1|_Choristoneura_biennis_entomopoxvirus_'L',_complete_genome	84.906	53	4	2	2091	2143	165666	165618	4.57e-06	55.4
ERR3077541.sra.10785	gi|314055095|ref|NC_014789.1|_Ostreococcus_tauri_virus_2,_complete_genome	83.929	56	9	0	1972	2027	3093	3038	1.82e-07	60.8
ERR3077541.sra.10819	gi|310830989|ref|NC_014637.1|_Cafeteria_roenbergensis_virus_BV-PW1,_complete_genome	82.759	58	8	1	398	453	510804	510747	1.92e-06	57.2
ERR3077541.sra.10819	gi|310830989|ref|NC_014637.1|_Cafeteria_roenbergensis_virus_BV-PW1,_complete_genome	82.759	58	8	1	398	453	511718	511661	1.92e-06	57.2
ERR3077541.sra.10828	NC_009567_443072_444611	74.392	1562	165	95	1029	2402	26	1540	0.0	798
ERR3077541.sra.10910	gi|591398030|ref|NC_023677.1|_Chimpanzee_alpha-1_herpesvirus_strain_105640,_complete_genome	88.000	50	4	2	2708	2756	9208	9256	1.59e-06	57.2
ERR3077541.sra.10910	gi|591398030|ref|NC_023677.1|_Chimpanzee_alpha-1_herpesvirus_strain_105640,_complete_genome	88.000	50	4	2	2708	2756	117819	117771	1.59e-06	57.2
ERR3077541.sra.10914	NC_015663_220089_221642	86.207	319	20	13	67	365	1240	1554	8.00e-92	340
ERR3077541.sra.11026	NC_016809_179310_180858	88.376	628	29	20	6	596	929	1549	0.0	753
ERR3077541.sra.11057	NC_016809_179310_180858	88.774	579	29	21	2874	3435	1549	990	0.0	690
ERR3077541.sra.11104	AY613590	86.139	1580	74	77	785	2261	1538	1	0.0	1645
ERR3077541.sra.11230	NC_016809_179310_180858	87.437	796	45	31	103	870	771	1539	0.0	895
ERR3077541.sra.11251	gi|32453825|ref|NC_004927.1|_Halovirus_HF1,_complete_genome	81.967	61	9	1	368	428	20742	20800	5.45e-07	59.0
ERR3077541.sra.11369	gi|313767999|ref|NC_014765.1|_Bathycoccus_sp._RCC1105_virus_BpV1,_complete_genome	69.849	199	47	6	136	324	11419	11224	2.33e-11	73.4
ERR3077541.sra.11407	gi|83700363|ref|NC_007647.1|_Oryza_sativa_endornavirus,_complete_genome	84.615	52	7	1	2578	2628	637	586	4.84e-06	55.4
ERR3077541.sra.11452	NC_014920_160651_162199	88.390	1559	58	65	1615	3080	19	1547	0.0	1813
ERR3077541.sra.11494	NC_009566_376402_377942	84.277	477	31	22	1805	2250	5	468	7.88e-129	462
ERR3077541.sra.11505	NC_021009_505857_508732	84.524	84	12	1	312	394	273	190	1.74e-16	89.7
ERR3077541.sra.11566	NC_021350_359864_361325	68.898	463	110	17	307	743	1446	992	1.45e-31	140
ERR3077541.sra.11680	gi|441431943|ref|NC_020104.1|_Acanthamoeba_polyphaga_moumouvirus,_complete_genome	77.778	117	19	4	1358	1469	474730	474844	4.42e-14	82.4
ERR3077541.sra.11705	NC_017593_15332_16890	79.274	1626	128	96	2411	3896	1	1557	0.0	1169
ERR3077541.sra.11724	gi|441431943|ref|NC_020104.1|_Acanthamoeba_polyphaga_moumouvirus,_complete_genome	77.686	121	19	5	1312	1428	474740	474856	3.48e-14	82.4
ERR3077541.sra.11768	gi|189313868|ref|NC_010800.1|_Turkey_coronavirus,_complete_genome	92.683	41	2	1	712	752	27618	27657	9.76e-07	57.2
ERR3077541.sra.11798	DQ201336	85.542	1079	72	38	1854	2874	1	1053	0.0	1148
ERR3077541.sra.11863	AY613590	87.508	1601	85	70	94	1642	1	1538	0.0	1773
ERR3077541.sra.11899	NC_018706_214504_216058	82.051	78	7	3	1450	1520	11	88	7.62e-11	71.6
ERR3077541.sra.11924	NC_014922_427300_428848	86.876	1303	57	61	91	1324	1258	1	0.0	1407
ERR3077541.sra.12082	NC_021009_505857_508732	68.952	248	49	14	351	579	435	197	2.19e-08	62.6
ERR3077541.sra.12112	NC_016809_179310_180858	73.102	461	38	33	64	448	1096	1546	3.43e-50	201
ERR3077541.sra.12379	NC_021350_359864_361325	71.058	463	110	12	157	597	992	1452	1.71e-49	199
ERR3077541.sra.12386	NC_017451_357249_358787	83.376	1552	102	78	2719	4135	1531	1	0.0	1425
ERR3077541.sra.12420	NC_021040_348381_351031	78.030	132	21	4	428	553	2475	2604	1.97e-18	96.9
ERR3077541.sra.12447	AY613590	84.185	1252	72	63	933	2108	3	1204	0.0	1195
ERR3077541.sra.12564	NC_021009_505857_508732	68.526	251	56	13	2156	2384	186	435	3.77e-07	59.0
ERR3077541.sra.12565	NC_007146_193215_194753	85.962	1560	106	65	588	2058	1536	1	0.0	1635
ERR3077541.sra.12568	AF224299	85.742	1557	120	69	1370	2866	2	1516	0.0	1588
ERR3077541.sra.12598	NC_021350_359864_361325	72.961	466	98	14	1179	1621	1452	992	2.21e-60	235
ERR3077541.sra.12625	NC_007146_193215_194753	72.945	1545	206	100	169	1586	1463	4	0.0	643
ERR3077541.sra.12642	gi|32453825|ref|NC_004927.1|_Halovirus_HF1,_complete_genome	83.019	53	9	0	854	906	20800	20748	5.44e-06	55.4
ERR3077541.sra.12656	gi|441431943|ref|NC_020104.1|_Acanthamoeba_polyphaga_moumouvirus,_complete_genome	86.667	45	6	0	315	359	627846	627890	5.32e-06	55.4
ERR3077541.sra.12732	NC_021350_359864_361325	72.824	471	114	9	1578	2044	992	1452	4.83e-63	244
ERR3077541.sra.12793	NC_021040_348381_351031	83.158	95	11	4	2366	2459	2589	2499	3.06e-15	86.0
ERR3077541.sra.12794	NC_021020_589522_591540	78.824	85	10	3	265	343	222	140	2.40e-09	66.2
ERR3077541.sra.12903	NC_015215_16481_18017	84.700	1268	108	45	2926	4127	5	1252	0.0	1287
ERR3077541.sra.13078	NC_016809_179310_180858	85.185	378	20	20	2222	2580	1549	1189	1.25e-101	372
ERR3077541.sra.13081	NC_021350_359864_361325	71.158	475	99	24	3814	4269	1452	997	6.65e-39	165
ERR3077541.sra.13090	gi|506498026|ref|NC_021247.1|_Adoxophyes_honmai_enomopoxvirus_'L',_complete_genome	76.404	89	16	3	2772	2855	99948	99860	1.59e-06	57.2
ERR3077541.sra.13115	NC_009567_443072_444611	84.737	1579	93	71	509	1978	1540	1	0.0	1575
ERR3077541.sra.13148	NC_021040_348381_351031	80.000	80	11	2	103	178	2526	2604	5.90e-10	68.0
ERR3077541.sra.13170	NC_009567_443072_444611	88.322	1490	64	61	60	1471	83	1540	0.0	1727
ERR3077541.sra.13176	gi|119953744|ref|NC_008724.1|_Acanthocystis_turfacea_Chlorella_virus_1,_complete_genome	81.667	60	10	1	2504	2563	83994	84052	5.53e-06	55.4
ERR3077541.sra.13264	NC_016809_179310_180858	88.150	1173	55	46	1994	3116	1543	405	0.0	1357
ERR3077541.sra.13283	NC_021350_359864_361325	70.852	223	42	13	594	807	1244	1452	5.45e-11	71.6
ERR3077541.sra.13406	gi|32453825|ref|NC_004927.1|_Halovirus_HF1,_complete_genome	83.333	60	9	1	688	746	20800	20741	1.56e-07	60.8
ERR3077541.sra.13444	gi|314055095|ref|NC_014789.1|_Ostreococcus_tauri_virus_2,_complete_genome	83.051	59	9	1	162	219	3096	3038	5.87e-07	59.0
ERR3077541.sra.13556	AF016390	84.198	405	25	17	2315	2696	6	394	2.70e-110	401
ERR3077541.sra.13588	NC_021040_348381_351031	75.000	124	17	6	201	312	2478	2599	1.62e-10	69.8
ERR3077541.sra.13591	NC_021009_505857_508732	71.984	257	53	9	2042	2285	185	435	1.52e-24	116
ERR3077541.sra.13630	gi|370702946|ref|NC_004156.2|_Helicoverpa_zea_nudivirus_2,_complete_genome	75.926	108	18	6	401	504	175712	175609	4.01e-07	59.0
ERR3077541.sra.13630	gi|370702946|ref|NC_004156.2|_Helicoverpa_zea_nudivirus_2,_complete_genome	72.662	139	30	7	372	504	175685	175549	4.89e-06	55.4
ERR3077541.sra.13648	gi|506498274|ref|NC_021248.1|_Choristoneura_biennis_entomopoxvirus_'L',_complete_genome	67.580	219	44	10	555	760	93341	93545	3.84e-06	55.4
ERR3077541.sra.13650	NC_016809_179310_180858	86.387	573	37	24	47	588	987	1549	4.43e-173	610
ERR3077541.sra.13657	NC_021350_359864_361325	67.621	454	106	17	2135	2555	1452	1007	1.54e-24	116
ERR3077541.sra.13658	gi|441431943|ref|NC_020104.1|_Acanthamoeba_polyphaga_moumouvirus,_complete_genome	78.873	71	15	0	2391	2461	779831	779901	1.12e-07	60.8
ERR3077541.sra.13658	gi|441431943|ref|NC_020104.1|_Acanthamoeba_polyphaga_moumouvirus,_complete_genome	84.000	50	8	0	2385	2434	779861	779910	4.74e-06	55.4
ERR3077541.sra.13711	gi|310830989|ref|NC_014637.1|_Cafeteria_roenbergensis_virus_BV-PW1,_complete_genome	75.000	112	24	4	3930	4039	451328	451437	4.65e-08	62.6
ERR3077541.sra.13731	NC_021350_359864_361325	74.286	245	44	10	2389	2617	1452	1211	7.24e-29	131
ERR3077541.sra.13807	gi|118496614|ref|NC_008603.1|_Paramecium_bursaria_Chlorella_virus_FR483,_complete_genome	84.483	58	7	1	2798	2855	142510	142565	3.62e-08	62.6
ERR3077541.sra.13810	AF016390	87.805	246	16	8	84	319	242	1	1.82e-75	286
ERR3077541.sra.13872	AY613590	87.474	1421	71	59	954	2297	1533	143	0.0	1591
ERR3077541.sra.13880	AY613590	86.979	1559	68	72	2962	4409	1535	1	0.0	1694
ERR3077541.sra.13899	NC_021350_359864_361325	73.019	467	101	18	736	1186	986	1443	2.33e-54	215
ERR3077541.sra.13906	gi|370702946|ref|NC_004156.2|_Helicoverpa_zea_nudivirus_2,_complete_genome	69.271	192	40	8	136	316	175650	175467	1.22e-08	62.6
ERR3077541.sra.13916	gi|363539767|ref|NC_016072.1|_Megavirus_chiliensis,_complete_genome	81.356	59	11	0	1423	1481	720930	720872	1.39e-06	57.2
ERR3077541.sra.13950	AY613590	84.200	1557	110	67	184	1628	1533	1	0.0	1519
ERR3077541.sra.14027	NC_009567_443072_444611	86.504	1267	77	45	106	1287	283	1540	0.0	1397
ERR3077541.sra.14040	AY613590	89.084	1484	57	66	1341	2750	1	1453	0.0	1743
ERR3077541.sra.14067	NC_021040_348381_351031	74.809	131	27	6	52	180	2478	2604	3.84e-09	66.2
ERR3077541.sra.14076	NC_021350_359864_361325	70.711	239	48	13	1556	1781	1332	1103	1.22e-12	77.0
ERR3077541.sra.14094	NC_021009_505857_508732	74.390	164	28	7	2243	2396	186	345	8.59e-16	87.8
ERR3077541.sra.14100	AY613590	87.828	1561	77	62	1328	2798	1538	1	0.0	1781
ERR3077541.sra.14315	NC_018706_214504_216058	75.281	89	14	2	1551	1634	88	3	7.32e-08	60.8
ERR3077541.sra.14322	NC_016809_179310_180858	87.500	552	21	20	59	569	978	1522	0.0	637
ERR3077541.sra.14360	gi|340025671|ref|NC_000852.5|_Paramecium_bursaria_Chlorella_virus_1,_complete_genome	86.275	51	7	0	839	889	165717	165767	6.37e-08	60.8
ERR3077541.sra.14360	gi|340025671|ref|NC_000852.5|_Paramecium_bursaria_Chlorella_virus_1,_complete_genome	84.314	51	8	0	839	889	165338	165388	7.77e-07	57.2
ERR3077541.sra.14360	gi|340025671|ref|NC_000852.5|_Paramecium_bursaria_Chlorella_virus_1,_complete_genome	84.314	51	8	0	839	889	165511	165561	7.77e-07	57.2
ERR3077541.sra.14369	AY613590	89.809	1570	55	63	1021	2517	1	1538	0.0	1921
ERR3077541.sra.14580	AY613590	86.468	1574	87	75	612	2099	1	1534	0.0	1654
ERR3077541.sra.14586	NC_021350_359864_361325	70.905	464	105	17	2766	3206	996	1452	2.06e-43	179
ERR3077541.sra.14598	gi|314055095|ref|NC_014789.1|_Ostreococcus_tauri_virus_2,_complete_genome	67.782	239	70	6	1985	2219	3038	3273	9.48e-09	64.4
ERR3077541.sra.14641	gi|339905986|ref|NC_015780.1|_Wiseana_iridescent_virus,_complete_genome	90.698	43	3	1	1622	1664	186777	186818	1.03e-06	57.2
ERR3077541.sra.14648	gi|363539767|ref|NC_016072.1|_Megavirus_chiliensis,_complete_genome	72.308	130	24	6	2458	2579	361710	361835	1.40e-06	57.2
ERR3077541.sra.14662	NC_016809_179310_180858	82.353	187	15	10	46	222	180	2	2.34e-37	159
ERR3077541.sra.14696	NC_007146_193215_194753	85.573	811	55	30	1923	2689	4	796	0.0	856
ERR3077541.sra.14699	NC_017451_357249_358787	85.070	1574	102	75	897	2372	1539	1	0.0	1561
ERR3077541.sra.14718	AY613590	78.481	790	78	48	71	800	758	1	9.03e-148	526
ERR3077541.sra.14762	NC_016809_179310_180858	87.929	845	51	27	61	860	839	1	0.0	989
ERR3077541.sra.14802	AY613590	81.229	1465	130	77	2342	3716	3	1412	0.0	1186
ERR3077541.sra.14806	gi|340025671|ref|NC_000852.5|_Paramecium_bursaria_Chlorella_virus_1,_complete_genome	85.714	56	7	1	2210	2264	165561	165506	3.03e-08	62.6
ERR3077541.sra.14806	gi|340025671|ref|NC_000852.5|_Paramecium_bursaria_Chlorella_virus_1,_complete_genome	86.275	51	7	0	2210	2260	165388	165338	1.06e-07	60.8
ERR3077541.sra.14806	gi|340025671|ref|NC_000852.5|_Paramecium_bursaria_Chlorella_virus_1,_complete_genome	83.929	56	8	1	2210	2264	165767	165712	1.29e-06	57.2
ERR3077541.sra.14843	NC_018706_214504_216058	84.000	100	14	2	2350	2449	2	99	3.58e-20	102
ERR3077541.sra.14893	NC_016809_179310_180858	82.805	1576	123	78	557	2013	1	1547	0.0	1402
ERR3077541.sra.14968	NC_016809_179310_180858	86.660	997	37	43	1177	2106	1549	582	0.0	1092
ERR3077541.sra.14976	NC_021350_359864_361325	73.706	483	91	21	194	662	1452	992	7.75e-61	237
ERR3077541.sra.15059	gi|146261990|ref|NC_001826.2|_Murid_herpesvirus_4,_complete_genome	82.143	56	7	1	2344	2396	64745	64800	6.96e-06	55.4
ERR3077541.sra.15100	gi|32453825|ref|NC_004927.1|_Halovirus_HF1,_complete_genome	83.333	54	9	0	321	374	20800	20747	9.74e-07	57.2
ERR3077541.sra.15111	NC_021009_505857_508732	68.750	256	57	9	1104	1342	186	435	2.56e-14	82.4
ERR3077541.sra.15193	NC_016809_179310_180858	83.221	149	8	8	72	212	140	1	1.31e-30	136
ERR3077541.sra.15306	gi|314055095|ref|NC_014789.1|_Ostreococcus_tauri_virus_2,_complete_genome	79.688	64	10	1	2304	2364	3101	3038	7.34e-06	55.4
ERR3077541.sra.15326	NC_021350_359864_361325	69.397	464	112	20	1367	1815	1004	1452	5.63e-30	134
ERR3077541.sra.15407	NC_021350_359864_361325	71.495	214	47	8	59	265	1205	999	1.10e-15	87.8
ERR3077541.sra.15459	NC_021350_359864_361325	69.742	466	108	21	1712	2154	997	1452	1.76e-31	140
ERR3077541.sra.15470	NC_009567_443072_444611	86.386	1403	78	53	64	1373	155	1537	0.0	1532
ERR3077541.sra.15545	NC_021350_359864_361325	71.991	457	97	16	813	1243	991	1442	1.05e-50	203
ERR3077541.sra.15582	NC_016809_179310_180858	76.873	921	95	49	108	954	1545	669	1.13e-166	587
ERR3077541.sra.15587	AY879305	74.187	1569	199	106	1703	3139	21	1515	0.0	711
ERR3077541.sra.15605	NC_021040_348381_351031	80.734	109	12	6	3287	3388	2604	2498	1.26e-14	84.2
ERR3077541.sra.15607	NC_018706_214504_216058	78.571	98	15	3	1580	1671	100	3	3.77e-12	75.2
ERR3077541.sra.15622	X87976	84.615	1235	78	52	2329	3476	1442	233	0.0	1238
ERR3077541.sra.15642	NC_015964_438409_439961	87.342	158	5	9	2522	2669	1545	1393	2.87e-40	168
ERR3077541.sra.15718	NC_021040_348381_351031	83.962	106	13	4	2363	2467	2604	2502	1.36e-19	100
ERR3077541.sra.15749	NC_018706_214504_216058	91.489	47	2	1	1326	1370	42	88	1.07e-08	64.4
ERR3077541.sra.15768	AY613590	81.120	1446	109	68	1389	2695	1489	69	0.0	1218
ERR3077541.sra.15826	NC_006449_17815_19369	82.397	267	20	8	2261	2504	1	263	2.62e-67	259
ERR3077541.sra.15831	NC_013203_1457029_1458528	87.868	272	16	11	64	323	267	1	3.56e-82	307
ERR3077541.sra.15834	NC_021040_348381_351031	78.000	100	19	3	555	653	2492	2589	6.66e-11	71.6
ERR3077541.sra.15838	NC_018706_214504_216058	81.609	87	11	4	1275	1357	88	3	1.11e-10	71.6
ERR3077541.sra.15853	NC_016809_179310_180858	85.652	230	18	9	1834	2053	1543	1319	1.49e-61	239
ERR3077541.sra.15907	NC_009567_443072_444611	79.206	1587	150	88	1395	2854	7	1540	0.0	1141
ERR3077541.sra.15920	AF224299	83.915	1548	134	66	820	2285	1516	2	0.0	1476
ERR3077541.sra.15955	NC_018706_214504_216058	81.609	87	10	3	779	862	3	86	1.17e-12	77.0
ERR3077541.sra.16008	NC_017451_357249_358787	88.945	1574	76	56	685	2197	1537	1	0.0	1891
ERR3077541.sra.16037	gi|506498610|ref|NC_021249.1|_Choristoneura_rosaceana_entomopoxvirus_'L',_complete_genome	74.468	94	20	2	477	570	104485	104396	9.06e-07	57.2
ERR3077541.sra.16046	NC_009566_376402_377942	76.943	1544	176	95	791	2235	4	1466	0.0	913
ERR3077541.sra.16086	NC_021350_359864_361325	72.967	492	109	17	398	881	1452	977	1.26e-59	233
ERR3077541.sra.16088	gi|314055095|ref|NC_014789.1|_Ostreococcus_tauri_virus_2,_complete_genome	69.048	210	55	7	1271	1474	3243	3038	1.22e-08	64.4
ERR3077541.sra.16089	NC_016809_179310_180858	86.822	129	8	5	4023	4143	1	128	6.10e-32	141
ERR3077541.sra.16128	gi|441431943|ref|NC_020104.1|_Acanthamoeba_polyphaga_moumouvirus,_complete_genome	78.261	69	13	1	1070	1138	779846	779912	4.41e-06	55.4
ERR3077541.sra.16151	NC_009567_443072_444611	82.027	1569	106	88	1099	2526	7	1540	0.0	1321
ERR3077541.sra.16157	gi|370702946|ref|NC_004156.2|_Helicoverpa_zea_nudivirus_2,_complete_genome	73.684	171	34	6	1102	1263	175782	175614	3.58e-16	89.7
ERR3077541.sra.16157	gi|370702946|ref|NC_004156.2|_Helicoverpa_zea_nudivirus_2,_complete_genome	70.238	168	39	5	1102	1263	175656	175494	4.08e-09	66.2
ERR3077541.sra.16157	gi|370702946|ref|NC_004156.2|_Helicoverpa_zea_nudivirus_2,_complete_genome	70.621	177	34	8	1078	1242	175720	175550	4.08e-09	66.2
ERR3077541.sra.16157	gi|370702946|ref|NC_004156.2|_Helicoverpa_zea_nudivirus_2,_complete_genome	70.732	164	32	7	1104	1263	175705	175554	4.97e-08	62.6
ERR3077541.sra.16157	gi|370702946|ref|NC_004156.2|_Helicoverpa_zea_nudivirus_2,_complete_genome	68.132	182	44	5	1071	1241	175669	175491	2.11e-06	57.2
ERR3077541.sra.16179	gi|448824968|ref|NC_020232.1|_Megavirus_lba_isolate_LBA111,_complete_genome	67.616	281	77	10	420	695	518757	519028	7.46e-09	64.4
ERR3077541.sra.16185	NC_021350_359864_361325	71.429	462	106	13	1411	1856	992	1443	1.54e-50	203
ERR3077541.sra.16201	NC_016809_179310_180858	90.372	457	22	14	4106	4550	1549	1103	6.74e-165	583
ERR3077541.sra.16211	AY613590	87.401	881	45	32	68	901	677	1538	0.0	1003
ERR3077541.sra.16217	gi|448824968|ref|NC_020232.1|_Megavirus_lba_isolate_LBA111,_complete_genome	92.105	38	3	0	1737	1774	1095361	1095324	5.53e-06	55.4
ERR3077541.sra.16230	NC_021350_359864_361325	70.478	481	117	13	752	1212	977	1452	2.40e-47	192
ERR3077541.sra.16254	gi|370702946|ref|NC_004156.2|_Helicoverpa_zea_nudivirus_2,_complete_genome	92.105	38	3	0	886	923	25447	25484	4.49e-06	55.4
ERR3077541.sra.16258	AF224299	86.675	1531	107	54	1002	2451	1516	2	0.0	1685
ERR3077541.sra.16282	NC_009566_376402_377942	81.788	1197	81	61	86	1179	379	1541	0.0	1025
ERR3077541.sra.16285	gi|310830989|ref|NC_014637.1|_Cafeteria_roenbergensis_virus_BV-PW1,_complete_genome	69.620	158	37	5	358	506	451988	452143	1.04e-06	57.2
ERR3077541.sra.16373	gi|314055095|ref|NC_014789.1|_Ostreococcus_tauri_virus_2,_complete_genome	81.356	59	11	0	1466	1524	3096	3038	1.06e-06	57.2
ERR3077541.sra.16501	NC_021350_359864_361325	70.217	460	109	16	2083	2518	997	1452	3.91e-39	165
ERR3077541.sra.16568	gi|472342562|ref|NC_020864.1|_Micromonas_pusilla_virus_12T_genomic_sequence	85.714	56	4	3	942	993	166766	166821	3.81e-06	55.4
ERR3077541.sra.16638	NC_007146_193215_194753	88.177	702	31	26	3129	3789	1	691	0.0	821
ERR3077541.sra.16710	NC_009567_443072_444611	88.768	1015	51	37	4007	4986	4	990	0.0	1207
ERR3077541.sra.16718	NC_021350_359864_361325	71.296	432	92	17	67	473	1028	1452	2.02e-41	172
ERR3077541.sra.16955	gi|527333514|ref|NC_021901.1|_Invertebrate_iridovirus_22_complete_genome	75.581	86	18	2	839	922	188184	188268	6.74e-06	55.4
ERR3077541.sra.16991	NC_000907_127172_128720	85.542	498	31	29	3173	3635	1	492	4.72e-134	480
ERR3077541.sra.17005	NC_009567_443072_444611	77.763	1529	143	97	74	1457	54	1530	0.0	966
ERR3077541.sra.17079	NC_021040_348381_351031	81.915	94	16	1	2018	2110	2604	2511	2.32e-16	89.7
ERR3077541.sra.17137	gi|313767999|ref|NC_014765.1|_Bathycoccus_sp._RCC1105_virus_BpV1,_complete_genome	71.271	181	42	7	867	1041	11561	11385	2.64e-10	69.8
ERR3077541.sra.17165	AY879305	82.955	792	68	29	73	800	815	27	0.0	749
ERR3077541.sra.17223	gi|508181800|ref|NC_021312.1|_Phaeocystis_globosa_virus_strain_16T,_complete_genome	80.000	70	12	2	1616	1685	409267	409334	1.74e-06	57.2
ERR3077541.sra.17225	NC_009567_443072_444611	80.361	998	59	48	44	920	982	1	0.0	823
ERR3077541.sra.17239	AY879305	87.006	1062	76	37	55	1081	467	1501	0.0	1182
ERR3077541.sra.17257	gi|20087041|ref|NC_003542.1|_Cowpea_chlorotic_mottle_virus_RNA_3,_complete_sequence	83.333	54	0	1	1553	1606	1331	1287	1.48e-07	60.8
ERR3077541.sra.17277	NC_007146_193215_194753	82.623	915	54	49	36	872	893	6	0.0	807
ERR3077541.sra.17303	gi|441431943|ref|NC_020104.1|_Acanthamoeba_polyphaga_moumouvirus,_complete_genome	74.016	127	29	4	1219	1343	474740	474864	2.76e-09	66.2
ERR3077541.sra.17349	NC_009567_443072_444611	87.260	1405	72	58	58	1412	1357	10	0.0	1563
ERR3077541.sra.17382	gi|363539767|ref|NC_016072.1|_Megavirus_chiliensis,_complete_genome	75.221	113	27	1	2925	3036	550424	550536	5.60e-12	75.2
ERR3077541.sra.17428	NC_021350_359864_361325	77.459	244	45	6	629	868	1177	1414	5.11e-42	174
ERR3077541.sra.17444	gi|363539767|ref|NC_016072.1|_Megavirus_chiliensis,_complete_genome	72.662	139	25	7	341	472	550535	550403	1.65e-07	60.8
ERR3077541.sra.17454	NC_016809_179310_180858	85.754	358	23	14	1460	1796	13	363	2.07e-103	378
ERR3077541.sra.17480	gi|441431943|ref|NC_020104.1|_Acanthamoeba_polyphaga_moumouvirus,_complete_genome	77.778	99	18	3	1234	1328	474755	474853	3.47e-10	69.8
ERR3077541.sra.17500	gi|441431943|ref|NC_020104.1|_Acanthamoeba_polyphaga_moumouvirus,_complete_genome	75.691	181	33	8	916	1089	474689	474865	4.20e-20	102
ERR3077541.sra.17500	gi|441431943|ref|NC_020104.1|_Acanthamoeba_polyphaga_moumouvirus,_complete_genome	72.662	139	32	4	968	1104	290949	290815	8.66e-10	68.0
ERR3077541.sra.17620	AY613590	85.841	1575	110	64	875	2373	1	1538	0.0	1649
ERR3077541.sra.17631	gi|313768203|ref|NC_014767.1|_Micromonas_sp._RCC1109_virus_MpV1,_complete_genome	71.631	141	37	3	1104	1242	11728	11867	1.27e-08	64.4
ERR3077541.sra.17643	NC_020450_475434_475549	77.778	90	15	4	1258	1345	106	20	5.15e-07	59.0
ERR3077541.sra.17711	NC_021350_359864_361325	69.663	356	76	16	2061	2391	1344	996	2.12e-23	113
ERR3077541.sra.17757	NC_016809_179310_180858	85.905	1575	80	66	974	2432	1549	1	0.0	1671
ERR3077541.sra.17814	NC_016809_179310_180858	81.379	290	23	15	3745	4018	1541	1267	8.29e-62	241
ERR3077541.sra.17888	NC_016809_179310_180858	88.331	857	53	29	56	883	840	2	0.0	1007
ERR3077541.sra.17937	AY613590	83.390	1463	103	67	63	1405	1443	1	0.0	1368
ERR3077541.sra.17978	NC_000907_127172_128720	78.049	123	5	9	101	211	1437	1549	1.21e-13	80.6
ERR3077541.sra.18040	NC_018706_214504_216058	83.333	66	8	2	2793	2858	65	3	1.11e-08	64.4
ERR3077541.sra.18043	NC_021350_359864_361325	71.429	154	37	4	2632	2783	1449	1301	7.68e-10	68.0
ERR3077541.sra.18054	gi|32453825|ref|NC_004927.1|_Halovirus_HF1,_complete_genome	84.483	58	7	2	1326	1381	20800	20743	2.16e-06	57.2
ERR3077541.sra.18063	gi|472342562|ref|NC_020864.1|_Micromonas_pusilla_virus_12T_genomic_sequence	71.918	146	36	3	581	724	166678	166820	2.46e-10	69.8
ERR3077541.sra.18093	gi|472342562|ref|NC_020864.1|_Micromonas_pusilla_virus_12T_genomic_sequence	70.548	146	38	4	284	425	166678	166822	1.72e-06	57.2
ERR3077541.sra.18102	gi|363539767|ref|NC_016072.1|_Megavirus_chiliensis,_complete_genome	78.082	73	7	3	2782	2854	86540	86477	7.00e-06	55.4
ERR3077541.sra.18120	AY613590	78.250	1600	144	94	1242	2699	1	1538	0.0	1077
ERR3077541.sra.18131	NC_021175_16001_17556	85.458	502	29	23	54	519	1060	1553	7.40e-144	513
ERR3077541.sra.18140	NC_021350_359864_361325	65.886	299	87	6	2904	3190	1149	1444	3.71e-09	66.2
ERR3077541.sra.18173	NC_021350_359864_361325	70.245	326	82	10	842	1158	1452	1133	1.99e-25	120
ERR3077541.sra.18176	AY613590	88.141	877	44	31	4373	5210	1538	683	0.0	1027
ERR3077541.sra.18211	NC_016809_179310_180858	83.636	495	21	19	81	518	1058	1549	2.89e-139	497
ERR3077541.sra.18248	NC_016809_179310_180858	84.672	411	16	23	91	461	1138	1541	8.59e-109	396
ERR3077541.sra.18261	AY613590	86.969	1343	80	54	84	1379	244	1538	0.0	1476
ERR3077541.sra.18272	gi|422933554|ref|NC_019491.1|_Cyprinid_herpesvirus_1_strain_NG-J1,_complete_genome	87.037	54	5	2	1203	1256	128471	128420	3.41e-07	59.0
ERR3077541.sra.18299	AY613590	85.578	1047	72	46	1614	2628	1	1000	0.0	1072
ERR3077541.sra.18385	gi|118496614|ref|NC_008603.1|_Paramecium_bursaria_Chlorella_virus_FR483,_complete_genome	80.723	83	16	0	1148	1230	19834	19752	3.52e-13	78.8
ERR3077541.sra.18435	NC_021350_359864_361325	68.672	399	90	17	2228	2607	995	1377	6.68e-23	111
ERR3077541.sra.18448	NC_016809_179310_180858	84.273	337	20	16	55	363	332	1	5.26e-88	327
ERR3077541.sra.18466	NC_018706_214504_216058	81.250	80	10	2	2212	2286	20	99	1.72e-11	73.4
ERR3077541.sra.18478	gi|543145307|ref|NC_022332.1|_Eel_picornavirus_1_strain_F15_05,_complete_genome	88.525	61	1	1	4030	4090	7483	7537	1.85e-13	80.6
ERR3077541.sra.18523	NC_016809_179310_180858	81.454	399	39	19	80	465	384	8	8.65e-90	333
ERR3077541.sra.18531	NC_016809_179310_180858	91.922	619	15	20	1838	2430	1549	940	0.0	832
ERR3077541.sra.18634	NC_016809_179310_180858	92.549	255	12	5	70	317	1293	1547	2.46e-97	358
ERR3077541.sra.18644	NC_017451_357249_358787	86.220	1045	59	48	83	1080	524	1530	0.0	1095
ERR3077541.sra.18645	NC_021040_348381_351031	78.322	143	27	4	404	545	2451	2590	8.53e-21	104
ERR3077541.sra.18653	AY005033	84.808	1560	132	59	153	1639	5	1532	0.0	1575
ERR3077541.sra.18696	AY613590	89.514	1583	51	65	721	2233	1	1538	0.0	1918
ERR3077541.sra.18706	NC_000907_127172_128720	92.168	549	18	19	2965	3493	1	544	0.0	733
ERR3077541.sra.18719	NC_018706_214504_216058	82.278	79	9	3	191	266	12	88	5.39e-11	71.6
ERR3077541.sra.18763	AY613590	88.121	1549	78	53	125	1589	1527	1	0.0	1820
ERR3077541.sra.18945	gi|441431943|ref|NC_020104.1|_Acanthamoeba_polyphaga_moumouvirus,_complete_genome	76.250	80	8	3	2161	2240	779845	779913	4.34e-06	55.4
ERR3077541.sra.18984	AY613590	88.648	1568	56	64	899	2380	1535	4	0.0	1847
ERR3077541.sra.19021	NC_000907_127172_128720	82.428	313	20	13	2137	2430	1549	1253	1.11e-76	289
ERR3077541.sra.19044	NC_021040_348381_351031	75.781	128	22	4	530	649	2478	2604	3.82e-14	82.4
ERR3077541.sra.19115	gi|332290587|ref|NC_015467.1|_Groundnut_ringspot_and_Tomato_chlorotic_spot_virus_reassortant_segment_S,_complete_genome	79.452	73	12	1	1	73	1816	1885	2.35e-08	62.6
ERR3077541.sra.19179	gi|363539767|ref|NC_016072.1|_Megavirus_chiliensis,_complete_genome	79.710	69	12	2	1070	1138	356492	356426	3.98e-06	55.4
ERR3077541.sra.19243	NC_021350_359864_361325	72.577	485	111	14	1188	1658	986	1462	2.40e-59	232
ERR3077541.sra.19248	NC_016809_179310_180858	71.778	1552	193	97	1618	2954	1539	18	1.43e-172	609
ERR3077541.sra.19287	NC_009567_443072_444611	84.994	1566	104	65	1455	2915	1	1540	0.0	1590
ERR3077541.sra.19348	NC_002663_341427_342975	82.707	133	9	4	3346	3466	1	131	9.33e-29	131
ERR3077541.sra.19349	AY613590	87.725	1556	85	57	197	1665	1537	1	0.0	1784
ERR3077541.sra.19371	gi|310830989|ref|NC_014637.1|_Cafeteria_roenbergensis_virus_BV-PW1,_complete_genome	77.778	72	16	0	2188	2259	81550	81479	3.44e-07	59.0
ERR3077541.sra.19380	NC_000907_127172_128720	94.536	183	3	5	65	240	1367	1549	7.18e-71	269
ERR3077541.sra.19401	AF224299	82.824	1537	143	70	1329	2766	1516	2	0.0	1375
ERR3077541.sra.19418	NC_016809_179310_180858	87.380	729	41	29	2148	2836	1549	832	0.0	816
ERR3077541.sra.19443	gi|310830989|ref|NC_014637.1|_Cafeteria_roenbergensis_virus_BV-PW1,_complete_genome	76.000	75	18	0	498	572	81479	81553	4.35e-06	55.4
ERR3077541.sra.19552	gi|363539767|ref|NC_016072.1|_Megavirus_chiliensis,_complete_genome	78.448	116	20	3	1299	1410	550535	550421	1.17e-15	87.8
ERR3077541.sra.19652	gi|441431943|ref|NC_020104.1|_Acanthamoeba_polyphaga_moumouvirus,_complete_genome	78.947	76	16	0	124	199	779839	779914	2.74e-09	66.2
ERR3077541.sra.19652	gi|441431943|ref|NC_020104.1|_Acanthamoeba_polyphaga_moumouvirus,_complete_genome	82.759	58	10	0	111	168	779844	779901	1.16e-07	60.8
ERR3077541.sra.19746	NC_000907_127172_128720	87.500	240	12	9	66	291	1314	1549	1.29e-71	273
ERR3077541.sra.19756	gi|363539767|ref|NC_016072.1|_Megavirus_chiliensis,_complete_genome	77.119	118	24	2	351	466	550403	550519	4.74e-15	86.0
ERR3077541.sra.19806	NC_000907_127172_128720	94.444	72	0	3	136	204	1479	1549	7.50e-20	102
ERR3077541.sra.19853	gi|363539767|ref|NC_016072.1|_Megavirus_chiliensis,_complete_genome	77.419	124	26	2	4169	4291	550403	550525	1.02e-16	91.5
ERR3077541.sra.19907	NC_016809_179310_180858	78.977	1584	153	91	173	1611	1	1549	0.0	1108
ERR3077541.sra.19936	NC_021040_348381_351031	77.070	157	29	5	136	288	2451	2604	3.35e-21	105
ERR3077541.sra.19957	AY613590	85.572	1206	72	55	2138	3274	1525	353	0.0	1234
ERR3077541.sra.19961	AY613590	79.611	1594	153	86	1490	2973	4	1535	0.0	1177
ERR3077541.sra.19987	gi|441431943|ref|NC_020104.1|_Acanthamoeba_polyphaga_moumouvirus,_complete_genome	76.774	155	31	4	1197	1347	474842	474689	1.21e-20	104
ERR3077541.sra.20039	AF224299	85.988	1563	121	57	231	1743	2	1516	0.0	1663
ERR3077541.sra.20040	gi|30844336|ref|NC_003663.2|_Cowpox_virus,_complete_genome	73.737	99	24	2	2787	2884	155768	155865	6.75e-06	55.4
ERR3077541.sra.20043	NC_016809_179310_180858	88.673	618	32	21	146	734	941	1549	0.0	738
ERR3077541.sra.20044	NC_021040_348381_351031	74.815	135	24	4	957	1086	2451	2580	2.82e-14	82.4
ERR3077541.sra.20094	M58839	88.543	899	47	37	2611	3479	2	874	0.0	1041
ERR3077541.sra.20111	AY613590	81.503	1584	134	87	1262	2732	1	1538	0.0	1287
ERR3077541.sra.20143	AY613590	85.321	872	48	44	1621	2438	1538	693	0.0	870
ERR3077541.sra.20236	NC_016809_179310_180858	88.160	777	44	31	2442	3190	1541	785	0.0	890
ERR3077541.sra.20242	AY613590	88.810	1555	74	56	1332	2806	1535	1	0.0	1858
ERR3077541.sra.20252	gi|441431943|ref|NC_020104.1|_Acanthamoeba_polyphaga_moumouvirus,_complete_genome	74.251	167	32	4	989	1150	474689	474849	1.82e-19	100
ERR3077541.sra.20252	gi|441431943|ref|NC_020104.1|_Acanthamoeba_polyphaga_moumouvirus,_complete_genome	71.779	163	41	3	990	1150	291002	290843	5.96e-13	78.8
ERR3077541.sra.20261	NC_016809_179310_180858	76.285	759	66	45	1143	1824	1545	824	2.74e-127	457
ERR3077541.sra.20335	NC_014922_427300_428848	72.441	1143	159	69	140	1145	1	1124	7.48e-132	471
ERR3077541.sra.20359	gi|310830989|ref|NC_014637.1|_Cafeteria_roenbergensis_virus_BV-PW1,_complete_genome	80.556	72	11	3	1860	1930	303036	302967	1.03e-06	57.2
ERR3077541.sra.20462	NC_021350_359864_361325	69.715	492	106	20	651	1124	986	1452	3.83e-39	165
ERR3077541.sra.20498	gi|370702946|ref|NC_004156.2|_Helicoverpa_zea_nudivirus_2,_complete_genome	92.105	38	3	0	195	232	25447	25484	6.19e-06	55.4
ERR3077541.sra.20543	NC_009567_443072_444611	88.325	1516	87	56	1593	3050	1532	49	0.0	1764
ERR3077541.sra.20642	NC_000907_127172_128720	87.435	573	29	23	60	599	571	9	0.0	645
ERR3077541.sra.20688	AY613590	79.286	1569	131	100	22	1477	51	1538	0.0	1088
ERR3077541.sra.20722	NC_009567_443072_444611	87.717	1555	73	64	779	2235	6	1540	0.0	1761
ERR3077541.sra.20809	NC_009567_443072_444611	83.402	964	65	49	1664	2573	2	924	0.0	883
ERR3077541.sra.20845	NC_021040_348381_351031	75.155	161	23	8	810	960	2451	2604	2.18e-16	89.7
ERR3077541.sra.20847	AY613590	84.975	1198	77	44	120	1249	376	1538	0.0	1243
ERR3077541.sra.20885	gi|370702946|ref|NC_004156.2|_Helicoverpa_zea_nudivirus_2,_complete_genome	71.369	241	43	13	1972	2204	175782	175560	2.56e-16	89.7
ERR3077541.sra.20885	gi|370702946|ref|NC_004156.2|_Helicoverpa_zea_nudivirus_2,_complete_genome	71.348	178	33	7	1972	2134	175656	175482	1.62e-12	77.0
ERR3077541.sra.20885	gi|370702946|ref|NC_004156.2|_Helicoverpa_zea_nudivirus_2,_complete_genome	70.297	202	43	9	1965	2162	175744	175556	2.40e-10	69.8
ERR3077541.sra.20885	gi|370702946|ref|NC_004156.2|_Helicoverpa_zea_nudivirus_2,_complete_genome	71.329	143	27	7	1972	2110	175554	175422	5.28e-06	55.4
ERR3077541.sra.20900	NC_016809_179310_180858	84.764	571	50	24	71	613	987	1548	5.23e-159	563
ERR3077541.sra.20959	NC_021350_359864_361325	72.393	326	74	8	1795	2107	1130	1452	4.70e-38	161
ERR3077541.sra.20971	NC_016809_179310_180858	88.636	616	24	21	2454	3038	1541	941	0.0	742
ERR3077541.sra.21004	NC_016809_179310_180858	87.514	889	48	40	60	918	865	10	0.0	980
ERR3077541.sra.21008	gi|422933554|ref|NC_019491.1|_Cyprinid_herpesvirus_1_strain_NG-J1,_complete_genome	83.636	55	6	1	410	464	128471	128420	1.72e-06	57.2
ERR3077541.sra.21026	NC_009567_443072_444611	79.001	1581	131	100	3405	4825	1	1540	0.0	1085
ERR3077541.sra.21036	AY613590	87.340	1564	74	63	1766	3234	1535	1	0.0	1755
ERR3077541.sra.21046	NC_021350_359864_361325	67.464	418	84	17	532	907	1045	1452	6.52e-23	111
ERR3077541.sra.21182	NC_022124_39613_41129	80.519	1581	148	80	507	1993	1	1515	0.0	1247
ERR3077541.sra.21238	NC_016809_179310_180858	88.263	213	16	6	4147	4352	1	211	1.41e-65	253
ERR3077541.sra.21279	AY005033	81.577	1471	121	70	93	1444	1440	1	0.0	1251
ERR3077541.sra.21294	NC_018706_214504_216058	76.289	97	16	2	304	393	99	3	2.19e-10	69.8
ERR3077541.sra.21316	gi|441431943|ref|NC_020104.1|_Acanthamoeba_polyphaga_moumouvirus,_complete_genome	75.472	106	20	5	83	184	474761	474864	9.29e-07	57.2
ERR3077541.sra.21334	NC_007146_193215_194753	80.088	452	38	24	87	496	446	5	1.40e-94	349
ERR3077541.sra.21412	NC_021350_359864_361325	72.115	208	48	7	1485	1686	1249	1452	5.58e-17	91.5
ERR3077541.sra.21477	gi|310830989|ref|NC_014637.1|_Cafeteria_roenbergensis_virus_BV-PW1,_complete_genome	84.906	53	4	2	244	296	320113	320065	6.36e-06	55.4
ERR3077541.sra.21480	AY613590	89.474	1558	41	60	1044	2498	1538	1	0.0	1911
ERR3077541.sra.21483	CP000725	86.245	1534	98	54	1186	2630	1510	1	0.0	1674
ERR3077541.sra.21537	gi|441431943|ref|NC_020104.1|_Acanthamoeba_polyphaga_moumouvirus,_complete_genome	86.667	45	6	0	1999	2043	779901	779857	4.62e-06	55.4
ERR3077541.sra.21562	gi|310830989|ref|NC_014637.1|_Cafeteria_roenbergensis_virus_BV-PW1,_complete_genome	69.799	149	35	5	74	217	35215	35072	9.55e-06	53.6
ERR3077541.sra.21678	gi|441431943|ref|NC_020104.1|_Acanthamoeba_polyphaga_moumouvirus,_complete_genome	75.904	166	36	4	1617	1779	474853	474689	2.32e-21	105
ERR3077541.sra.21678	gi|441431943|ref|NC_020104.1|_Acanthamoeba_polyphaga_moumouvirus,_complete_genome	74.809	131	31	2	1607	1736	290828	290957	9.24e-14	80.6
ERR3077541.sra.21682	AY613590	86.772	1580	87	63	781	2294	1	1524	0.0	1734
ERR3077541.sra.21704	NC_021040_348381_351031	76.724	116	19	6	52	163	2478	2589	1.05e-09	68.0
ERR3077541.sra.21727	NC_009567_443072_444611	88.454	1559	70	59	624	2096	6	1540	0.0	1833
ERR3077541.sra.21734	NC_021350_359864_361325	68.841	276	66	12	95	356	1246	977	7.38e-12	75.2
ERR3077541.sra.21744	GQ018918	79.430	316	34	17	2663	2956	1	307	3.86e-58	228
ERR3077541.sra.21758	NC_018706_214504_216058	81.395	86	13	2	2022	2104	3	88	1.63e-12	77.0
ERR3077541.sra.21794	gi|441431943|ref|NC_020104.1|_Acanthamoeba_polyphaga_moumouvirus,_complete_genome	78.070	114	23	2	1506	1619	474728	474839	3.01e-15	86.0
ERR3077541.sra.21795	NC_017451_357249_358787	80.093	1291	106	64	84	1260	1257	4	0.0	1018
ERR3077541.sra.21824	gi|508181800|ref|NC_021312.1|_Phaeocystis_globosa_virus_strain_16T,_complete_genome	77.941	68	15	0	2164	2231	357040	356973	4.45e-06	55.4
ERR3077541.sra.21827	AF224299	83.333	1542	152	62	836	2299	1516	2	0.0	1438
ERR3077541.sra.21893	NC_016809_179310_180858	85.957	235	15	9	1730	1958	1541	1319	2.25e-65	251
ERR3077541.sra.21964	AY613590	79.334	1592	148	88	2132	3599	1535	1	0.0	1155
ERR3077541.sra.21975	NC_020450_475434_475549	80.000	85	12	3	1259	1340	19	101	6.99e-10	68.0
ERR3077541.sra.22023	AF224299	79.848	1578	157	90	1140	2619	2	1516	0.0	1151
ERR3077541.sra.22056	NC_014920_160651_162199	90.672	1458	52	50	1567	2955	1	1443	0.0	1867
ERR3077541.sra.22116	NC_021350_359864_361325	74.034	466	100	14	1901	2355	1452	997	5.46e-65	251
ERR3077541.sra.22126	NC_021009_505857_508732	79.279	111	19	4	2391	2498	186	295	4.21e-14	82.4
ERR3077541.sra.22149	NC_021350_359864_361325	71.518	481	107	18	2131	2595	1452	986	2.61e-48	196
ERR3077541.sra.22150	AY613590	82.735	1587	135	72	509	2011	3	1534	0.0	1427
ERR3077541.sra.22288	gi|33622203|ref|NC_005068.1|_Cryptophlebia_leucotreta_granulovirus,_complete_genome	87.879	66	6	1	3755	3818	22055	22120	1.72e-13	80.6
ERR3077541.sra.22288	gi|33622203|ref|NC_005068.1|_Cryptophlebia_leucotreta_granulovirus,_complete_genome	86.154	65	9	0	3755	3819	22059	22123	2.09e-12	77.0
ERR3077541.sra.22288	gi|33622203|ref|NC_005068.1|_Cryptophlebia_leucotreta_granulovirus,_complete_genome	87.500	56	7	0	3755	3810	22096	22151	3.10e-10	69.8
ERR3077541.sra.22288	gi|33622203|ref|NC_005068.1|_Cryptophlebia_leucotreta_granulovirus,_complete_genome	79.365	63	13	0	3755	3817	21870	21932	6.84e-06	55.4
ERR3077541.sra.22288	gi|33622203|ref|NC_005068.1|_Cryptophlebia_leucotreta_granulovirus,_complete_genome	83.019	53	9	0	3755	3807	22120	22172	6.84e-06	55.4
ERR3077541.sra.22341	gi|310830989|ref|NC_014637.1|_Cafeteria_roenbergensis_virus_BV-PW1,_complete_genome	72.581	124	28	3	1164	1282	451327	451449	4.00e-08	62.6
ERR3077541.sra.22407	NC_021040_348381_351031	76.190	105	15	6	2457	2555	2598	2498	3.70e-07	59.0
ERR3077541.sra.22425	NC_018706_214504_216058	79.000	100	17	2	1132	1229	100	3	1.30e-13	80.6
ERR3077541.sra.22478	gi|363539767|ref|NC_016072.1|_Megavirus_chiliensis,_complete_genome	75.214	117	27	2	2626	2740	550403	550519	2.58e-11	73.4
ERR3077541.sra.22480	NC_016809_179310_180858	86.301	1022	34	43	65	994	527	1534	0.0	1113
ERR3077541.sra.22482	NC_021009_505857_508732	71.605	243	52	12	1871	2101	186	423	2.28e-16	89.7
ERR3077541.sra.22487	AF016390	81.702	235	21	16	3839	4057	3	231	8.38e-43	178
ERR3077541.sra.22518	NC_016809_179310_180858	76.243	362	37	24	38	363	366	18	5.49e-50	201
ERR3077541.sra.22520	NC_021350_359864_361325	68.880	482	114	24	1756	2216	986	1452	4.10e-25	118
ERR3077541.sra.22535	NC_007146_193215_194753	79.459	185	24	9	59	231	1345	1527	8.53e-30	134
ERR3077541.sra.22549	AY613590	86.889	1556	83	66	586	2044	1532	1	0.0	1698
ERR3077541.sra.22626	gi|314055095|ref|NC_014789.1|_Ostreococcus_tauri_virus_2,_complete_genome	68.500	200	54	5	3723	3913	3237	3038	4.99e-08	62.6
ERR3077541.sra.22637	NC_021009_505857_508732	74.214	159	32	6	2387	2543	186	337	1.08e-14	84.2
ERR3077541.sra.22728	NC_021350_359864_361325	72.907	454	101	14	428	863	1446	997	1.22e-55	221
ERR3077541.sra.22779	AY613590	77.405	1580	169	105	2437	3891	18	1534	0.0	937
ERR3077541.sra.22811	gi|508181800|ref|NC_021312.1|_Phaeocystis_globosa_virus_strain_16T,_complete_genome	75.248	101	20	3	3113	3210	448911	449009	1.44e-07	60.8
ERR3077541.sra.22828	gi|310830989|ref|NC_014637.1|_Cafeteria_roenbergensis_virus_BV-PW1,_complete_genome	78.571	70	15	0	179	248	124675	124606	3.62e-07	59.0
ERR3077541.sra.22832	gi|441431943|ref|NC_020104.1|_Acanthamoeba_polyphaga_moumouvirus,_complete_genome	86.957	46	6	0	2239	2284	421866	421821	2.15e-06	57.2
