ERR3077542.sra.57	NC_021350_359864_361325	69.915	472	94	26	396	832	1450	992	8.40e-31	138
ERR3077542.sra.109	NC_021350_359864_361325	70.085	468	100	17	1475	1918	1448	997	2.54e-41	172
ERR3077542.sra.139	gi|506497718|ref|NC_021246.1|_Mythimna_separata_entomopoxvirus_'L',_complete_genome	89.583	48	2	2	1682	1727	92024	91978	5.37e-07	59.0
ERR3077542.sra.204	NC_000907_127172_128720	79.102	579	50	29	2166	2685	1533	967	1.61e-119	432
ERR3077542.sra.215	gi|310830989|ref|NC_014637.1|_Cafeteria_roenbergensis_virus_BV-PW1,_complete_genome	73.438	128	23	6	1813	1931	451325	451450	1.36e-07	60.8
ERR3077542.sra.221	NC_009567_443072_444611	76.750	1557	127	108	2160	3501	4	1540	0.0	901
ERR3077542.sra.225	gi|441431943|ref|NC_020104.1|_Acanthamoeba_polyphaga_moumouvirus,_complete_genome	73.485	132	27	3	538	668	474728	474852	2.84e-12	75.2
ERR3077542.sra.267	gi|340025671|ref|NC_000852.5|_Paramecium_bursaria_Chlorella_virus_1,_complete_genome	86.275	51	6	1	669	718	165717	165767	2.43e-06	57.2
ERR3077542.sra.288	NC_021350_359864_361325	70.833	360	75	14	138	468	1350	992	1.28e-31	140
ERR3077542.sra.293	NC_016809_179310_180858	76.263	198	20	9	300	470	1207	1404	3.88e-28	129
ERR3077542.sra.293	NC_016809_179310_180858	88.889	54	2	4	121	172	959	1010	2.01e-06	57.2
ERR3077542.sra.309	NC_016809_179310_180858	84.044	727	62	30	60	745	833	1546	0.0	702
ERR3077542.sra.319	AY613590	83.251	1421	113	60	2815	4135	1538	143	0.0	1332
ERR3077542.sra.410	NC_016809_179310_180858	76.659	844	88	43	711	1451	1549	712	2.22e-151	538
ERR3077542.sra.410	NC_016809_179310_180858	73.252	572	49	38	1515	1985	570	2	7.27e-69	264
ERR3077542.sra.419	NC_000907_127172_128720	73.218	519	57	33	61	501	515	1	4.12e-60	235
ERR3077542.sra.463	gi|57659582|ref|NC_006656.1|_Cotesia_congregata_virus_complete_genome,_segment_Circle26	94.286	35	2	0	1098	1132	4026	4060	2.90e-06	55.4
ERR3077542.sra.472	NC_016809_179310_180858	73.441	1491	145	100	784	2045	1511	43	0.0	679
ERR3077542.sra.558	NC_016809_179310_180858	89.691	97	2	5	3155	3245	1541	1447	6.72e-24	114
ERR3077542.sra.576	NC_021040_348381_351031	77.670	103	15	5	2359	2454	2599	2498	9.27e-10	68.0
ERR3077542.sra.595	gi|345107188|ref|NC_015960.1|_Yoka_poxvirus,_complete_genome	90.000	40	4	0	3211	3250	39374	39413	6.00e-06	55.4
ERR3077542.sra.633	NC_014920_160651_162199	78.195	986	64	67	2175	3017	25	1002	0.0	643
ERR3077542.sra.638	NC_009567_443072_444611	78.060	1577	161	93	1337	2769	1539	4	0.0	1032
ERR3077542.sra.654	NC_021040_348381_351031	76.471	153	31	5	2627	2776	2598	2448	2.02e-18	96.9
ERR3077542.sra.761	NC_000907_127172_128720	75.730	1541	118	96	370	1667	18	1545	0.0	892
ERR3077542.sra.899	NC_021350_359864_361325	73.611	144	30	5	210	345	1129	1272	2.34e-11	73.4
ERR3077542.sra.939	gi|441431943|ref|NC_020104.1|_Acanthamoeba_polyphaga_moumouvirus,_complete_genome	83.051	59	6	2	1790	1846	332918	332974	1.27e-06	57.2
ERR3077542.sra.968	NC_009567_443072_444611	71.808	1206	122	82	12	1003	333	1534	6.27e-131	470
ERR3077542.sra.974	NC_016809_179310_180858	79.470	302	20	20	4652	4945	1	268	1.42e-53	214
ERR3077542.sra.987	NC_007146_193215_194753	77.750	809	75	46	2532	3263	9	789	2.17e-150	535
ERR3077542.sra.1047	NC_021009_505857_508732	79.570	93	14	3	650	742	273	186	1.80e-11	73.4
ERR3077542.sra.1109	AF224299	84.309	1555	118	70	102	1570	2	1516	0.0	1503
ERR3077542.sra.1111	NC_016809_179310_180858	78.431	204	17	14	2148	2326	65	266	6.26e-29	131
ERR3077542.sra.1147	NC_000907_127172_128720	88.309	556	23	23	85	609	545	1	0.0	645
ERR3077542.sra.1156	gi|508181800|ref|NC_021312.1|_Phaeocystis_globosa_virus_strain_16T,_complete_genome	74.747	99	23	1	1302	1398	448911	449009	1.27e-08	64.4
ERR3077542.sra.1239	NC_009566_376402_377942	73.707	1411	152	95	694	1903	145	1537	0.0	641
ERR3077542.sra.1242	NC_016809_179310_180858	72.364	275	41	19	82	326	1256	1525	1.66e-19	100
ERR3077542.sra.1246	AY613590	78.780	1574	141	95	700	2118	1536	1	0.0	1079
ERR3077542.sra.1306	gi|441431943|ref|NC_020104.1|_Acanthamoeba_polyphaga_moumouvirus,_complete_genome	73.874	111	25	4	2235	2342	321801	321910	6.59e-06	55.4
ERR3077542.sra.1326	NC_021009_505857_508732	80.208	96	18	1	2853	2947	196	291	1.26e-14	84.2
ERR3077542.sra.1340	gi|584593359|ref|NC_023442.1|_Buzura_suppressaria_nucleopolyhedrovirus_isolate_Hubei,_complete_genome	84.615	52	7	1	4550	4601	91711	91661	8.43e-06	55.4
ERR3077542.sra.1390	gi|134303398|ref|NC_009240.1|_Gryllus_bimaculatus_nudivirus,_complete_genome	86.275	51	4	2	3089	3138	12556	12604	7.12e-06	55.4
ERR3077542.sra.1509	gi|9631294|ref|NC_001993.1|_Melanoplus_sanguinipes_entomopoxvirus,_complete_genome	83.019	53	5	1	2479	2527	140708	140656	6.15e-06	55.4
ERR3077542.sra.1535	AY995768	84.764	1398	89	64	2424	3712	1494	112	0.0	1388
ERR3077542.sra.1586	gi|441431943|ref|NC_020104.1|_Acanthamoeba_polyphaga_moumouvirus,_complete_genome	76.613	124	20	7	954	1070	474849	474728	2.32e-10	69.8
ERR3077542.sra.1631	NC_016809_179310_180858	87.349	1573	86	59	764	2254	1549	8	0.0	1775
ERR3077542.sra.1681	gi|377829940|ref|NC_016924.1|_Cotia_virus_SPAn232,_complete_genome	76.136	88	16	3	541	628	134679	134597	5.13e-06	55.4
ERR3077542.sra.1765	NC_016809_179310_180858	89.474	57	3	2	99	152	57	1	1.71e-10	69.8
ERR3077542.sra.1883	NC_018706_214504_216058	87.500	56	7	0	2971	3026	100	45	3.26e-10	69.8
ERR3077542.sra.1910	AY613590	85.934	1564	87	69	1523	2992	1525	1	0.0	1638
ERR3077542.sra.1972	gi|570033518|ref|NC_023162.1|_Carp_picornavirus_1_isolate_F37_06,_complete_genome	92.593	81	0	1	3822	3902	7697	7623	2.32e-25	120
ERR3077542.sra.1996	AY613590	78.364	1553	111	96	1436	2783	1533	1	0.0	1056
ERR3077542.sra.2094	NC_016809_179310_180858	74.762	630	61	39	31	567	925	1549	1.02e-89	333
ERR3077542.sra.2130	NC_009567_443072_444611	81.854	1014	74	60	3950	4908	1534	576	0.0	829
ERR3077542.sra.2141	NC_016809_179310_180858	74.137	1303	128	78	89	1216	1320	52	0.0	668
ERR3077542.sra.2272	NC_016809_179310_180858	82.366	879	64	49	843	1654	1549	695	0.0	747
ERR3077542.sra.2276	NC_007146_193215_194753	77.916	643	61	37	2237	2802	128	766	7.05e-118	426
ERR3077542.sra.2291	AY613590	74.933	1488	122	94	399	1643	1538	59	0.0	805
ERR3077542.sra.2392	NC_021350_359864_361325	68.409	421	92	21	2066	2449	1413	997	4.97e-20	102
ERR3077542.sra.2455	NC_018706_214504_216058	83.158	95	16	0	2584	2678	6	100	1.23e-19	100
ERR3077542.sra.2463	gi|482677387|ref|NC_021148.1|_Dill_cryptic_virus_2_isolate_IPP_hortorum_segment_RNA_2,_complete_sequence	85.714	49	3	1	857	905	2295	2339	1.80e-06	57.2
ERR3077542.sra.2473	AY613590	82.741	1547	83	73	357	1735	1531	1	0.0	1424
ERR3077542.sra.2492	AY613590	80.372	1559	140	79	314	1741	1533	10	0.0	1225
ERR3077542.sra.2497	NC_018706_214504_216058	81.928	83	12	2	1580	1659	6	88	1.83e-12	77.0
ERR3077542.sra.2516	gi|9627742|ref|NC_001623.1|_Autographa_californica_nucleopolyhedrovirus,_complete_genome	80.952	63	8	1	2665	2727	78585	78643	4.45e-07	59.0
ERR3077542.sra.2538	NC_007146_193215_194753	87.250	1553	75	64	2681	4131	1539	8	0.0	1730
ERR3077542.sra.2617	NC_016809_179310_180858	72.966	1143	109	72	130	1079	414	1549	2.02e-147	524
ERR3077542.sra.2649	NC_016809_179310_180858	65.945	508	65	33	172	572	894	1400	3.05e-15	86.0
ERR3077542.sra.2691	gi|508181800|ref|NC_021312.1|_Phaeocystis_globosa_virus_strain_16T,_complete_genome	79.710	69	8	2	2292	2360	146002	146064	3.32e-07	59.0
ERR3077542.sra.2706	AY613590	78.654	1560	141	100	1156	2551	3	1534	0.0	1034
ERR3077542.sra.2721	AY613590	86.701	1564	82	60	272	1738	1	1535	0.0	1727
ERR3077542.sra.2775	NC_018690_284015_285558	89.333	75	5	2	69	141	74	1	2.35e-17	93.3
ERR3077542.sra.2818	NC_021350_359864_361325	73.973	146	21	9	1993	2124	1284	1142	6.20e-10	68.0
ERR3077542.sra.2844	NC_015964_438409_439961	75.221	1473	135	102	2279	3543	1544	94	0.0	758
ERR3077542.sra.2877	NC_016809_179310_180858	81.169	308	16	15	4228	4497	1539	1236	8.14e-69	264
ERR3077542.sra.2884	NC_021350_359864_361325	70.387	439	101	17	743	1157	1413	980	2.57e-36	156
ERR3077542.sra.2891	NC_000907_127172_128720	75.610	492	30	27	59	465	1061	1547	1.48e-81	306
ERR3077542.sra.2914	NC_009567_443072_444611	83.929	784	57	39	2939	3658	1	779	0.0	733
ERR3077542.sra.2934	AY613590	85.016	1555	103	72	1189	2632	1538	3	0.0	1546
ERR3077542.sra.2962	NC_009566_376402_377942	77.146	862	87	49	86	842	857	1	1.08e-153	545
ERR3077542.sra.2991	NC_016809_179310_180858	85.913	646	41	30	3568	4189	1549	930	0.0	664
ERR3077542.sra.3019	NC_018706_214504_216058	80.769	78	13	2	2816	2892	79	3	4.59e-09	66.2
ERR3077542.sra.3029	NC_021350_359864_361325	72.000	475	108	15	1345	1805	986	1449	3.16e-53	212
ERR3077542.sra.3039	gi|441431943|ref|NC_020104.1|_Acanthamoeba_polyphaga_moumouvirus,_complete_genome	73.469	98	24	2	74	170	474824	474728	6.11e-06	53.6
ERR3077542.sra.3055	NC_021040_348381_351031	76.190	147	22	7	108	248	2451	2590	1.31e-15	87.8
ERR3077542.sra.3103	NC_018706_214504_216058	78.049	82	13	3	1708	1785	6	86	7.27e-07	59.0
ERR3077542.sra.3147	NC_018706_214504_216058	77.778	108	19	4	2619	2723	10	115	1.87e-11	73.4
ERR3077542.sra.3155	AY613590	87.274	1438	73	63	72	1431	124	1529	0.0	1584
ERR3077542.sra.3169	AY613590	88.337	1569	73	67	1373	2862	1538	1	0.0	1802
ERR3077542.sra.3222	gi|119964534|ref|NC_008725.1|_Maruca_vitrata_MNPV,_complete_genome	90.698	43	3	1	3872	3914	56788	56829	2.02e-06	57.2
ERR3077542.sra.3235	NC_021350_359864_361325	73.885	314	63	10	2410	2710	1452	1145	2.95e-40	168
ERR3077542.sra.3257	NC_021350_359864_361325	71.341	492	92	31	1899	2360	1452	980	3.06e-36	156
ERR3077542.sra.3352	AY613590	78.974	975	76	54	1785	2648	1537	581	0.0	708
ERR3077542.sra.3383	NC_007146_193215_194753	83.111	1575	107	82	2382	3833	1539	1	0.0	1415
ERR3077542.sra.3414	gi|47177087|ref|NC_005875.1|_Cucurbita_yellow_vein_virus-associated_DNA_beta,_complete_genome	82.456	57	9	1	2203	2259	329	274	6.70e-06	55.4
ERR3077542.sra.3431	gi|21426909|ref|NC_004006.1|_Broad_bean_mottle_virus_RNA_3,_complete_sequence	98.529	68	1	0	2701	2768	1453	1386	6.40e-25	118
ERR3077542.sra.3488	gi|441431943|ref|NC_020104.1|_Acanthamoeba_polyphaga_moumouvirus,_complete_genome	75.591	127	24	4	1318	1439	474728	474852	3.92e-13	78.8
ERR3077542.sra.3514	NC_009567_443072_444611	83.153	1567	111	77	1036	2478	3	1540	0.0	1427
ERR3077542.sra.3530	AF224299	82.922	1376	127	54	71	1369	172	1516	0.0	1276
ERR3077542.sra.3537	gi|363539767|ref|NC_016072.1|_Megavirus_chiliensis,_complete_genome	74.468	94	21	2	539	629	550521	550428	4.90e-06	55.4
ERR3077542.sra.3541	AY005033	85.023	1302	101	48	106	1345	263	1532	0.0	1339
ERR3077542.sra.3549	AY613590	83.312	1570	115	87	2323	3782	1533	1	0.0	1391
ERR3077542.sra.3595	NC_000907_127172_128720	82.564	195	11	8	56	229	1357	1549	1.69e-44	183
ERR3077542.sra.3620	AY281082	82.327	1126	91	55	2281	3335	3	1091	0.0	984
ERR3077542.sra.3670	NC_021350_359864_361325	71.507	365	72	19	3128	3466	986	1344	2.68e-29	132
ERR3077542.sra.3717	gi|113195177|ref|NC_008291.1|_Taterapox_virus,_complete_genome	75.641	156	28	8	2630	2781	184835	184984	1.26e-14	84.2
ERR3077542.sra.3717	gi|113195177|ref|NC_008291.1|_Taterapox_virus,_complete_genome	73.793	145	27	6	2557	2695	184820	184959	2.28e-11	73.4
ERR3077542.sra.3717	gi|113195177|ref|NC_008291.1|_Taterapox_virus,_complete_genome	73.510	151	24	8	2636	2784	184821	184957	7.94e-11	71.6
ERR3077542.sra.3717	gi|113195177|ref|NC_008291.1|_Taterapox_virus,_complete_genome	71.978	182	35	11	991	1169	184820	184988	1.18e-08	64.4
ERR3077542.sra.3717	gi|113195177|ref|NC_008291.1|_Taterapox_virus,_complete_genome	72.388	134	17	8	2558	2691	184876	184989	1.75e-06	57.2
ERR3077542.sra.3784	NC_021350_359864_361325	70.402	473	111	16	2283	2735	1449	986	2.86e-42	176
ERR3077542.sra.3792	NC_016809_179310_180858	87.842	329	15	12	65	371	326	1	4.40e-104	381
ERR3077542.sra.3854	NC_009567_443072_444611	82.236	1565	113	77	1060	2487	1539	3	0.0	1371
ERR3077542.sra.3887	NC_016809_179310_180858	82.060	563	32	27	894	1393	1537	981	1.89e-140	500
ERR3077542.sra.3894	NC_021350_359864_361325	81.429	70	13	0	2970	3039	1017	1086	8.21e-10	68.0
ERR3077542.sra.3930	NC_018706_214504_216058	80.435	92	12	4	2584	2671	100	11	2.07e-11	73.4
ERR3077542.sra.3942	NC_016809_179310_180858	79.335	1534	128	91	1577	2944	1549	39	0.0	1097
ERR3077542.sra.3944	NC_021040_348381_351031	84.043	94	11	3	213	305	2493	2583	2.08e-17	93.3
ERR3077542.sra.3964	AY613590	78.424	1548	123	90	1817	3169	1	1532	0.0	1070
ERR3077542.sra.3965	gi|119953744|ref|NC_008724.1|_Acanthocystis_turfacea_Chlorella_virus_1,_complete_genome	74.286	105	20	3	1710	1811	119384	119484	1.22e-07	60.8
ERR3077542.sra.3965	gi|119953744|ref|NC_008724.1|_Acanthocystis_turfacea_Chlorella_virus_1,_complete_genome	80.000	60	12	0	1710	1769	254562	254503	5.19e-06	55.4
ERR3077542.sra.3993	DQ087191	81.086	1528	126	79	387	1795	1	1484	0.0	1243
ERR3077542.sra.4137	NC_000907_127172_128720	71.742	1366	155	90	775	1927	1549	202	1.47e-147	526
ERR3077542.sra.4143	NC_021009_505857_508732	73.646	277	52	10	3876	4136	5	276	5.07e-33	145
ERR3077542.sra.4274	NC_007146_193215_194753	89.109	707	27	28	2240	2910	8	700	0.0	847
ERR3077542.sra.4309	NC_000907_127172_128720	79.101	756	71	40	2523	3197	800	1549	1.10e-154	549
ERR3077542.sra.4309	NC_000907_127172_128720	78.547	592	54	36	1929	2456	13	595	1.25e-109	399
ERR3077542.sra.4312	NC_012913_451286_452812	75.466	322	32	20	2629	2907	1490	1173	6.02e-43	178
ERR3077542.sra.4393	gi|9631294|ref|NC_001993.1|_Melanoplus_sanguinipes_entomopoxvirus,_complete_genome	84.127	63	6	3	2022	2081	48907	48968	4.13e-07	59.0
ERR3077542.sra.4437	NC_021040_348381_351031	77.622	143	23	6	2292	2427	2588	2448	6.19e-18	95.1
ERR3077542.sra.4480	AY613590	85.478	1570	94	71	545	2015	1535	1	0.0	1604
ERR3077542.sra.4514	gi|340025671|ref|NC_000852.5|_Paramecium_bursaria_Chlorella_virus_1,_complete_genome	83.333	54	6	1	1643	1696	165717	165767	6.25e-06	55.4
ERR3077542.sra.4527	NC_021350_359864_361325	69.870	385	92	15	2294	2665	995	1368	3.06e-27	125
ERR3077542.sra.4555	NC_021350_359864_361325	70.905	464	102	19	638	1074	1449	992	2.52e-41	172
ERR3077542.sra.4593	NC_007146_193215_194753	76.000	500	64	28	3202	3652	7	499	2.69e-75	286
ERR3077542.sra.4593	NC_007146_193215_194753	90.476	84	1	5	4299	4381	1462	1539	2.22e-19	100
ERR3077542.sra.4594	NC_021040_348381_351031	83.333	114	17	2	495	607	2492	2604	2.48e-23	113
ERR3077542.sra.4682	NC_021040_348381_351031	74.510	102	14	4	87	178	2498	2597	1.26e-07	60.8
ERR3077542.sra.4688	NC_007146_193215_194753	88.171	820	43	29	3024	3804	1539	735	0.0	960
ERR3077542.sra.4694	gi|313768203|ref|NC_014767.1|_Micromonas_sp._RCC1109_virus_MpV1,_complete_genome	72.973	111	28	2	1291	1399	138442	138332	6.00e-07	59.0
ERR3077542.sra.4848	NC_017451_357249_358787	83.252	1439	103	65	92	1429	138	1539	0.0	1341
ERR3077542.sra.4866	NC_021040_348381_351031	81.731	104	15	3	1868	1968	2598	2496	1.79e-17	93.3
ERR3077542.sra.4907	AY613590	86.229	1416	87	65	2858	4203	1	1378	0.0	1480
ERR3077542.sra.4991	AY613590	80.755	1377	108	81	2329	3583	1	1342	0.0	1065
ERR3077542.sra.5016	gi|441431943|ref|NC_020104.1|_Acanthamoeba_polyphaga_moumouvirus,_complete_genome	78.862	123	21	4	1907	2024	474849	474727	6.37e-17	91.5
ERR3077542.sra.5026	gi|21427641|ref|NC_004015.1|_Sorghum_chlorotic_spot_virus_RNA_2,_complete_sequence	85.455	55	8	0	3131	3185	3111	3057	1.32e-08	64.4
ERR3077542.sra.5106	NC_000907_127172_128720	96.386	83	0	2	67	146	1467	1549	1.03e-28	131
ERR3077542.sra.5108	AY613590	85.494	1558	88	61	1163	2605	1535	1	0.0	1640
ERR3077542.sra.5239	AY613590	80.732	1557	141	79	819	2237	1536	1	0.0	1243
ERR3077542.sra.5325	AF224299	82.600	1546	123	82	925	2355	1516	2	0.0	1337
ERR3077542.sra.5330	gi|9629210|ref|NC_001782.1|_Saccharomyces_cerevisiae_killer_virus_M1,_complete_genome	81.034	116	13	3	2939	3045	1118	1233	3.62e-21	105
ERR3077542.sra.5369	NC_009567_443072_444611	87.084	1564	72	62	839	2300	5	1540	0.0	1748
ERR3077542.sra.5378	NC_021350_359864_361325	75.000	220	40	9	933	1139	1235	1452	3.72e-26	122
ERR3077542.sra.5412	NC_021839_1492052_1493604	81.231	1284	118	53	60	1252	295	1546	0.0	1101
ERR3077542.sra.5419	gi|313843970|ref|NC_014766.1|_Ostreococcus_lucimarinus_virus_OlV1,_complete_genome	69.767	172	48	4	402	571	16168	15999	4.83e-08	62.6
ERR3077542.sra.5428	gi|441431943|ref|NC_020104.1|_Acanthamoeba_polyphaga_moumouvirus,_complete_genome	80.247	81	10	5	2135	2213	474773	474849	1.88e-06	57.2
ERR3077542.sra.5441	NC_021350_359864_361325	75.652	115	17	7	3077	3181	1219	1332	1.39e-07	60.8
ERR3077542.sra.5512	gi|146411809|ref|NC_009450.1|_Honeysuckle_yellow_vein_mosaic_beta-[Japan:Miyizaki:2001],_complete_genome	79.167	72	14	1	493	563	946	875	4.60e-07	59.0
ERR3077542.sra.5635	NC_016809_179310_180858	86.330	534	38	18	91	600	1024	1546	1.39e-165	585
ERR3077542.sra.5638	NC_021350_359864_361325	70.339	354	81	16	96	437	1327	986	8.31e-24	114
ERR3077542.sra.5666	gi|441431943|ref|NC_020104.1|_Acanthamoeba_polyphaga_moumouvirus,_complete_genome	73.810	126	27	3	2782	2905	474728	474849	9.28e-11	71.6
ERR3077542.sra.5678	gi|340025671|ref|NC_000852.5|_Paramecium_bursaria_Chlorella_virus_1,_complete_genome	87.500	48	5	1	2915	2961	165717	165764	2.28e-06	57.2
ERR3077542.sra.5685	NC_016809_179310_180858	76.656	1525	128	94	1077	2388	40	1549	0.0	928
ERR3077542.sra.5714	gi|310830989|ref|NC_014637.1|_Cafeteria_roenbergensis_virus_BV-PW1,_complete_genome	77.586	116	22	4	1755	1869	451325	451437	4.08e-13	78.8
ERR3077542.sra.5775	gi|163954976|ref|NC_010191.1|_Ostreococcus_virus_OsV5,_complete_genome	69.643	168	35	7	3037	3198	10113	9956	1.94e-06	57.2
ERR3077542.sra.5803	GQ087809	85.498	1386	87	61	2774	4087	1	1344	0.0	1422
ERR3077542.sra.5822	gi|441431943|ref|NC_020104.1|_Acanthamoeba_polyphaga_moumouvirus,_complete_genome	94.595	37	1	1	2095	2131	288197	288162	6.15e-06	55.4
ERR3077542.sra.5867	NC_021350_359864_361325	71.706	463	110	12	445	888	992	1452	1.17e-52	210
ERR3077542.sra.5891	NC_009567_443072_444611	86.915	1559	93	63	489	1963	9	1540	0.0	1709
ERR3077542.sra.5920	NC_021350_359864_361325	70.305	394	87	17	629	1010	1068	1443	8.47e-30	134
ERR3077542.sra.5934	AF224299	83.058	1511	142	58	1841	3253	5	1499	0.0	1413
ERR3077542.sra.6016	AY613590	83.201	1512	105	74	2662	4052	1538	55	0.0	1382
ERR3077542.sra.6033	NC_016809_179310_180858	74.429	438	56	31	1082	1466	119	553	2.26e-48	196
ERR3077542.sra.6033	NC_016809_179310_180858	81.013	79	10	2	2170	2243	1471	1549	6.50e-11	71.6
ERR3077542.sra.6102	NC_021009_505857_508732	77.778	81	10	4	412	486	270	192	4.07e-06	55.4
ERR3077542.sra.6169	gi|9964314|ref|NC_002520.1|_Amsacta_moorei_entomopoxvirus_'L',_complete_genome	81.818	55	10	0	3175	3229	112445	112391	7.08e-06	55.4
ERR3077542.sra.6405	NC_007146_193215_194753	74.595	1480	124	99	687	1943	1451	1	0.0	755
ERR3077542.sra.6443	NC_007146_193215_194753	71.637	1368	103	92	1547	2635	7	1368	5.35e-158	560
ERR3077542.sra.6460	NC_021350_359864_361325	71.493	221	40	12	2737	2935	1233	1452	3.84e-14	82.4
ERR3077542.sra.6466	NC_009567_443072_444611	76.793	1241	97	79	70	1124	300	1535	0.0	756
ERR3077542.sra.6537	gi|310830989|ref|NC_014637.1|_Cafeteria_roenbergensis_virus_BV-PW1,_complete_genome	76.860	121	22	5	820	938	451325	451441	6.11e-12	75.2
ERR3077542.sra.6596	AF224299	83.344	1549	145	61	2224	3693	2	1516	0.0	1458
ERR3077542.sra.6605	NC_015964_438409_439961	83.536	741	43	35	3286	3952	120	855	0.0	700
ERR3077542.sra.6624	gi|506497718|ref|NC_021246.1|_Mythimna_separata_entomopoxvirus_'L',_complete_genome	76.250	80	17	1	1314	1391	139453	139374	1.28e-06	57.2
ERR3077542.sra.6677	NC_016809_179310_180858	84.384	999	61	36	2548	3459	1	991	0.0	1021
ERR3077542.sra.6709	AF224299	83.573	1528	122	66	1091	2514	1516	14	0.0	1443
ERR3077542.sra.6717	NC_000907_127172_128720	74.308	506	54	36	60	495	1024	1523	9.23e-60	233
ERR3077542.sra.6741	NC_018706_214504_216058	78.889	90	14	2	3420	3509	87	3	2.56e-11	73.4
ERR3077542.sra.6777	NC_021350_359864_361325	69.652	201	50	6	4630	4822	977	1174	1.07e-10	71.6
ERR3077542.sra.6788	NC_016809_179310_180858	74.503	1510	141	97	152	1432	1545	51	0.0	771
ERR3077542.sra.6807	gi|659488383|ref|NC_024447.1|_Pigeonpox_virus_isolate_FeP2,_complete_genome	87.234	47	5	1	1488	1533	256028	255982	7.66e-06	55.4
ERR3077542.sra.6830	NC_017451_357249_358787	87.766	1553	81	59	619	2079	1536	1	0.0	1777
ERR3077542.sra.6852	gi|441431943|ref|NC_020104.1|_Acanthamoeba_polyphaga_moumouvirus,_complete_genome	83.117	77	10	2	445	518	474773	474849	7.57e-12	75.2
ERR3077542.sra.6852	gi|441431943|ref|NC_020104.1|_Acanthamoeba_polyphaga_moumouvirus,_complete_genome	72.115	104	26	1	442	542	290922	290819	7.09e-06	55.4
ERR3077542.sra.6936	AY613590	83.216	1138	81	58	92	1139	421	1538	0.0	1029
ERR3077542.sra.6957	NC_000907_127172_128720	78.249	354	27	23	101	417	1209	1549	6.72e-60	233
ERR3077542.sra.6969	NC_021350_359864_361325	73.485	264	46	13	2597	2841	1440	1182	1.28e-26	123
ERR3077542.sra.6971	NC_021350_359864_361325	68.734	403	94	18	1742	2126	1438	1050	6.53e-22	107
ERR3077542.sra.7005	NC_009566_376402_377942	74.501	1404	124	100	1490	2672	1541	151	0.0	679
ERR3077542.sra.7007	NC_007146_193215_194753	80.157	1270	103	75	59	1195	283	1536	0.0	951
ERR3077542.sra.7035	gi|308814349|ref|NC_014594.1|_Tomato_leaf_curl_Bangladesh_betasatellite,_complete_genome	81.356	59	11	0	173	231	765	823	1.72e-06	57.2
ERR3077542.sra.7102	gi|508181800|ref|NC_021312.1|_Phaeocystis_globosa_virus_strain_16T,_complete_genome	75.000	96	19	2	183	273	448914	449009	1.38e-07	60.8
ERR3077542.sra.7112	gi|441431943|ref|NC_020104.1|_Acanthamoeba_polyphaga_moumouvirus,_complete_genome	78.788	132	21	6	1578	1704	474872	474743	8.35e-17	91.5
ERR3077542.sra.7213	NC_021009_505857_508732	71.595	257	55	11	1848	2093	186	435	3.49e-20	102
ERR3077542.sra.7306	NC_011852_972929_974461	82.329	249	17	11	58	286	1288	1529	1.41e-57	226
ERR3077542.sra.7313	NC_016809_179310_180858	87.629	388	13	17	2704	3059	1546	1162	1.22e-121	439
ERR3077542.sra.7398	NC_021350_359864_361325	69.602	477	99	19	1014	1454	986	1452	1.33e-38	163
ERR3077542.sra.7423	NC_016809_179310_180858	87.365	277	15	15	140	399	277	4	8.84e-78	293
ERR3077542.sra.7483	GQ087809	77.557	1310	131	76	2002	3160	1359	62	0.0	841
ERR3077542.sra.7498	NC_016809_179310_180858	73.386	1518	160	102	2259	3562	1496	9	0.0	677
ERR3077542.sra.7503	NC_016809_179310_180858	78.689	366	32	24	65	391	1191	1549	2.65e-62	242
ERR3077542.sra.7508	NC_021350_359864_361325	65.914	487	103	26	505	953	1458	997	2.58e-10	69.8
ERR3077542.sra.7584	AY613590	84.532	1571	98	76	2800	4261	1538	4	0.0	1526
ERR3077542.sra.7614	NC_021350_359864_361325	71.226	212	47	7	66	266	1205	997	2.64e-16	89.7
ERR3077542.sra.7728	NC_021350_359864_361325	74.138	464	87	20	3748	4188	1450	997	3.93e-60	235
ERR3077542.sra.7754	AY613590	87.980	1564	64	67	929	2394	1538	1	0.0	1783
ERR3077542.sra.7806	NC_016809_179310_180858	75.132	1520	135	94	2132	3426	48	1549	0.0	832
ERR3077542.sra.7847	gi|310830989|ref|NC_014637.1|_Cafeteria_roenbergensis_virus_BV-PW1,_complete_genome	73.333	180	41	6	962	1137	451274	451450	1.10e-15	87.8
ERR3077542.sra.7850	gi|340025671|ref|NC_000852.5|_Paramecium_bursaria_Chlorella_virus_1,_complete_genome	86.275	51	7	0	4406	4456	165717	165767	1.99e-07	60.8
ERR3077542.sra.7850	gi|340025671|ref|NC_000852.5|_Paramecium_bursaria_Chlorella_virus_1,_complete_genome	84.314	51	8	0	4406	4456	165338	165388	2.42e-06	57.2
ERR3077542.sra.7850	gi|340025671|ref|NC_000852.5|_Paramecium_bursaria_Chlorella_virus_1,_complete_genome	84.314	51	8	0	4406	4456	165511	165561	2.42e-06	57.2
ERR3077542.sra.7858	AY613590	82.219	1226	80	64	73	1181	331	1535	0.0	1065
ERR3077542.sra.7878	AJ290755	81.350	933	83	48	4068	4919	1462	540	0.0	764
ERR3077542.sra.7923	gi|340025671|ref|NC_000852.5|_Paramecium_bursaria_Chlorella_virus_1,_complete_genome	84.000	50	8	0	1516	1565	165717	165766	6.86e-06	55.4
ERR3077542.sra.7984	NC_021350_359864_361325	69.792	480	97	24	3088	3532	983	1449	1.40e-33	147
ERR3077542.sra.8017	NC_009567_443072_444611	74.934	1524	168	91	1371	2695	1513	5	0.0	809
ERR3077542.sra.8046	gi|508181800|ref|NC_021312.1|_Phaeocystis_globosa_virus_strain_16T,_complete_genome	76.289	97	18	3	163	254	448913	449009	3.32e-08	62.6
ERR3077542.sra.8083	NC_016809_179310_180858	80.047	852	66	46	3793	4548	1	844	0.0	657
ERR3077542.sra.8085	AY613590	83.619	1575	117	68	2000	3470	1538	1	0.0	1498
ERR3077542.sra.8100	gi|18702122|ref|NC_003403.1|_Ageratum_yellow_vein_virus-associated_DNA_beta,_complete_genome	76.712	73	17	0	40	112	790	718	5.98e-06	55.4
ERR3077542.sra.8252	NC_014920_160651_162199	79.011	1072	83	70	2867	3813	11	1065	0.0	731
ERR3077542.sra.8277	NC_016809_179310_180858	74.901	757	88	56	2424	3085	750	1	2.26e-94	349
ERR3077542.sra.8445	gi|32453825|ref|NC_004927.1|_Halovirus_HF1,_complete_genome	82.759	58	8	1	1568	1623	20800	20743	1.53e-06	57.2
ERR3077542.sra.8574	NC_021009_505857_508732	70.866	254	55	9	3841	4079	186	435	6.21e-20	102
ERR3077542.sra.8576	NC_021350_359864_361325	74.269	171	33	6	788	955	1346	1184	2.47e-17	93.3
ERR3077542.sra.8628	NC_000907_127172_128720	72.593	1485	135	113	2825	4046	33	1508	7.96e-164	580
ERR3077542.sra.8640	gi|441431943|ref|NC_020104.1|_Acanthamoeba_polyphaga_moumouvirus,_complete_genome	73.050	141	29	7	3085	3224	474872	474740	1.72e-07	60.8
ERR3077542.sra.8652	NC_009566_376402_377942	73.664	1553	145	99	557	1861	1	1537	0.0	749
ERR3077542.sra.8693	NC_007146_193215_194753	72.176	841	85	53	3686	4380	2	839	4.68e-97	358
ERR3077542.sra.8696	NC_021350_359864_361325	75.124	201	31	11	2298	2484	1218	1413	3.49e-21	105
ERR3077542.sra.8730	AY613590	82.772	1573	127	79	1000	2463	1	1538	0.0	1389
ERR3077542.sra.8836	gi|506497718|ref|NC_021246.1|_Mythimna_separata_entomopoxvirus_'L',_complete_genome	78.378	74	9	3	170	237	7398	7326	6.15e-06	55.4
ERR3077542.sra.8859	NC_021350_359864_361325	65.706	347	68	17	2087	2382	995	1341	4.73e-07	59.0
ERR3077542.sra.8907	NC_021040_348381_351031	76.744	129	20	7	2723	2843	2604	2478	5.49e-12	75.2
ERR3077542.sra.8908	gi|506498610|ref|NC_021249.1|_Choristoneura_rosaceana_entomopoxvirus_'L',_complete_genome	76.238	101	18	5	1345	1443	117315	117219	7.03e-07	57.2
ERR3077542.sra.8931	X87976	81.810	1138	89	51	1183	2211	1141	13	0.0	996
ERR3077542.sra.8931	X87976	86.842	190	8	8	1013	1187	1442	1255	1.15e-52	210
ERR3077542.sra.8952	NC_016809_179310_180858	76.034	943	108	56	1647	2486	13	940	4.80e-151	536
ERR3077542.sra.8956	NC_018706_214504_216058	82.278	79	11	2	2368	2444	3	80	2.32e-11	73.4
ERR3077542.sra.8964	gi|313843970|ref|NC_014766.1|_Ostreococcus_lucimarinus_virus_OlV1,_complete_genome	71.345	171	39	6	756	917	15999	16168	3.49e-10	69.8
ERR3077542.sra.9059	NC_018706_214504_216058	80.282	71	10	3	2653	2721	74	6	6.56e-06	55.4
ERR3077542.sra.9125	NC_021350_359864_361325	77.193	114	20	4	2593	2703	1219	1329	1.70e-12	77.0
ERR3077542.sra.9212	NC_021040_348381_351031	77.419	93	17	2	56	145	2513	2604	9.31e-10	68.0
ERR3077542.sra.9270	AY613590	82.983	1569	138	81	1779	3258	1	1529	0.0	1377
ERR3077542.sra.9278	gi|370702946|ref|NC_004156.2|_Helicoverpa_zea_nudivirus_2,_complete_genome	68.584	226	50	10	444	654	175450	175669	4.82e-08	62.6
ERR3077542.sra.9310	NC_018706_214504_216058	77.419	124	20	4	2542	2659	6	127	8.11e-16	87.8
ERR3077542.sra.9330	NC_021350_359864_361325	72.917	240	43	13	2437	2669	1225	1449	4.03e-20	102
ERR3077542.sra.9355	gi|508181800|ref|NC_021312.1|_Phaeocystis_globosa_virus_strain_16T,_complete_genome	75.490	102	18	4	2817	2911	449009	448908	1.27e-07	60.8
ERR3077542.sra.9379	NC_021040_348381_351031	78.846	104	15	5	736	836	2500	2599	2.11e-11	73.4
ERR3077542.sra.9408	NC_009567_443072_444611	79.536	1251	110	67	46	1182	322	1540	0.0	931
ERR3077542.sra.9495	AF224299	83.254	1469	137	62	2440	3834	2	1435	0.0	1359
ERR3077542.sra.9690	gi|363539767|ref|NC_016072.1|_Megavirus_chiliensis,_complete_genome	80.303	66	10	2	85	148	990107	990171	3.93e-06	55.4
ERR3077542.sra.9803	gi|506497718|ref|NC_021246.1|_Mythimna_separata_entomopoxvirus_'L',_complete_genome	75.824	91	18	3	2585	2673	146842	146930	5.55e-06	55.4
ERR3077542.sra.9806	NC_016809_179310_180858	68.544	941	97	61	1884	2637	1	929	3.92e-70	268
ERR3077542.sra.9859	NC_021350_359864_361325	67.026	464	91	27	1859	2268	997	1452	5.89e-14	82.4
ERR3077542.sra.9876	gi|15011550|ref|NC_003027.1|_Lumpy_skin_disease_virus_NI-2490,_complete_genome	82.456	57	9	1	1797	1853	107408	107353	4.90e-06	55.4
ERR3077542.sra.9927	NC_021350_359864_361325	75.610	123	23	5	2861	2976	995	1117	6.59e-11	71.6
ERR3077542.sra.9934	gi|448824968|ref|NC_020232.1|_Megavirus_lba_isolate_LBA111,_complete_genome	71.901	121	15	6	381	494	1226568	1226460	5.15e-06	55.4
ERR3077542.sra.10013	NC_015460_612647_614171	79.343	213	17	12	4504	4690	1	212	3.17e-36	156
ERR3077542.sra.10056	gi|506497718|ref|NC_021246.1|_Mythimna_separata_entomopoxvirus_'L',_complete_genome	88.372	43	5	0	2332	2374	235629	235587	5.95e-06	55.4
ERR3077542.sra.10104	gi|226423333|ref|NC_012541.1|_Homalodisca_vitripennis_reovirus_segment_S7,_complete_genome	80.645	62	11	1	2301	2362	1640	1700	4.79e-06	55.4
ERR3077542.sra.10110	NC_021040_348381_351031	80.172	116	18	3	687	801	2492	2603	1.73e-18	96.9
ERR3077542.sra.10116	AF381170.1:54-1077	78.947	76	12	2	2476	2547	292	217	2.05e-07	60.8
ERR3077542.sra.10147	NC_021350_359864_361325	71.162	482	115	11	185	648	977	1452	3.39e-54	215
ERR3077542.sra.10175	NC_000907_127172_128720	83.929	168	13	6	2834	2992	1549	1387	1.12e-39	167
ERR3077542.sra.10203	NC_015735_8736_10280	78.054	442	57	23	67	480	430	1	1.26e-77	293
ERR3077542.sra.10226	NC_021350_359864_361325	69.978	463	102	15	2571	3006	1450	998	1.01e-41	174
ERR3077542.sra.10231	NC_018706_214504_216058	83.158	95	16	0	2034	2128	6	100	1.55e-19	100
ERR3077542.sra.10246	X87976	80.608	1217	83	69	1707	2792	1442	248	0.0	958
ERR3077542.sra.10265	NC_016809_179310_180858	88.146	1586	81	68	937	2452	1549	1	0.0	1802
ERR3077542.sra.10312	gi|9627742|ref|NC_001623.1|_Autographa_californica_nucleopolyhedrovirus,_complete_genome	87.234	47	3	1	803	849	78601	78644	1.10e-06	57.2
ERR3077542.sra.10317	AY613590	74.850	1336	158	78	83	1286	116	1405	0.0	704
ERR3077542.sra.10321	AY613590	87.966	1529	87	53	3187	4649	3	1500	0.0	1777
ERR3077542.sra.10347	AY278611	71.816	738	74	46	4321	4929	1495	763	8.34e-82	307
ERR3077542.sra.10394	gi|506497718|ref|NC_021246.1|_Mythimna_separata_entomopoxvirus_'L',_complete_genome	81.818	55	10	0	1955	2009	21908	21854	3.69e-06	55.4
ERR3077542.sra.10407	NC_018706_214504_216058	86.250	80	9	2	1886	1963	9	88	7.54e-16	87.8
ERR3077542.sra.10444	NC_018706_214504_216058	81.034	58	7	1	2544	2597	12	69	6.34e-06	55.4
ERR3077542.sra.10546	NC_009567_443072_444611	81.661	1565	126	78	479	1907	1	1540	0.0	1323
ERR3077542.sra.10569	AY613590	85.268	1249	71	52	83	1235	1232	1	0.0	1290
ERR3077542.sra.10612	NC_007146_193215_194753	87.638	453	22	17	1593	2019	3	447	1.05e-145	518
ERR3077542.sra.10656	NC_021009_505857_508732	79.452	73	12	2	3814	3885	190	260	5.65e-07	59.0
ERR3077542.sra.10702	NC_009566_376402_377942	73.728	1336	98	91	85	1173	1339	10	0.0	645
ERR3077542.sra.10816	NC_007146_193215_194753	72.618	997	96	74	911	1735	6	997	3.26e-108	394
ERR3077542.sra.10820	NC_007146_193215_194753	75.054	1379	129	93	632	1813	1361	1	0.0	711
ERR3077542.sra.10900	NC_000907_127172_128720	76.979	1516	149	85	2088	3443	71	1546	0.0	958
ERR3077542.sra.10914	NC_015964_438409_439961	91.575	724	21	21	2919	3614	1545	834	0.0	973
ERR3077542.sra.10916	AY005033	82.254	1065	77	52	1342	2305	6	1059	0.0	935
ERR3077542.sra.10916	AY005033	79.503	322	26	18	2369	2658	1211	1524	7.71e-62	241
ERR3077542.sra.10946	NC_000907_127172_128720	69.981	1539	228	111	2064	3394	37	1549	1.26e-110	403
ERR3077542.sra.11031	gi|363539767|ref|NC_016072.1|_Megavirus_chiliensis,_complete_genome	84.615	52	8	0	1279	1330	720927	720876	6.31e-07	59.0
ERR3077542.sra.11235	NC_000907_127172_128720	79.070	215	18	9	71	258	1335	1549	4.11e-40	168
ERR3077542.sra.11246	AY613590	88.276	1578	75	61	494	2001	1	1538	0.0	1837
ERR3077542.sra.11257	NC_016809_179310_180858	87.120	691	33	32	4092	4733	1549	866	0.0	751
ERR3077542.sra.11286	NC_021350_359864_361325	72.668	461	99	13	2084	2522	1447	992	1.22e-58	230
ERR3077542.sra.11296	gi|313768203|ref|NC_014767.1|_Micromonas_sp._RCC1109_virus_MpV1,_complete_genome	75.000	112	22	5	267	373	138332	138442	7.62e-07	59.0
ERR3077542.sra.11393	gi|9631294|ref|NC_001993.1|_Melanoplus_sanguinipes_entomopoxvirus,_complete_genome	77.922	77	15	2	2747	2823	175581	175507	7.15e-06	55.4
ERR3077542.sra.11458	NC_016809_179310_180858	88.129	278	15	12	52	316	273	1	3.82e-84	315
ERR3077542.sra.11478	gi|380034914|ref|NC_016960.1|_Southern_elephant_seal_virus,_complete_genome	88.636	44	1	1	2538	2581	11245	11206	1.53e-06	57.2
ERR3077542.sra.11527	NC_009566_376402_377942	74.913	574	52	37	103	587	54	624	2.35e-80	302
ERR3077542.sra.11527	NC_009566_376402_377942	73.929	537	49	35	831	1283	1003	1532	2.06e-68	262
ERR3077542.sra.11534	NC_000907_127172_128720	72.049	737	77	51	93	703	421	1154	5.11e-76	288
ERR3077542.sra.11534	NC_000907_127172_128720	75.843	178	17	12	861	1013	1365	1541	1.79e-18	96.9
ERR3077542.sra.11538	NC_021350_359864_361325	71.398	472	95	21	4567	5014	997	1452	7.31e-45	185
ERR3077542.sra.11622	X87976	77.599	1433	126	86	2517	3770	1	1417	0.0	926
ERR3077542.sra.11649	NC_009567_443072_444611	74.807	1552	160	91	70	1405	4	1540	0.0	834
ERR3077542.sra.11657	NC_016809_179310_180858	70.079	1387	162	94	2664	3813	1534	164	2.00e-120	435
ERR3077542.sra.11698	NC_016809_179310_180858	91.864	381	7	13	3660	4022	1539	1165	3.09e-143	511
ERR3077542.sra.11701	NC_021350_359864_361325	69.072	485	118	17	3010	3480	986	1452	1.36e-34	150
ERR3077542.sra.11702	CP000725	77.574	1525	186	76	552	1938	1510	4	0.0	1007
ERR3077542.sra.11778	gi|32453825|ref|NC_004927.1|_Halovirus_HF1,_complete_genome	82.759	58	10	0	1960	2017	20743	20800	1.86e-07	60.8
ERR3077542.sra.11844	gi|441431943|ref|NC_020104.1|_Acanthamoeba_polyphaga_moumouvirus,_complete_genome	80.153	131	18	7	795	918	474872	474743	6.62e-18	95.1
ERR3077542.sra.11847	NC_016809_179310_180858	83.077	195	12	11	4935	5113	10	199	4.50e-41	172
ERR3077542.sra.11900	NC_009567_443072_444611	81.942	1545	116	71	126	1521	1531	1	0.0	1355
ERR3077542.sra.11968	NC_021350_359864_361325	71.814	408	88	14	3197	3585	1396	997	2.33e-43	179
ERR3077542.sra.11998	AY613590	78.419	1404	129	79	54	1316	1371	1	0.0	967
ERR3077542.sra.12046	NC_009567_443072_444611	82.243	1391	116	61	74	1354	171	1540	0.0	1238
ERR3077542.sra.12120	NC_016809_179310_180858	81.250	1584	119	87	1580	3020	1549	1	0.0	1287
ERR3077542.sra.12178	FJ577253	83.552	1526	117	61	1778	3218	12	1488	0.0	1467
ERR3077542.sra.12189	NC_007146_193215_194753	81.744	493	36	27	3409	3851	5	493	7.43e-113	410
ERR3077542.sra.12214	NC_021350_359864_361325	70.034	297	62	15	2716	2991	997	1287	7.41e-17	91.5
ERR3077542.sra.12233	NC_016809_179310_180858	85.827	127	8	6	100	217	126	1	9.28e-29	131
ERR3077542.sra.12235	gi|57659485|ref|NC_006653.1|_Cotesia_congregata_virus_complete_genome,_segment_Circle22	75.269	93	15	3	3172	3257	19336	19427	5.04e-07	59.0
ERR3077542.sra.12268	NC_021040_348381_351031	72.656	128	23	6	813	932	2480	2603	1.84e-06	57.2
ERR3077542.sra.12362	NC_000907_127172_128720	81.092	476	39	25	4115	4543	1520	1049	1.00e-105	387
ERR3077542.sra.12379	gi|311977355|ref|NC_014649.1|_Acanthamoeba_polyphaga_mimivirus,_complete_genome	73.636	110	23	4	1156	1261	200680	200573	8.19e-06	55.4
ERR3077542.sra.12411	NC_007146_193215_194753	73.608	1167	110	81	97	1085	332	1478	9.14e-149	529
ERR3077542.sra.12546	NC_021040_348381_351031	74.545	110	16	6	3561	3662	2603	2498	1.94e-06	57.2
ERR3077542.sra.12578	NC_009567_443072_444611	70.781	1523	160	110	1266	2519	28	1534	1.57e-140	502
ERR3077542.sra.12621	NC_016809_179310_180858	79.746	1575	106	92	2880	4267	1549	1	0.0	1180
ERR3077542.sra.12788	NC_016809_179310_180858	78.205	780	70	50	66	755	770	1	1.27e-141	506
ERR3077542.sra.12808	NC_021350_359864_361325	68.987	474	99	22	1030	1470	995	1453	2.08e-30	136
ERR3077542.sra.12809	NC_021350_359864_361325	70.085	468	101	24	1781	2219	1452	995	1.53e-31	140
ERR3077542.sra.12842	gi|363539767|ref|NC_016072.1|_Megavirus_chiliensis,_complete_genome	92.500	40	2	1	707	745	550535	550496	7.42e-06	55.4
ERR3077542.sra.12936	gi|32453825|ref|NC_004927.1|_Halovirus_HF1,_complete_genome	82.759	58	9	1	2734	2790	20743	20800	1.87e-06	57.2
ERR3077542.sra.12959	gi|448824857|ref|NC_020231.1|_Caviid_herpesvirus_2_strain_21222,_complete_genome	80.000	65	8	2	820	882	231455	231516	6.51e-06	55.4
ERR3077542.sra.12964	gi|314055095|ref|NC_014789.1|_Ostreococcus_tauri_virus_2,_complete_genome	83.636	55	9	0	1658	1712	3092	3038	2.88e-07	59.0
ERR3077542.sra.12972	gi|506497718|ref|NC_021246.1|_Mythimna_separata_entomopoxvirus_'L',_complete_genome	80.328	61	4	2	1426	1481	66023	66080	4.92e-06	55.4
ERR3077542.sra.12996	AY613590	82.227	979	73	49	2900	3797	1538	580	0.0	852
ERR3077542.sra.13061	NC_009566_376402_377942	90.014	731	26	33	97	794	717	1	0.0	883
ERR3077542.sra.13064	AY613590	79.908	1528	144	75	757	2166	51	1533	0.0	1180
ERR3077542.sra.13065	NC_021009_505857_508732	82.022	89	12	3	2168	2253	186	273	4.63e-13	78.8
ERR3077542.sra.13086	gi|805015540|ref|NC_026800.1|_Black_grass_cryptic_virus_2_segment_RNA_2	80.000	75	10	1	3217	3291	1887	1956	1.03e-09	68.0
ERR3077542.sra.13169	NC_007146_193215_194753	79.790	856	83	36	79	860	844	5	0.0	682
ERR3077542.sra.13223	NC_016809_179310_180858	75.057	878	83	58	3743	4487	1520	646	6.65e-127	457
ERR3077542.sra.13240	NC_021350_359864_361325	70.673	416	82	22	78	463	1044	1449	6.44e-31	138
ERR3077542.sra.13275	gi|313767999|ref|NC_014765.1|_Bathycoccus_sp._RCC1105_virus_BpV1,_complete_genome	74.336	113	26	2	112	221	7647	7535	1.31e-09	68.0
ERR3077542.sra.13290	NC_016809_179310_180858	87.064	1577	84	62	2405	3893	1545	1	0.0	1754
ERR3077542.sra.13321	NC_015460_612647_614171	72.687	227	24	17	3815	4006	15	238	1.14e-15	87.8
ERR3077542.sra.13358	NC_021018_3070260_3072809	76.471	85	14	3	3186	3264	182	266	5.56e-06	55.4
ERR3077542.sra.13400	NC_000907_127172_128720	81.356	354	23	24	2386	2699	1165	815	4.78e-71	271
ERR3077542.sra.13400	NC_000907_127172_128720	70.877	285	31	19	3126	3358	285	1	5.12e-20	102
ERR3077542.sra.13400	NC_000907_127172_128720	72.052	229	16	18	2137	2320	1549	1324	1.13e-15	87.8
ERR3077542.sra.13450	NC_016809_179310_180858	81.044	364	21	14	2868	3183	3	366	2.01e-87	325
ERR3077542.sra.13477	NC_016809_179310_180858	86.748	815	42	33	32	798	797	1	0.0	893
ERR3077542.sra.13582	gi|255694008|ref|NC_013075.1|_Tomato_chocolate_spot_virus_RNA1,_complete_genome	100.000	32	0	0	1874	1905	7492	7461	3.70e-07	59.0
ERR3077542.sra.13731	NC_021040_348381_351031	76.068	117	21	3	150	264	2478	2589	4.41e-13	78.8
ERR3077542.sra.13747	gi|310830989|ref|NC_014637.1|_Cafeteria_roenbergensis_virus_BV-PW1,_complete_genome	83.019	53	9	0	3413	3465	35126	35074	6.75e-06	55.4
ERR3077542.sra.13762	AY613590	86.149	1545	87	60	786	2223	1536	12	0.0	1665
ERR3077542.sra.13764	NC_000907_127172_128720	72.928	543	48	36	142	588	1010	1549	7.15e-63	244
ERR3077542.sra.13858	NC_000907_127172_128720	91.414	198	5	6	2972	3157	1549	1352	5.74e-69	264
ERR3077542.sra.13913	NC_015460_612647_614171	76.129	155	18	8	2576	2711	38	192	5.41e-18	95.1
ERR3077542.sra.13922	NC_018706_214504_216058	86.047	86	10	2	971	1054	3	88	6.18e-18	95.1
ERR3077542.sra.14005	NC_021350_359864_361325	72.819	298	66	9	132	419	1284	992	5.39e-33	145
ERR3077542.sra.14118	AY613590	83.727	1567	116	69	1699	3155	1538	1	0.0	1490
ERR3077542.sra.14137	NC_021350_359864_361325	70.601	466	98	20	1983	2428	997	1443	3.81e-40	168
ERR3077542.sra.14150	AY613590	86.251	1571	82	69	1193	2663	1	1537	0.0	1669
ERR3077542.sra.14165	NC_010519_513285_514817	80.064	311	29	15	60	344	1227	1530	4.15e-63	244
ERR3077542.sra.14176	AY613590	83.270	1578	110	81	3184	4649	3	1538	0.0	1429
ERR3077542.sra.14180	NC_021350_359864_361325	73.620	163	31	6	1665	1822	995	1150	6.31e-15	84.2
ERR3077542.sra.14214	gi|441431943|ref|NC_020104.1|_Acanthamoeba_polyphaga_moumouvirus,_complete_genome	76.471	136	29	1	155	287	474730	474865	1.96e-19	100
ERR3077542.sra.14257	NC_018706_214504_216058	83.333	60	7	1	860	919	100	44	4.97e-08	62.6
ERR3077542.sra.14387	NC_009567_443072_444611	73.451	1469	135	91	3423	4643	7	1468	0.0	711
ERR3077542.sra.14460	NC_018706_214504_216058	80.000	75	10	4	374	444	15	88	8.32e-06	55.4
ERR3077542.sra.14468	NC_021350_359864_361325	75.574	479	99	11	1821	2289	1447	977	8.48e-81	304
ERR3077542.sra.14475	AY613590	77.706	1552	128	91	1458	2807	1536	1	0.0	1025
ERR3077542.sra.14477	NC_009566_376402_377942	78.083	1273	105	81	2455	3567	1	1259	0.0	830
ERR3077542.sra.14798	gi|340025671|ref|NC_000852.5|_Paramecium_bursaria_Chlorella_virus_1,_complete_genome	84.314	51	8	0	565	615	165717	165767	1.85e-06	57.2
ERR3077542.sra.14812	NC_009567_443072_444611	72.211	1551	167	110	2680	3986	1540	10	9.44e-169	596
ERR3077542.sra.14843	NC_021350_359864_361325	68.864	440	90	21	1323	1721	1438	1005	9.00e-27	123
ERR3077542.sra.14970	gi|377829940|ref|NC_016924.1|_Cotia_virus_SPAn232,_complete_genome	86.538	52	5	2	1784	1834	137172	137222	4.94e-06	55.4
ERR3077542.sra.15071	AY613590	78.037	1070	88	69	1791	2728	1506	452	0.0	691
ERR3077542.sra.15125	NC_021350_359864_361325	71.489	470	102	14	2732	3178	992	1452	1.81e-52	210
ERR3077542.sra.15194	NC_021350_359864_361325	73.665	281	53	12	2219	2488	1452	1182	4.50e-31	138
ERR3077542.sra.15211	NC_016809_179310_180858	85.778	1568	90	64	96	1563	1549	15	0.0	1654
ERR3077542.sra.15240	NC_016809_179310_180858	86.412	1597	74	72	350	1851	1549	1	0.0	1707
ERR3077542.sra.15258	NC_000907_127172_128720	92.000	50	1	1	4278	4327	1549	1503	9.58e-11	71.6
ERR3077542.sra.15259	AY613590	75.449	1560	155	108	916	2277	6	1535	0.0	805
ERR3077542.sra.15311	NC_022356_182851_184377	66.767	331	36	24	54	312	909	1237	8.34e-08	60.8
ERR3077542.sra.15325	NC_009567_443072_444611	79.303	1377	102	74	47	1251	1366	1	0.0	1031
ERR3077542.sra.15336	NC_016809_179310_180858	82.636	1123	76	62	2575	3595	1534	429	0.0	975
ERR3077542.sra.15341	gi|363539767|ref|NC_016072.1|_Megavirus_chiliensis,_complete_genome	74.227	97	17	3	728	816	550439	550535	2.11e-06	57.2
ERR3077542.sra.15358	NC_021350_359864_361325	69.915	472	108	21	2655	3101	1452	990	1.40e-33	147
ERR3077542.sra.15380	gi|9632386|ref|NC_002050.1|_Tomato_spotted_wilt_virus_RNA_M,_complete_sequence	80.303	66	9	1	4204	4269	1171	1232	1.87e-07	60.8
ERR3077542.sra.15404	AY278611	78.696	1089	96	62	3094	4059	1498	423	0.0	762
ERR3077542.sra.15425	NC_021350_359864_361325	71.610	472	101	18	2088	2537	1452	992	2.03e-48	196
ERR3077542.sra.15461	NC_016809_179310_180858	76.689	1214	97	74	71	1116	1256	61	0.0	747
ERR3077542.sra.15488	gi|506498274|ref|NC_021248.1|_Choristoneura_biennis_entomopoxvirus_'L',_complete_genome	85.417	48	7	0	4534	4581	149174	149221	7.89e-06	55.4
ERR3077542.sra.15610	NC_018706_214504_216058	80.233	86	11	3	3129	3208	88	3	8.97e-11	71.6
ERR3077542.sra.15625	NC_021350_359864_361325	71.141	149	18	9	456	581	1358	1212	2.18e-06	57.2
ERR3077542.sra.15652	gi|589287691|ref|NC_023611.1|_Invertebrate_iridescent_virus_30_complete_genome	74.737	95	14	4	1103	1195	168357	168271	5.47e-06	55.4
ERR3077542.sra.15660	NC_021040_348381_351031	79.839	124	20	4	879	1000	2478	2598	6.26e-19	98.7
ERR3077542.sra.15742	NC_009567_443072_444611	83.732	1420	87	69	69	1380	157	1540	0.0	1339
ERR3077542.sra.15800	gi|340025671|ref|NC_000852.5|_Paramecium_bursaria_Chlorella_virus_1,_complete_genome	85.714	49	4	1	643	688	165717	165765	6.60e-06	55.4
ERR3077542.sra.15828	gi|310830989|ref|NC_014637.1|_Cafeteria_roenbergensis_virus_BV-PW1,_complete_genome	84.483	58	6	2	309	363	510804	510747	5.33e-07	59.0
ERR3077542.sra.15828	gi|310830989|ref|NC_014637.1|_Cafeteria_roenbergensis_virus_BV-PW1,_complete_genome	84.483	58	6	2	309	363	511718	511661	5.33e-07	59.0
ERR3077542.sra.15830	gi|292397674|ref|NC_013953.1|_Lymantria_xylina_MNPV,_complete_genome	79.365	63	13	0	768	830	139421	139483	6.95e-06	55.4
ERR3077542.sra.15893	AY613590	82.116	1588	129	77	97	1588	10	1538	0.0	1377
ERR3077542.sra.15915	NC_021350_359864_361325	74.026	462	92	16	3083	3522	1452	997	1.74e-63	246
ERR3077542.sra.15988	gi|313768203|ref|NC_014767.1|_Micromonas_sp._RCC1109_virus_MpV1,_complete_genome	71.795	117	31	2	2594	2709	11728	11843	7.27e-06	55.4
ERR3077542.sra.16006	gi|311977355|ref|NC_014649.1|_Acanthamoeba_polyphaga_mimivirus,_complete_genome	86.538	52	5	2	194	245	29762	29811	6.43e-06	55.4
ERR3077542.sra.16016	gi|32453825|ref|NC_004927.1|_Halovirus_HF1,_complete_genome	84.211	57	8	1	2982	3037	20800	20744	4.49e-07	59.0
ERR3077542.sra.16101	NC_000907_127172_128720	78.327	789	41	51	2182	2859	1	770	4.52e-152	540
ERR3077542.sra.16106	NC_021350_359864_361325	68.421	475	97	26	1485	1921	993	1452	5.48e-23	111
ERR3077542.sra.16131	gi|310830989|ref|NC_014637.1|_Cafeteria_roenbergensis_virus_BV-PW1,_complete_genome	73.950	119	22	6	304	419	451440	451328	6.24e-07	57.2
ERR3077542.sra.16189	gi|448824968|ref|NC_020232.1|_Megavirus_lba_isolate_LBA111,_complete_genome	79.452	73	12	3	78	148	1196774	1196845	9.76e-06	53.6
ERR3077542.sra.16308	NC_009567_443072_444611	81.737	1577	128	82	2106	3577	1531	10	0.0	1321
ERR3077542.sra.16378	NC_007146_193215_194753	73.367	980	106	63	1664	2491	121	1097	9.61e-124	446
ERR3077542.sra.16444	NC_007146_193215_194753	73.333	1230	129	71	285	1319	2	1227	5.43e-170	600
ERR3077542.sra.16525	AY278611	76.718	1499	122	95	105	1394	1	1481	0.0	908
ERR3077542.sra.16623	gi|363539767|ref|NC_016072.1|_Megavirus_chiliensis,_complete_genome	88.372	43	5	0	3537	3579	491298	491256	7.22e-06	55.4
ERR3077542.sra.16695	NC_009567_443072_444611	73.790	1488	155	109	1272	2532	1540	61	0.0	646
ERR3077542.sra.16737	gi|506498026|ref|NC_021247.1|_Adoxophyes_honmai_enomopoxvirus_'L',_complete_genome	69.595	148	37	4	121	262	113725	113870	6.76e-06	53.6
ERR3077542.sra.16874	NC_021350_359864_361325	71.944	360	85	8	89	437	1073	1427	3.73e-41	172
ERR3077542.sra.16878	NC_016809_179310_180858	85.832	1581	103	71	864	2355	1549	1	0.0	1631
ERR3077542.sra.16911	NC_021040_348381_351031	76.923	104	17	7	3751	3851	2599	2500	7.51e-06	55.4
ERR3077542.sra.16931	gi|310830989|ref|NC_014637.1|_Cafeteria_roenbergensis_virus_BV-PW1,_complete_genome	67.978	178	47	3	3009	3178	451274	451449	1.47e-07	60.8
ERR3077542.sra.16996	AY613590	79.051	1370	114	82	97	1314	1361	13	0.0	964
ERR3077542.sra.17010	AF414838	82.077	1406	145	63	824	2163	1	1365	0.0	1213
ERR3077542.sra.17032	NC_021040_348381_351031	77.660	94	14	4	2879	2965	2604	2511	1.08e-08	64.4
ERR3077542.sra.17042	NC_007146_193215_194753	76.083	1547	141	96	1114	2445	7	1539	0.0	895
ERR3077542.sra.17052	NC_018706_214504_216058	82.353	85	14	1	3694	3777	3	87	5.12e-14	82.4
ERR3077542.sra.17074	AY613590	85.294	1564	92	65	914	2367	1537	2	0.0	1615
ERR3077542.sra.17075	NC_007146_193215_194753	74.940	419	33	29	106	454	421	5	8.74e-55	217
ERR3077542.sra.17086	NC_007146_193215_194753	73.918	878	93	59	2185	2938	886	21	2.34e-112	408
ERR3077542.sra.17086	NC_007146_193215_194753	75.256	489	40	34	1590	2002	1536	1053	9.32e-67	257
ERR3077542.sra.17143	NC_021350_359864_361325	79.545	88	15	1	328	412	1235	1322	2.39e-12	77.0
ERR3077542.sra.17161	NC_014922_427300_428848	79.167	480	38	31	2604	3025	1	476	4.43e-89	331
ERR3077542.sra.17178	NC_018706_214504_216058	77.000	100	18	4	4222	4318	100	3	1.44e-08	64.4
ERR3077542.sra.17268	gi|310830989|ref|NC_014637.1|_Cafeteria_roenbergensis_virus_BV-PW1,_complete_genome	75.781	128	25	3	3573	3695	451443	451317	1.39e-14	84.2
ERR3077542.sra.17319	NC_016809_179310_180858	82.627	967	72	47	2884	3762	1536	578	0.0	861
ERR3077542.sra.17324	NC_016809_179310_180858	85.106	423	22	18	50	437	1115	1531	1.11e-120	435
ERR3077542.sra.17413	NC_018706_214504_216058	77.907	86	14	3	3562	3642	88	3	1.52e-07	60.8
ERR3077542.sra.17442	NC_006449_17815_19369	69.358	1573	160	103	1466	2734	1	1555	6.86e-137	489
ERR3077542.sra.17467	NC_015964_438409_439961	84.182	373	26	18	4034	4378	3	370	1.63e-96	356
ERR3077542.sra.17474	AY613590	86.752	1555	110	58	486	1965	1534	1	0.0	1701
ERR3077542.sra.17491	NC_009567_443072_444611	85.206	1264	79	55	2381	3554	1	1246	0.0	1287
ERR3077542.sra.17500	NC_014920_160651_162199	77.722	1580	142	96	3574	4974	1	1549	0.0	1020
ERR3077542.sra.17501	NC_000907_127172_128720	88.889	81	3	3	26	100	1469	1549	4.82e-19	98.7
ERR3077542.sra.17506	NC_000907_127172_128720	85.000	120	5	9	102	211	1433	1549	8.47e-22	107
ERR3077542.sra.17510	NC_016809_179310_180858	80.347	1557	124	80	338	1733	1545	10	0.0	1232
ERR3077542.sra.17564	AY613590	80.897	1560	117	81	1014	2428	1524	1	0.0	1269
ERR3077542.sra.17573	NC_021350_359864_361325	69.486	331	52	24	214	502	1320	997	5.64e-13	78.8
ERR3077542.sra.17586	NC_007146_193215_194753	77.679	448	36	29	2713	3103	4	444	6.00e-75	284
ERR3077542.sra.17630	gi|441431943|ref|NC_020104.1|_Acanthamoeba_polyphaga_moumouvirus,_complete_genome	76.866	134	23	6	1052	1178	474872	474740	4.56e-14	82.4
ERR3077542.sra.17694	NC_009567_443072_444611	86.762	1118	55	37	95	1143	1096	3	0.0	1267
ERR3077542.sra.17714	gi|441431943|ref|NC_020104.1|_Acanthamoeba_polyphaga_moumouvirus,_complete_genome	74.194	93	23	1	1836	1927	475886	475978	1.57e-06	57.2
ERR3077542.sra.17722	gi|593773442|ref|NC_023681.1|_Mamestra_brassicae_MNPV_strain_K1,_complete_genome	79.710	69	12	1	3343	3409	51622	51690	5.11e-07	59.0
ERR3077542.sra.17736	NC_021040_348381_351031	75.155	161	31	4	345	497	2438	2597	1.38e-19	100
ERR3077542.sra.17747	NC_016809_179310_180858	80.899	356	29	16	42	362	366	15	3.72e-79	298
ERR3077542.sra.17756	NC_009567_443072_444611	79.268	1558	131	87	1920	3324	22	1540	0.0	1135
ERR3077542.sra.17810	NC_009567_443072_444611	74.160	1548	154	99	73	1391	1540	10	0.0	764
ERR3077542.sra.17823	NC_009567_443072_444611	68.027	1470	198	108	1542	2748	66	1526	3.63e-77	291
