ERR3077543.sra.133	NC_014147_315691_317208	91.878	197	7	5	813	1009	1518	1331	4.17e-71	269
ERR3077543.sra.169	NC_014147_315691_317208	88.010	417	18	16	90	477	414	1	3.18e-135	484
ERR3077543.sra.237	gi|313843970|ref|NC_014766.1|_Ostreococcus_lucimarinus_virus_OlV1,_complete_genome	67.961	206	60	4	1728	1931	16173	15972	2.30e-08	62.6
ERR3077543.sra.296	NC_021350_359864_361325	68.193	415	101	15	2028	2425	1361	961	7.11e-24	114
ERR3077543.sra.302	AF443790	87.817	1461	76	55	1516	2903	1432	1	0.0	1676
ERR3077543.sra.319	NC_021350_359864_361325	72.766	235	44	10	2291	2513	1452	1226	2.35e-22	109
ERR3077543.sra.404	NC_014147_315691_317208	83.594	512	35	26	2484	2971	1	487	2.00e-131	471
ERR3077543.sra.467	gi|509139559|ref|NC_021320.1|_Halovirus_HRTV-5,_complete_genome	82.759	58	9	1	779	835	55880	55937	1.47e-06	57.2
ERR3077543.sra.745	NC_014147_315691_317208	80.469	512	39	31	98	583	477	1	1.82e-106	389
ERR3077543.sra.772	NC_014147_315691_317208	84.260	1277	67	61	95	1261	266	1518	0.0	1243
ERR3077543.sra.865	NC_021040_348381_351031	79.528	127	21	4	2270	2393	2602	2478	3.95e-19	98.7
ERR3077543.sra.1076	NC_021020_589522_591540	69.796	245	50	8	2763	2985	3	245	6.69e-18	95.1
ERR3077543.sra.1135	gi|73852470|ref|NC_007346.1|_Emiliania_huxleyi_virus_86,_complete_genome	89.655	58	4	2	2759	2816	203621	203566	8.37e-11	71.6
ERR3077543.sra.1231	NC_014147_315691_317208	85.197	304	21	12	107	390	453	154	1.31e-83	313
ERR3077543.sra.1486	NC_021350_359864_361325	68.344	477	121	17	298	760	992	1452	1.02e-28	131
ERR3077543.sra.1501	NC_014147_315691_317208	88.667	1253	58	52	3225	4424	1518	297	0.0	1462
ERR3077543.sra.1655	NC_014147_315691_317208	82.927	287	19	11	2198	2464	4	280	2.43e-72	275
ERR3077543.sra.1737	NC_021350_359864_361325	76.552	145	30	3	164	305	1374	1231	5.52e-19	98.7
ERR3077543.sra.1787	gi|363539767|ref|NC_016072.1|_Megavirus_chiliensis,_complete_genome	86.275	51	6	1	1546	1595	286606	286556	1.69e-06	57.2
ERR3077543.sra.1996	gi|73852470|ref|NC_007346.1|_Emiliania_huxleyi_virus_86,_complete_genome	83.607	61	6	3	1982	2039	203625	203566	6.23e-06	55.4
ERR3077543.sra.2101	gi|9964314|ref|NC_002520.1|_Amsacta_moorei_entomopoxvirus_'L',_complete_genome	85.185	54	6	2	2205	2256	139461	139514	7.26e-06	55.4
ERR3077543.sra.2108	AM420053	80.279	1435	141	73	90	1416	1401	1	0.0	1112
ERR3077543.sra.2186	NC_014147_315691_317208	87.412	1565	90	54	1030	2534	1	1518	0.0	1788
ERR3077543.sra.2418	NC_014147_315691_317208	86.837	1451	87	66	118	1508	102	1508	0.0	1552
ERR3077543.sra.2427	gi|472341127|ref|NC_020852.1|_Ostreococcus_lucimarinus_virus_OlV5_genomic_sequence	74.757	103	19	4	450	548	166701	166800	2.01e-06	57.2
ERR3077543.sra.2607	NC_014147_315691_317208	85.255	1214	86	46	2358	3502	4	1193	0.0	1260
ERR3077543.sra.2614	NC_014147_315691_317208	81.783	1559	142	69	2241	3698	1518	1	0.0	1348
ERR3077543.sra.2674	AF443790	87.930	1367	66	53	3385	4681	1340	3	0.0	1572
ERR3077543.sra.3116	NC_014147_315691_317208	88.814	295	17	10	2358	2638	5	297	1.18e-95	352
ERR3077543.sra.3136	gi|472342562|ref|NC_020864.1|_Micromonas_pusilla_virus_12T_genomic_sequence	68.797	266	68	5	3214	3467	198666	198928	2.23e-18	96.9
ERR3077543.sra.3270	gi|509139559|ref|NC_021320.1|_Halovirus_HRTV-5,_complete_genome	84.483	58	8	1	1823	1879	55937	55880	1.14e-07	60.8
ERR3077543.sra.3325	NC_014147_315691_317208	92.722	316	6	11	92	390	1199	1514	2.50e-119	432
ERR3077543.sra.3377	gi|448824968|ref|NC_020232.1|_Megavirus_lba_isolate_LBA111,_complete_genome	83.333	54	9	0	923	976	518964	519017	1.55e-06	57.2
ERR3077543.sra.3491	NC_021350_359864_361325	68.837	430	117	12	2157	2582	998	1414	3.55e-29	132
ERR3077543.sra.3559	NC_021350_359864_361325	73.438	192	44	6	2273	2460	1225	1413	2.41e-18	96.9
ERR3077543.sra.3642	gi|168804017|ref|NC_010356.1|_Glossina_pallidipes_salivary_gland_hypertrophy_virus,_complete_genome	71.084	166	40	7	1948	2109	72856	72695	4.20e-07	59.0
ERR3077543.sra.3658	gi|448824968|ref|NC_020232.1|_Megavirus_lba_isolate_LBA111,_complete_genome	87.234	47	5	1	1734	1780	965813	965768	7.13e-06	55.4
ERR3077543.sra.3797	gi|9964314|ref|NC_002520.1|_Amsacta_moorei_entomopoxvirus_'L',_complete_genome	76.136	88	16	3	2682	2767	135583	135499	7.48e-06	55.4
ERR3077543.sra.3810	gi|313843970|ref|NC_014766.1|_Ostreococcus_lucimarinus_virus_OlV1,_complete_genome	75.490	102	22	1	649	747	16160	16059	4.41e-10	69.8
ERR3077543.sra.3818	NC_021350_359864_361325	71.368	234	60	6	450	681	1449	1221	1.99e-19	100
ERR3077543.sra.3819	NC_014147_315691_317208	86.305	847	42	37	2670	3464	1518	694	0.0	904
ERR3077543.sra.3878	gi|509139559|ref|NC_021320.1|_Halovirus_HRTV-5,_complete_genome	81.967	61	10	1	3845	3905	55938	55879	1.96e-06	57.2
ERR3077543.sra.3881	NC_021350_359864_361325	75.200	125	25	5	1967	2089	1331	1211	3.01e-10	69.8
ERR3077543.sra.3994	gi|363539767|ref|NC_016072.1|_Megavirus_chiliensis,_complete_genome	81.250	64	9	2	1910	1970	693132	693195	4.55e-06	55.4
ERR3077543.sra.4017	NC_021018_3070260_3072809	79.570	93	17	2	447	539	274	184	6.36e-12	75.2
ERR3077543.sra.4031	NC_021040_348381_351031	77.692	130	23	5	3031	3159	2602	2478	9.41e-16	87.8
ERR3077543.sra.4042	gi|441431943|ref|NC_020104.1|_Acanthamoeba_polyphaga_moumouvirus,_complete_genome	86.667	45	6	0	166	210	848883	848839	4.42e-06	55.4
ERR3077543.sra.4045	NC_014147_315691_317208	86.287	1546	95	59	2990	4447	1518	2	0.0	1673
ERR3077543.sra.4149	NC_014147_315691_317208	83.521	443	34	22	107	520	1041	1473	1.21e-111	407
ERR3077543.sra.4239	NC_014147_315691_317208	86.489	1273	77	50	1606	2797	1517	259	0.0	1380
ERR3077543.sra.4387	NC_021350_359864_361325	68.362	177	31	7	2174	2329	1241	1413	5.56e-07	59.0
ERR3077543.sra.4399	NC_021350_359864_361325	68.697	476	124	16	2476	2935	986	1452	5.96e-31	138
ERR3077543.sra.4403	NC_014147_315691_317208	75.089	562	56	42	2984	3500	1	523	1.49e-70	269
ERR3077543.sra.4504	gi|313843970|ref|NC_014766.1|_Ostreococcus_lucimarinus_virus_OlV1,_complete_genome	77.064	109	23	1	536	644	16165	16059	3.03e-14	82.4
ERR3077543.sra.4548	gi|472342562|ref|NC_020864.1|_Micromonas_pusilla_virus_12T_genomic_sequence	71.304	230	57	5	5135	5356	198952	198724	2.03e-20	104
ERR3077543.sra.4576	NC_014147_315691_317208	83.514	1565	109	84	1083	2545	1518	1	0.0	1415
ERR3077543.sra.4600	NC_021350_359864_361325	68.872	514	127	21	1630	2132	1452	961	4.14e-32	141
ERR3077543.sra.4859	gi|506498610|ref|NC_021249.1|_Choristoneura_rosaceana_entomopoxvirus_'L',_complete_genome	78.873	71	12	2	919	987	219453	219522	7.15e-06	55.4
ERR3077543.sra.4870	NC_014147_315691_317208	85.096	1201	79	50	100	1232	1169	1	0.0	1223
ERR3077543.sra.4879	NC_014147_315691_317208	82.615	742	59	36	101	789	793	1517	0.0	657
ERR3077543.sra.4919	AM420053	83.103	1521	139	64	441	1868	1496	1	0.0	1402
ERR3077543.sra.4942	NC_021020_589522_591540	68.354	237	48	7	657	869	236	3	4.18e-14	82.4
ERR3077543.sra.4944	NC_014147_315691_317208	87.059	850	45	30	1627	2438	1	823	0.0	960
ERR3077543.sra.4977	NC_014147_315691_317208	84.555	1146	69	60	925	1988	1	1120	0.0	1095
ERR3077543.sra.5015	NC_014147_315691_317208	90.111	1264	55	42	3749	4955	1510	260	0.0	1590
ERR3077543.sra.5022	NC_021350_359864_361325	68.462	260	60	10	1072	1327	1452	1211	7.62e-12	75.2
ERR3077543.sra.5022	NC_021350_359864_361325	74.766	107	21	5	1470	1572	1065	961	7.14e-06	55.4
ERR3077543.sra.5052	NC_014147_315691_317208	86.014	143	3	6	3708	3834	1	142	2.59e-36	156
ERR3077543.sra.5151	NC_014147_315691_317208	87.830	1553	87	69	1255	2740	1518	1	0.0	1730
ERR3077543.sra.5228	gi|441431943|ref|NC_020104.1|_Acanthamoeba_polyphaga_moumouvirus,_complete_genome	73.158	190	43	7	859	1046	474682	474865	2.94e-16	89.7
ERR3077543.sra.5247	gi|313843970|ref|NC_014766.1|_Ostreococcus_lucimarinus_virus_OlV1,_complete_genome	74.312	109	18	2	1208	1306	16059	16167	6.70e-11	71.6
ERR3077543.sra.5307	NC_014147_315691_317208	86.573	1497	70	59	2229	3627	1517	54	0.0	1645
ERR3077543.sra.5310	gi|62401661|ref|NC_006960.1|_Pleurotus_ostreatus_virus_1_RNA-2,_complete_genome	92.000	50	4	0	256	305	2213	2164	2.52e-11	73.4
ERR3077543.sra.5420	NC_021350_359864_361325	74.459	231	50	5	729	954	1217	1443	2.20e-30	136
ERR3077543.sra.5447	NC_014147_315691_317208	85.957	1118	64	55	1622	2673	3	1093	0.0	1144
ERR3077543.sra.5504	NC_021040_348381_351031	78.947	114	18	4	2144	2254	2602	2492	2.70e-15	86.0
ERR3077543.sra.5607	NC_021020_589522_591540	70.886	237	50	8	185	404	237	3	4.42e-19	98.7
ERR3077543.sra.5631	NC_021350_359864_361325	66.736	478	123	16	3285	3746	986	1443	6.33e-21	105
ERR3077543.sra.5679	NC_014147_315691_317208	87.588	1563	65	66	1242	2720	1	1518	0.0	1763
ERR3077543.sra.5687	NC_014147_315691_317208	85.545	1522	74	65	1208	2600	1518	14	0.0	1591
ERR3077543.sra.5807	gi|168804017|ref|NC_010356.1|_Glossina_pallidipes_salivary_gland_hypertrophy_virus,_complete_genome	74.576	118	19	5	240	353	178560	178450	3.80e-09	66.2
ERR3077543.sra.5824	gi|448824968|ref|NC_020232.1|_Megavirus_lba_isolate_LBA111,_complete_genome	80.822	73	13	1	919	990	518966	519038	3.97e-09	66.2
ERR3077543.sra.5827	NC_014147_315691_317208	83.648	477	39	20	102	554	462	1	5.68e-126	453
ERR3077543.sra.5835	AF443790	85.255	1492	115	69	200	1633	1	1445	0.0	1483
ERR3077543.sra.5846	NC_021020_589522_591540	93.333	45	3	0	540	584	47	3	9.77e-10	68.0
ERR3077543.sra.5846	NC_021020_589522_591540	71.533	137	31	5	343	472	270	135	1.77e-06	57.2
ERR3077543.sra.5848	gi|313768203|ref|NC_014767.1|_Micromonas_sp._RCC1109_virus_MpV1,_complete_genome	70.408	196	40	10	1387	1571	11642	11454	1.19e-08	64.4
ERR3077543.sra.5857	AM420053	84.789	1019	75	42	102	1072	495	1481	0.0	1021
ERR3077543.sra.5899	NC_014147_315691_317208	82.349	1422	125	74	568	1919	1	1366	0.0	1213
ERR3077543.sra.5950	NC_014147_315691_317208	80.588	1463	112	87	95	1462	133	1518	0.0	1121
ERR3077543.sra.6002	GQ098177	82.298	1384	142	62	489	1802	1351	1	0.0	1205
ERR3077543.sra.6044	gi|119953744|ref|NC_008724.1|_Acanthocystis_turfacea_Chlorella_virus_1,_complete_genome	90.244	41	4	0	3565	3605	84093	84133	1.78e-06	57.2
ERR3077543.sra.6044	gi|119953744|ref|NC_008724.1|_Acanthocystis_turfacea_Chlorella_virus_1,_complete_genome	90.244	41	4	0	3565	3605	84188	84228	1.78e-06	57.2
ERR3077543.sra.6125	NC_021040_348381_351031	74.534	161	25	11	3364	3518	2599	2449	8.36e-11	71.6
ERR3077543.sra.6141	NC_021350_359864_361325	71.491	228	51	9	4147	4368	1225	1444	1.43e-16	91.5
ERR3077543.sra.6142	NC_014147_315691_317208	84.086	1527	91	56	2681	4064	1518	1	0.0	1543
ERR3077543.sra.6199	gi|441431943|ref|NC_020104.1|_Acanthamoeba_polyphaga_moumouvirus,_complete_genome	76.220	164	36	3	864	1024	474713	474876	3.02e-22	109
ERR3077543.sra.6199	gi|441431943|ref|NC_020104.1|_Acanthamoeba_polyphaga_moumouvirus,_complete_genome	71.756	131	35	1	885	1013	290957	290827	9.24e-10	68.0
ERR3077543.sra.6310	GQ109759	82.720	1059	103	41	95	1101	1031	1	0.0	973
ERR3077543.sra.6334	NC_014147_315691_317208	86.924	543	22	22	99	612	523	1	4.06e-172	605
ERR3077543.sra.6424	NC_014147_315691_317208	87.615	1518	75	60	2714	4143	1493	1	0.0	1721
ERR3077543.sra.6460	NC_009524_776635_778181	87.356	87	9	1	122	206	1449	1535	3.83e-21	105
ERR3077543.sra.6471	gi|448824968|ref|NC_020232.1|_Megavirus_lba_isolate_LBA111,_complete_genome	73.457	162	40	3	3898	4058	519031	518872	1.41e-15	87.8
ERR3077543.sra.6471	gi|448824968|ref|NC_020232.1|_Megavirus_lba_isolate_LBA111,_complete_genome	72.000	125	32	3	4778	4901	516988	516866	2.39e-06	57.2
ERR3077543.sra.6471	gi|448824968|ref|NC_020232.1|_Megavirus_lba_isolate_LBA111,_complete_genome	72.269	119	30	3	4777	4894	329894	330010	8.33e-06	55.4
ERR3077543.sra.6546	gi|313843970|ref|NC_014766.1|_Ostreococcus_lucimarinus_virus_OlV1,_complete_genome	68.166	289	73	10	2701	2973	15884	16169	5.30e-13	78.8
ERR3077543.sra.6679	gi|313843970|ref|NC_014766.1|_Ostreococcus_lucimarinus_virus_OlV1,_complete_genome	68.602	379	82	20	3882	4236	15884	16249	1.07e-16	91.5
ERR3077543.sra.6730	NC_021350_359864_361325	70.244	205	50	3	1392	1587	1211	1413	9.44e-17	91.5
ERR3077543.sra.6750	gi|119953744|ref|NC_008724.1|_Acanthocystis_turfacea_Chlorella_virus_1,_complete_genome	86.275	51	7	0	1807	1857	84143	84093	1.27e-07	60.8
ERR3077543.sra.6750	gi|119953744|ref|NC_008724.1|_Acanthocystis_turfacea_Chlorella_virus_1,_complete_genome	86.275	51	7	0	1807	1857	84238	84188	1.27e-07	60.8
ERR3077543.sra.6752	gi|119953744|ref|NC_008724.1|_Acanthocystis_turfacea_Chlorella_virus_1,_complete_genome	88.235	51	6	0	1169	1219	84143	84093	3.94e-09	66.2
ERR3077543.sra.6752	gi|119953744|ref|NC_008724.1|_Acanthocystis_turfacea_Chlorella_virus_1,_complete_genome	88.235	51	6	0	1169	1219	84238	84188	3.94e-09	66.2
ERR3077543.sra.7000	NC_021350_359864_361325	68.553	477	116	16	3416	3868	986	1452	2.04e-32	143
ERR3077543.sra.7126	NC_014147_315691_317208	85.445	1539	76	71	3213	4625	1517	1	0.0	1579
ERR3077543.sra.7157	gi|441431943|ref|NC_020104.1|_Acanthamoeba_polyphaga_moumouvirus,_complete_genome	81.000	100	17	2	2266	2363	474812	474713	2.19e-15	87.8
ERR3077543.sra.7157	gi|441431943|ref|NC_020104.1|_Acanthamoeba_polyphaga_moumouvirus,_complete_genome	76.471	85	18	2	2259	2341	290873	290957	3.71e-06	57.2
ERR3077543.sra.7204	gi|509139559|ref|NC_021320.1|_Halovirus_HRTV-5,_complete_genome	86.207	58	6	2	1188	1243	55880	55937	5.74e-08	62.6
ERR3077543.sra.7249	NC_014147_315691_317208	88.200	661	27	24	1854	2477	1	647	0.0	778
ERR3077543.sra.7322	gi|9964314|ref|NC_002520.1|_Amsacta_moorei_entomopoxvirus_'L',_complete_genome	77.500	80	14	2	3734	3813	123358	123283	5.86e-07	59.0
ERR3077543.sra.7325	NC_021040_348381_351031	76.923	156	28	8	770	922	2452	2602	9.35e-17	91.5
ERR3077543.sra.7333	NC_021350_359864_361325	72.727	198	40	9	785	977	1225	1413	6.30e-15	86.0
ERR3077543.sra.7368	NC_014147_315691_317208	86.904	1573	79	67	836	2336	1	1518	0.0	1721
ERR3077543.sra.7388	NC_021350_359864_361325	67.653	473	116	19	2614	3067	1452	998	1.13e-22	111
ERR3077543.sra.7495	NC_014147_315691_317208	87.085	844	48	31	105	908	1057	235	0.0	946
ERR3077543.sra.7558	NC_014147_315691_317208	86.275	357	18	17	1983	2314	1518	1168	3.23e-102	374
ERR3077543.sra.7587	NC_014147_315691_317208	89.196	1555	72	61	1277	2776	1514	1	0.0	1858
ERR3077543.sra.7699	NC_014147_315691_317208	85.217	1062	54	51	106	1101	494	1518	0.0	1070
ERR3077543.sra.7737	NC_021350_359864_361325	72.845	232	54	4	834	1059	1439	1211	3.76e-27	125
ERR3077543.sra.7915	NC_021350_359864_361325	68.924	251	59	10	466	705	1210	1452	2.48e-11	73.4
ERR3077543.sra.8045	gi|441431943|ref|NC_020104.1|_Acanthamoeba_polyphaga_moumouvirus,_complete_genome	72.864	199	47	6	972	1165	474876	474680	5.32e-18	95.1
ERR3077543.sra.8045	gi|441431943|ref|NC_020104.1|_Acanthamoeba_polyphaga_moumouvirus,_complete_genome	75.652	115	25	2	999	1110	290843	290957	4.98e-12	75.2
ERR3077543.sra.8066	GQ110320	80.215	1395	154	71	581	1893	1355	1	0.0	1061
ERR3077543.sra.8093	gi|506498610|ref|NC_021249.1|_Choristoneura_rosaceana_entomopoxvirus_'L',_complete_genome	85.417	48	5	1	1352	1397	164957	165004	8.46e-06	53.6
ERR3077543.sra.8356	NC_014147_315691_317208	84.211	437	32	23	95	506	443	19	7.19e-112	407
ERR3077543.sra.8435	gi|441431943|ref|NC_020104.1|_Acanthamoeba_polyphaga_moumouvirus,_complete_genome	70.056	177	40	8	391	558	474852	474680	1.39e-06	57.2
ERR3077543.sra.8524	NC_014147_315691_317208	90.229	1003	40	34	108	1073	982	1	0.0	1267
ERR3077543.sra.8564	gi|509139559|ref|NC_021320.1|_Halovirus_HRTV-5,_complete_genome	85.246	61	8	1	1562	1622	55938	55879	4.41e-09	66.2
ERR3077543.sra.8595	NC_014147_315691_317208	83.995	881	75	42	3090	3932	1	853	0.0	823
ERR3077543.sra.8599	gi|441431943|ref|NC_020104.1|_Acanthamoeba_polyphaga_moumouvirus,_complete_genome	80.000	95	17	2	3447	3539	474852	474758	7.77e-13	78.8
ERR3077543.sra.8599	gi|441431943|ref|NC_020104.1|_Acanthamoeba_polyphaga_moumouvirus,_complete_genome	74.757	103	22	3	3450	3550	290843	290943	7.27e-07	59.0
ERR3077543.sra.8648	NC_014147_315691_317208	88.491	1564	54	74	289	1772	1	1518	0.0	1790
ERR3077543.sra.8749	gi|441431943|ref|NC_020104.1|_Acanthamoeba_polyphaga_moumouvirus,_complete_genome	81.609	87	15	1	594	680	474813	474728	6.70e-14	82.4
ERR3077543.sra.8749	gi|441431943|ref|NC_020104.1|_Acanthamoeba_polyphaga_moumouvirus,_complete_genome	77.907	86	17	2	589	673	290873	290957	6.28e-08	62.6
ERR3077543.sra.8794	NC_014147_315691_317208	76.048	167	15	8	4366	4511	46	208	1.38e-21	107
ERR3077543.sra.8967	NC_021350_359864_361325	75.000	252	47	11	4320	4565	1452	1211	3.08e-30	136
ERR3077543.sra.8974	gi|441431943|ref|NC_020104.1|_Acanthamoeba_polyphaga_moumouvirus,_complete_genome	72.928	181	34	10	1233	1406	474852	474680	6.91e-12	75.2
ERR3077543.sra.9002	GU566341	76.050	1595	196	85	631	2103	1	1531	0.0	939
ERR3077543.sra.9032	NC_021350_359864_361325	74.790	238	47	6	317	543	1452	1217	1.48e-32	143
ERR3077543.sra.9071	NC_014147_315691_317208	80.617	454	33	33	97	515	1081	1514	1.23e-86	324
ERR3077543.sra.9203	NC_021350_359864_361325	74.194	248	52	9	176	417	1211	1452	1.90e-28	129
ERR3077543.sra.9235	gi|509139559|ref|NC_021320.1|_Halovirus_HRTV-5,_complete_genome	82.540	63	9	1	3235	3297	55940	55880	4.16e-08	62.6
ERR3077543.sra.9235	gi|509139559|ref|NC_021320.1|_Halovirus_HRTV-5,_complete_genome	82.143	56	10	0	3138	3193	55938	55883	1.77e-06	57.2
ERR3077543.sra.9537	NC_021018_3070260_3072809	71.739	138	32	5	2373	2506	132	266	1.25e-06	57.2
ERR3077543.sra.9612	GU566341	78.509	1368	152	68	144	1411	206	1531	0.0	964
ERR3077543.sra.9639	gi|168804017|ref|NC_010356.1|_Glossina_pallidipes_salivary_gland_hypertrophy_virus,_complete_genome	78.082	73	15	1	1590	1662	178552	178481	1.31e-06	57.2
ERR3077543.sra.9660	NC_014147_315691_317208	89.796	294	13	8	105	394	281	1	4.37e-102	374
ERR3077543.sra.9670	NC_014147_315691_317208	90.157	447	17	15	103	525	486	929	1.97e-160	565
ERR3077543.sra.9703	NC_021350_359864_361325	72.986	211	43	8	1493	1697	1211	1413	1.50e-19	100
ERR3077543.sra.9709	gi|340025671|ref|NC_000852.5|_Paramecium_bursaria_Chlorella_virus_1,_complete_genome	72.519	131	30	5	1675	1801	165264	165392	1.61e-06	57.2
ERR3077543.sra.9732	NC_021350_359864_361325	69.639	471	121	8	182	635	987	1452	6.38e-46	188
ERR3077543.sra.9760	NC_014147_315691_317208	87.722	1409	66	58	103	1443	1370	1	0.0	1597
ERR3077543.sra.9831	gi|119953744|ref|NC_008724.1|_Acanthocystis_turfacea_Chlorella_virus_1,_complete_genome	86.275	51	7	0	544	594	84093	84143	1.42e-07	60.8
ERR3077543.sra.9831	gi|119953744|ref|NC_008724.1|_Acanthocystis_turfacea_Chlorella_virus_1,_complete_genome	86.275	51	7	0	544	594	84188	84238	1.42e-07	60.8
ERR3077543.sra.9852	NC_011586_56013_57570	91.358	81	2	3	103	182	1474	1550	4.32e-21	105
ERR3077543.sra.10090	NC_021350_359864_361325	73.733	217	49	3	107	317	1227	1441	3.77e-28	129
ERR3077543.sra.10155	NC_014147_315691_317208	82.953	921	67	42	105	966	625	1514	0.0	845
ERR3077543.sra.10173	GQ109759	80.247	1377	146	69	2587	3878	1	1336	0.0	1059
ERR3077543.sra.10212	NC_021040_348381_351031	75.540	139	29	5	483	617	2452	2589	1.94e-13	80.6
ERR3077543.sra.10229	NC_014147_315691_317208	83.901	1528	80	81	531	1933	1	1487	0.0	1431
ERR3077543.sra.10276	gi|313767999|ref|NC_014765.1|_Bathycoccus_sp._RCC1105_virus_BpV1,_complete_genome	69.204	289	74	9	1679	1955	6665	6950	1.82e-17	93.3
ERR3077543.sra.10301	gi|441431943|ref|NC_020104.1|_Acanthamoeba_polyphaga_moumouvirus,_complete_genome	77.622	143	28	4	433	574	474680	474819	1.92e-19	100
ERR3077543.sra.10301	gi|441431943|ref|NC_020104.1|_Acanthamoeba_polyphaga_moumouvirus,_complete_genome	76.471	85	20	0	490	574	290957	290873	1.38e-08	64.4
ERR3077543.sra.10318	NC_021350_359864_361325	71.628	215	48	8	2737	2950	1211	1413	4.69e-16	89.7
ERR3077543.sra.10402	NC_021350_359864_361325	79.208	101	17	2	106	202	1325	1225	4.45e-14	82.4
ERR3077543.sra.10549	gi|441431943|ref|NC_020104.1|_Acanthamoeba_polyphaga_moumouvirus,_complete_genome	89.796	49	2	3	2559	2607	41390	41435	7.88e-06	55.4
ERR3077543.sra.10567	NC_014147_315691_317208	86.683	796	37	36	2366	3126	1518	757	0.0	857
ERR3077543.sra.10661	gi|441431943|ref|NC_020104.1|_Acanthamoeba_polyphaga_moumouvirus,_complete_genome	76.642	137	26	6	2696	2829	474680	474813	3.49e-14	82.4
ERR3077543.sra.10661	gi|441431943|ref|NC_020104.1|_Acanthamoeba_polyphaga_moumouvirus,_complete_genome	75.904	83	19	1	2752	2833	290957	290875	1.39e-06	57.2
ERR3077543.sra.10738	gi|441431943|ref|NC_020104.1|_Acanthamoeba_polyphaga_moumouvirus,_complete_genome	74.737	95	19	2	1906	2000	299115	299204	5.77e-07	59.0
ERR3077543.sra.10828	AF443790	88.866	1482	62	63	2162	3585	8	1444	0.0	1737
ERR3077543.sra.10837	gi|472342562|ref|NC_020864.1|_Micromonas_pusilla_virus_12T_genomic_sequence	67.619	315	88	10	573	880	198585	198892	2.06e-12	77.0
ERR3077543.sra.10857	NC_014147_315691_317208	83.706	1117	90	51	93	1155	440	1518	0.0	1047
ERR3077543.sra.10891	NC_014147_315691_317208	85.627	814	52	32	85	847	719	1518	0.0	856
ERR3077543.sra.10904	NC_021350_359864_361325	70.417	240	52	11	1170	1400	1214	1443	1.79e-13	80.6
ERR3077543.sra.10914	gi|530323620|ref|NC_022037.1|_Brazoran_virus_segment_S,_complete_sequence	78.205	78	12	1	2815	2887	1532	1455	1.16e-08	64.4
ERR3077543.sra.10953	GU566341	80.992	1552	171	73	590	2055	1514	1	0.0	1252
ERR3077543.sra.11029	NC_011586_56013_57570	77.344	128	17	5	100	227	1432	1547	4.61e-16	89.7
ERR3077543.sra.11249	NC_021350_359864_361325	73.364	214	43	6	1422	1628	1246	1452	1.11e-23	114
ERR3077543.sra.11403	NC_021020_589522_591540	89.583	48	3	2	2858	2905	3	48	1.41e-06	57.2
ERR3077543.sra.11439	NC_014147_315691_317208	85.661	1067	56	51	93	1086	1043	1	0.0	1092
ERR3077543.sra.11517	NC_014147_315691_317208	88.107	1564	76	70	203	1706	5	1518	0.0	1766
ERR3077543.sra.11550	gi|311977355|ref|NC_014649.1|_Acanthamoeba_polyphaga_mimivirus,_complete_genome	73.684	95	24	1	1577	1671	610013	610106	6.97e-06	55.4
ERR3077543.sra.11677	gi|119953744|ref|NC_008724.1|_Acanthocystis_turfacea_Chlorella_virus_1,_complete_genome	100.000	30	0	0	2961	2990	119401	119372	6.50e-06	55.4
ERR3077543.sra.11703	NC_014147_315691_317208	85.957	705	41	30	2050	2706	1518	824	0.0	742
ERR3077543.sra.11808	gi|363539767|ref|NC_016072.1|_Megavirus_chiliensis,_complete_genome	69.872	156	40	4	915	1067	930826	930675	3.61e-07	59.0
ERR3077543.sra.11849	gi|506498610|ref|NC_021249.1|_Choristoneura_rosaceana_entomopoxvirus_'L',_complete_genome	78.205	78	13	3	600	677	14765	14692	7.54e-06	55.4
ERR3077543.sra.12073	NC_014147_315691_317208	86.420	243	13	13	101	324	242	1	1.07e-64	250
ERR3077543.sra.12081	NC_014147_315691_317208	84.066	1569	116	81	519	2005	1	1517	0.0	1458
ERR3077543.sra.12109	NC_021350_359864_361325	71.758	347	68	16	995	1323	1371	1037	1.83e-31	140
ERR3077543.sra.12263	NC_014147_315691_317208	84.615	286	18	15	80	355	1247	1516	1.16e-71	273
ERR3077543.sra.12299	gi|9631294|ref|NC_001993.1|_Melanoplus_sanguinipes_entomopoxvirus,_complete_genome	87.234	47	5	1	1968	2013	63627	63581	3.98e-06	55.4
ERR3077543.sra.12354	NC_021350_359864_361325	69.520	479	118	18	335	803	986	1446	6.62e-35	150
ERR3077543.sra.12416	NC_021350_359864_361325	70.175	228	50	9	1894	2116	1238	1452	1.56e-13	80.6
ERR3077543.sra.12552	NC_021350_359864_361325	76.923	78	17	1	624	701	1062	986	1.51e-06	57.2
ERR3077543.sra.12603	NC_021350_359864_361325	69.518	456	117	15	375	818	1446	1001	4.07e-34	149
ERR3077543.sra.12632	NC_021350_359864_361325	70.153	459	115	16	1024	1467	992	1443	9.84e-37	158
ERR3077543.sra.12680	NC_014147_315691_317208	87.593	669	23	28	4232	4854	20	674	0.0	760
ERR3077543.sra.12719	NC_014147_315691_317208	81.860	1538	141	71	1648	3094	1507	17	0.0	1321
ERR3077543.sra.12793	NC_014147_315691_317208	83.289	760	48	40	101	804	737	1	0.0	690
ERR3077543.sra.12893	NC_021350_359864_361325	70.925	454	107	13	2906	3339	1446	998	8.79e-46	188
ERR3077543.sra.13038	gi|441431943|ref|NC_020104.1|_Acanthamoeba_polyphaga_moumouvirus,_complete_genome	82.456	57	9	1	367	422	177348	177292	5.05e-06	55.4
ERR3077543.sra.13076	gi|119953744|ref|NC_008724.1|_Acanthocystis_turfacea_Chlorella_virus_1,_complete_genome	100.000	30	0	0	1045	1074	119383	119354	7.97e-06	55.4
ERR3077543.sra.13076	gi|119953744|ref|NC_008724.1|_Acanthocystis_turfacea_Chlorella_virus_1,_complete_genome	100.000	30	0	0	1045	1074	119389	119360	7.97e-06	55.4
ERR3077543.sra.13076	gi|119953744|ref|NC_008724.1|_Acanthocystis_turfacea_Chlorella_virus_1,_complete_genome	100.000	30	0	0	1045	1074	119443	119414	7.97e-06	55.4
ERR3077543.sra.13076	gi|119953744|ref|NC_008724.1|_Acanthocystis_turfacea_Chlorella_virus_1,_complete_genome	100.000	30	0	0	1045	1074	119449	119420	7.97e-06	55.4
ERR3077543.sra.13076	gi|119953744|ref|NC_008724.1|_Acanthocystis_turfacea_Chlorella_virus_1,_complete_genome	100.000	30	0	0	1045	1074	119455	119426	7.97e-06	55.4
ERR3077543.sra.13076	gi|119953744|ref|NC_008724.1|_Acanthocystis_turfacea_Chlorella_virus_1,_complete_genome	100.000	30	0	0	1045	1074	119461	119432	7.97e-06	55.4
ERR3077543.sra.13111	gi|472342562|ref|NC_020864.1|_Micromonas_pusilla_virus_12T_genomic_sequence	71.963	107	26	1	1155	1257	195804	195910	1.94e-06	57.2
ERR3077543.sra.13253	NC_021350_359864_361325	73.973	219	46	6	5117	5328	1238	1452	7.48e-26	122
ERR3077543.sra.13300	NC_021350_359864_361325	73.889	180	35	7	3229	3405	1243	1413	3.04e-17	93.3
ERR3077543.sra.13316	NC_021350_359864_361325	71.206	257	55	9	2455	2707	1452	1211	1.39e-21	107
ERR3077543.sra.13354	GU566341	79.169	1565	210	65	1372	2858	1	1527	0.0	1164
ERR3077543.sra.13363	NC_014147_315691_317208	85.759	955	57	41	2254	3152	3	934	0.0	996
ERR3077543.sra.13436	NC_014147_315691_317208	86.878	1547	88	58	1224	2684	1518	1	0.0	1718
ERR3077543.sra.13546	NC_014147_315691_317208	83.643	1559	115	73	1581	3041	1517	1	0.0	1460
ERR3077543.sra.13620	gi|472342562|ref|NC_020864.1|_Micromonas_pusilla_virus_12T_genomic_sequence	72.000	150	35	3	717	861	198944	198797	4.22e-12	75.2
ERR3077543.sra.13745	NC_014147_315691_317208	85.725	1373	83	59	103	1406	1329	1	0.0	1429
ERR3077543.sra.13922	gi|119953744|ref|NC_008724.1|_Acanthocystis_turfacea_Chlorella_virus_1,_complete_genome	84.615	52	7	1	788	839	84143	84093	7.07e-06	55.4
ERR3077543.sra.13922	gi|119953744|ref|NC_008724.1|_Acanthocystis_turfacea_Chlorella_virus_1,_complete_genome	84.615	52	7	1	788	839	84238	84188	7.07e-06	55.4
ERR3077543.sra.13973	GU566341	79.376	1571	170	76	1337	2793	1531	1	0.0	1169
ERR3077543.sra.14002	gi|113195403|ref|NC_008293.1|_Clanis_bilineata_nucleopolyhedrosis_virus,_complete_genome	83.929	56	5	2	2236	2291	70840	70789	4.74e-06	55.4
ERR3077543.sra.14090	NC_014147_315691_317208	84.335	1564	120	73	611	2104	10	1518	0.0	1499
ERR3077543.sra.14109	NC_014147_315691_317208	88.516	1550	69	63	964	2436	1	1518	0.0	1808
ERR3077543.sra.14145	NC_014147_315691_317208	86.446	1542	75	72	1552	2991	1510	1	0.0	1635
ERR3077543.sra.14253	AM420053	83.647	1541	128	56	2454	3914	1	1497	0.0	1503
ERR3077543.sra.14254	gi|119953744|ref|NC_008724.1|_Acanthocystis_turfacea_Chlorella_virus_1,_complete_genome	76.923	78	15	1	1238	1312	119419	119342	5.91e-07	59.0
ERR3077543.sra.14258	NC_014147_315691_317208	90.580	138	4	5	3534	3665	1	135	2.65e-42	176
ERR3077543.sra.14303	NC_014147_315691_317208	81.648	1226	93	69	103	1237	1185	1	0.0	1005
ERR3077543.sra.14337	NC_021350_359864_361325	78.750	80	16	1	755	834	1065	987	1.56e-08	64.4
ERR3077543.sra.14440	NC_014147_315691_317208	85.369	1572	103	75	724	2228	3	1514	0.0	1575
ERR3077543.sra.14452	NC_014147_315691_317208	87.814	1551	83	59	910	2387	1518	1	0.0	1775
ERR3077543.sra.14499	NC_014147_315691_317208	85.678	1564	80	79	890	2356	1517	1	0.0	1584
ERR3077543.sra.14540	gi|9964314|ref|NC_002520.1|_Amsacta_moorei_entomopoxvirus_'L',_complete_genome	77.465	71	11	1	712	782	176257	176192	1.71e-06	57.2
ERR3077543.sra.14605	NC_021040_348381_351031	75.974	154	25	6	3569	3713	2602	2452	8.18e-18	95.1
ERR3077543.sra.14659	gi|363539767|ref|NC_016072.1|_Megavirus_chiliensis,_complete_genome	86.275	51	6	1	1276	1326	243530	243579	1.72e-06	57.2
ERR3077543.sra.14666	NC_021350_359864_361325	73.404	188	44	4	1515	1699	1268	1452	4.05e-20	102
ERR3077543.sra.14671	NC_021350_359864_361325	77.647	85	14	4	1841	1922	1220	1302	4.79e-06	55.4
ERR3077543.sra.14697	GU566341	78.622	1567	188	75	594	2055	1525	1	0.0	1110
ERR3077543.sra.14722	NC_014643_985110_986624	88.509	1549	73	65	538	2019	1	1511	0.0	1793
ERR3077543.sra.14801	NC_014147_315691_317208	87.149	926	43	40	101	966	914	5	0.0	1021
ERR3077543.sra.14850	NC_014147_315691_317208	83.810	210	10	11	104	293	206	1	8.16e-49	197
ERR3077543.sra.14939	NC_014147_315691_317208	87.835	485	16	20	104	552	479	2	2.24e-157	558
ERR3077543.sra.14947	NC_021350_359864_361325	69.620	474	109	18	3673	4124	1446	986	3.49e-36	156
ERR3077543.sra.15149	NC_014147_315691_317208	82.700	526	37	24	103	586	1005	1518	1.46e-133	479
ERR3077543.sra.15187	AF443790	84.783	1472	82	74	1421	2785	1443	7	0.0	1440
ERR3077543.sra.15274	NC_014147_315691_317208	87.179	1560	79	64	301	1783	3	1518	0.0	1732
ERR3077543.sra.15287	gi|506497718|ref|NC_021246.1|_Mythimna_separata_entomopoxvirus_'L',_complete_genome	82.258	62	9	2	2797	2858	182390	182449	6.30e-06	55.4
ERR3077543.sra.15313	NC_014147_315691_317208	87.452	526	28	22	102	604	1007	1517	4.35e-166	587
ERR3077543.sra.15385	NC_007204_660502_662086	77.451	102	10	6	102	195	1480	1576	3.24e-09	66.2
ERR3077543.sra.15411	gi|119953744|ref|NC_008724.1|_Acanthocystis_turfacea_Chlorella_virus_1,_complete_genome	84.314	51	8	0	1871	1921	84093	84143	2.09e-06	57.2
ERR3077543.sra.15411	gi|119953744|ref|NC_008724.1|_Acanthocystis_turfacea_Chlorella_virus_1,_complete_genome	84.314	51	8	0	1871	1921	84188	84238	2.09e-06	57.2
ERR3077543.sra.15473	GQ115939	82.268	1393	138	60	1542	2863	1355	1	0.0	1227
ERR3077543.sra.15535	gi|213159268|ref|NC_011588.1|_Oryctes_rhinoceros_virus,_complete_genome	77.465	71	13	1	2038	2105	7538	7468	3.84e-06	55.4
ERR3077543.sra.15636	NC_021350_359864_361325	68.880	482	119	20	2689	3154	1452	986	1.83e-28	131
ERR3077543.sra.15729	NC_021040_348381_351031	74.556	169	27	8	2825	2983	2597	2435	2.54e-16	89.7
ERR3077543.sra.15790	gi|313768203|ref|NC_014767.1|_Micromonas_sp._RCC1109_virus_MpV1,_complete_genome	76.404	89	16	2	1304	1392	11487	11570	3.15e-08	62.6
ERR3077543.sra.15821	NC_014147_315691_317208	86.765	1292	69	53	99	1332	1252	5	0.0	1413
ERR3077543.sra.15870	NC_021350_359864_361325	74.118	170	28	8	4000	4163	1373	1214	1.62e-15	87.8
ERR3077543.sra.15947	NC_014147_315691_317208	83.636	110	6	3	121	221	107	1	7.83e-24	114
ERR3077543.sra.16032	NC_014147_315691_317208	85.359	362	24	16	90	431	1166	1518	2.28e-100	369
ERR3077543.sra.16282	NC_021350_359864_361325	74.272	206	45	6	2475	2675	1413	1211	2.65e-23	113
ERR3077543.sra.16307	NC_021350_359864_361325	72.470	247	57	5	1250	1490	1452	1211	1.34e-27	127
ERR3077543.sra.16329	gi|506498026|ref|NC_021247.1|_Adoxophyes_honmai_enomopoxvirus_'L',_complete_genome	73.148	108	20	4	689	787	27546	27439	6.61e-06	55.4
ERR3077543.sra.16399	NC_014147_315691_317208	88.300	1547	97	54	1185	2676	1518	1	0.0	1806
ERR3077543.sra.16473	NC_014147_315691_317208	85.641	1560	109	61	267	1753	1518	1	0.0	1633
ERR3077543.sra.16532	NC_021350_359864_361325	75.743	202	40	7	2481	2678	1217	1413	1.34e-25	120
ERR3077543.sra.16536	gi|441431943|ref|NC_020104.1|_Acanthamoeba_polyphaga_moumouvirus,_complete_genome	87.755	49	5	1	2787	2834	73763	73715	7.22e-07	59.0
ERR3077543.sra.16642	gi|313768203|ref|NC_014767.1|_Micromonas_sp._RCC1109_virus_MpV1,_complete_genome	80.952	63	8	2	2929	2988	11509	11570	8.08e-06	55.4
ERR3077543.sra.16656	gi|311977355|ref|NC_014649.1|_Acanthamoeba_polyphaga_mimivirus,_complete_genome	97.143	35	0	1	616	649	1128643	1128609	4.87e-06	55.4
ERR3077543.sra.16718	NC_021350_359864_361325	74.477	239	52	6	787	1022	1452	1220	5.86e-31	138
ERR3077543.sra.16733	AF443790	86.177	1483	97	57	1356	2768	1	1445	0.0	1591
ERR3077543.sra.16764	NC_021350_359864_361325	69.519	374	88	18	3644	4000	1362	998	1.82e-20	104
ERR3077543.sra.16902	NC_021040_348381_351031	74.233	163	26	9	3652	3810	2602	2452	6.30e-13	78.8
ERR3077543.sra.16925	gi|157953191|ref|NC_009899.1|_Paramecium_bursaria_Chlorella_virus_AR158,_complete_genome	82.540	63	8	2	32	94	172215	172274	9.93e-08	59.0
ERR3077543.sra.16942	NC_021350_359864_361325	73.251	243	53	7	505	739	1413	1175	4.06e-27	125
ERR3077543.sra.17027	gi|448824968|ref|NC_020232.1|_Megavirus_lba_isolate_LBA111,_complete_genome	73.333	165	32	7	135	292	519031	518872	5.21e-13	78.8
ERR3077543.sra.17286	gi|509139559|ref|NC_021320.1|_Halovirus_HRTV-5,_complete_genome	82.759	58	9	1	1992	2048	55937	55880	1.83e-06	57.2
ERR3077543.sra.17324	gi|441431943|ref|NC_020104.1|_Acanthamoeba_polyphaga_moumouvirus,_complete_genome	85.714	49	5	1	441	487	73715	73763	6.13e-06	55.4
ERR3077543.sra.17529	NC_021350_359864_361325	68.399	481	122	20	186	650	1452	986	1.80e-25	120
ERR3077543.sra.17548	NC_014147_315691_317208	84.701	1536	121	61	1197	2647	1507	1	0.0	1539
ERR3077543.sra.17570	gi|506498610|ref|NC_021249.1|_Choristoneura_rosaceana_entomopoxvirus_'L',_complete_genome	76.136	88	19	2	1189	1275	108193	108107	2.03e-06	57.2
ERR3077543.sra.17613	NC_014147_315691_317208	84.067	477	26	25	3658	4117	4	447	9.09e-125	450
ERR3077543.sra.17675	gi|441431943|ref|NC_020104.1|_Acanthamoeba_polyphaga_moumouvirus,_complete_genome	87.755	49	5	1	3614	3661	73763	73715	5.97e-07	59.0
ERR3077543.sra.17721	NC_014147_315691_317208	88.003	1542	78	68	406	1866	1516	1	0.0	1737
ERR3077543.sra.17766	gi|509139559|ref|NC_021320.1|_Halovirus_HRTV-5,_complete_genome	83.051	59	9	1	1408	1466	55937	55880	3.19e-07	59.0
ERR3077543.sra.17832	NC_021350_359864_361325	75.449	167	32	8	1762	1925	1371	1211	3.91e-16	89.7
ERR3077543.sra.17959	NC_014147_315691_317208	86.154	1560	91	63	1813	3290	1	1517	0.0	1669
ERR3077543.sra.18062	NC_021040_348381_351031	77.778	108	17	3	2648	2749	2602	2496	1.48e-13	80.6
ERR3077543.sra.18085	AF443790	82.138	1506	111	76	2709	4117	1	1445	0.0	1303
ERR3077543.sra.18109	NC_014147_315691_317208	88.739	817	41	34	2403	3201	1	784	0.0	951
ERR3077543.sra.18205	NC_014147_315691_317208	95.420	131	3	3	190	319	136	8	2.07e-49	199
ERR3077543.sra.18217	AF443790	80.438	1416	110	73	99	1377	60	1445	0.0	1126
ERR3077543.sra.18222	NC_014147_315691_317208	83.721	430	30	19	115	518	1102	1517	8.34e-113	410
ERR3077543.sra.18236	gi|509139559|ref|NC_021320.1|_Halovirus_HRTV-5,_complete_genome	83.333	60	8	2	3502	3561	55879	55936	2.05e-06	57.2
ERR3077543.sra.18517	NC_014147_315691_317208	85.039	127	10	5	4004	4126	1	122	3.88e-28	129
ERR3077543.sra.18563	gi|441431943|ref|NC_020104.1|_Acanthamoeba_polyphaga_moumouvirus,_complete_genome	70.874	206	44	8	3195	3393	474680	474876	1.80e-13	80.6
ERR3077543.sra.18644	NC_014147_315691_317208	86.375	822	52	32	1076	1848	2	812	0.0	888
ERR3077543.sra.18644	NC_014147_315691_317208	88.889	126	6	6	1848	1967	779	656	3.94e-33	145
ERR3077543.sra.18667	NC_014147_315691_317208	86.352	1546	81	64	1573	3017	1517	1	0.0	1665
ERR3077543.sra.18789	gi|310830989|ref|NC_014637.1|_Cafeteria_roenbergensis_virus_BV-PW1,_complete_genome	75.824	91	18	3	1302	1390	514847	514935	3.85e-06	55.4
ERR3077543.sra.18868	AF443790	87.830	1438	52	67	453	1823	64	1445	0.0	1613
ERR3077543.sra.18900	AF443790	86.640	1482	89	57	1862	3271	1	1445	0.0	1622
ERR3077543.sra.19011	NC_021350_359864_361325	72.653	245	45	10	1446	1681	1211	1442	9.66e-24	114
ERR3077543.sra.19031	gi|363539767|ref|NC_016072.1|_Megavirus_chiliensis,_complete_genome	69.412	170	44	4	4029	4193	930830	930664	4.94e-08	62.6
ERR3077543.sra.19144	GQ109759	82.527	1385	136	60	946	2258	1351	1	0.0	1232
ERR3077543.sra.19211	GQ098177	82.117	1398	134	65	5087	6412	1	1354	0.0	1205
ERR3077543.sra.19237	gi|313768203|ref|NC_014767.1|_Micromonas_sp._RCC1109_virus_MpV1,_complete_genome	73.958	96	19	2	856	948	19452	19360	1.61e-06	57.2
ERR3077543.sra.19267	gi|313767999|ref|NC_014765.1|_Bathycoccus_sp._RCC1105_virus_BpV1,_complete_genome	70.202	198	52	5	1952	2144	6755	6950	4.77e-12	75.2
ERR3077543.sra.19498	NC_014147_315691_317208	88.380	938	44	34	1262	2153	1518	600	0.0	1106
ERR3077543.sra.19505	NC_014147_315691_317208	92.050	478	10	16	3840	4298	4	472	0.0	645
ERR3077543.sra.19630	NC_021020_589522_591540	84.058	69	9	2	2608	2675	4	71	7.49e-10	68.0
ERR3077543.sra.19813	NC_014147_315691_317208	86.115	1534	76	70	1907	3320	1517	1	0.0	1615
ERR3077543.sra.19869	NC_014147_315691_317208	88.136	295	15	13	103	380	292	1	4.35e-90	334
ERR3077543.sra.19932	NC_021018_3070260_3072809	76.415	106	18	4	4793	4891	132	237	1.32e-09	68.0
ERR3077543.sra.19946	gi|313843970|ref|NC_014766.1|_Ostreococcus_lucimarinus_virus_OlV1,_complete_genome	73.874	111	23	3	2758	2864	16173	16065	3.66e-08	62.6
ERR3077543.sra.20046	NC_014147_315691_317208	81.942	587	40	26	112	644	575	1	3.93e-147	524
ERR3077543.sra.20116	NC_021350_359864_361325	68.672	482	116	19	2856	3317	986	1452	1.02e-29	134
ERR3077543.sra.20285	NC_021040_348381_351031	75.962	104	18	5	1915	2014	2578	2478	2.80e-07	59.0
ERR3077543.sra.20379	NC_021020_589522_591540	93.023	43	3	0	3346	3388	3	45	1.31e-08	64.4
ERR3077543.sra.20477	NC_021040_348381_351031	75.309	162	27	8	5487	5643	2602	2449	1.69e-15	87.8
ERR3077543.sra.20493	NC_021350_359864_361325	72.340	235	42	10	590	808	1216	1443	1.47e-21	107
ERR3077543.sra.20620	NC_021350_359864_361325	67.356	435	113	17	2794	3220	1000	1413	6.60e-18	95.1
ERR3077543.sra.20775	NC_021350_359864_361325	67.640	411	99	18	2409	2801	1395	1001	8.26e-17	91.5
ERR3077543.sra.20998	gi|441431943|ref|NC_020104.1|_Acanthamoeba_polyphaga_moumouvirus,_complete_genome	85.714	49	7	0	643	691	73763	73715	1.60e-06	57.2
ERR3077543.sra.21063	NC_014147_315691_317208	82.813	1571	105	79	1451	2911	1	1516	0.0	1409
ERR3077543.sra.21083	NC_014147_315691_317208	88.454	1559	54	62	563	2037	1517	1	0.0	1835
ERR3077543.sra.21127	NC_021350_359864_361325	67.788	416	103	18	1398	1786	1372	961	2.51e-17	93.3
ERR3077543.sra.21144	gi|472342562|ref|NC_020864.1|_Micromonas_pusilla_virus_12T_genomic_sequence	68.803	234	56	10	536	759	198666	198892	1.39e-08	64.4
ERR3077543.sra.21280	gi|119953744|ref|NC_008724.1|_Acanthocystis_turfacea_Chlorella_virus_1,_complete_genome	83.019	53	9	0	401	453	83805	83857	1.60e-06	55.4
ERR3077543.sra.21326	NC_014147_315691_317208	88.409	1018	54	34	2331	3305	1	997	0.0	1209
ERR3077543.sra.21329	NC_014147_315691_317208	85.083	362	30	17	2921	3267	1518	1166	4.26e-96	354
ERR3077543.sra.21378	gi|441431943|ref|NC_020104.1|_Acanthamoeba_polyphaga_moumouvirus,_complete_genome	84.000	50	8	0	2543	2592	165913	165864	6.04e-06	55.4
ERR3077543.sra.21465	gi|441431943|ref|NC_020104.1|_Acanthamoeba_polyphaga_moumouvirus,_complete_genome	74.576	177	37	7	3823	3997	474850	474680	2.87e-17	93.3
ERR3077543.sra.21465	gi|441431943|ref|NC_020104.1|_Acanthamoeba_polyphaga_moumouvirus,_complete_genome	73.504	117	28	3	3824	3939	290843	290957	1.70e-07	60.8
ERR3077543.sra.21517	gi|441431943|ref|NC_020104.1|_Acanthamoeba_polyphaga_moumouvirus,_complete_genome	88.462	52	5	1	594	644	73763	73712	9.88e-09	64.4
ERR3077543.sra.21525	NC_014147_315691_317208	87.026	1557	83	68	2406	3886	4	1517	0.0	1698
ERR3077543.sra.21532	NC_014147_315691_317208	82.159	1547	102	80	192	1593	1518	1	0.0	1342
ERR3077543.sra.21613	NC_021018_3070260_3072809	78.814	118	23	2	281	396	249	132	4.47e-17	93.3
ERR3077543.sra.21646	NC_014147_315691_317208	83.784	814	59	43	2784	3538	1518	719	0.0	746
ERR3077543.sra.21649	NC_014147_315691_317208	86.854	213	7	10	3169	3367	1518	1313	3.62e-59	232
ERR3077543.sra.21777	NC_021350_359864_361325	75.342	219	47	5	1644	1859	1446	1232	2.83e-30	136
ERR3077543.sra.21793	NC_014147_315691_317208	86.722	1092	43	48	2368	3382	1517	451	0.0	1191
ERR3077543.sra.21806	AF443790	88.921	1363	65	50	94	1391	1347	6	0.0	1629
ERR3077543.sra.21890	NC_014147_315691_317208	84.615	156	7	8	4752	4895	1504	1354	4.03e-35	152
ERR3077543.sra.21891	gi|506498026|ref|NC_021247.1|_Adoxophyes_honmai_enomopoxvirus_'L',_complete_genome	83.019	53	5	1	4270	4322	146126	146078	7.89e-06	55.4
ERR3077543.sra.21916	gi|21426071|ref|NC_004002.1|_Sheeppox_virus_17077-99,_complete_genome	80.597	67	12	1	2101	2167	5893	5958	4.36e-07	59.0
ERR3077543.sra.21924	gi|441431943|ref|NC_020104.1|_Acanthamoeba_polyphaga_moumouvirus,_complete_genome	77.679	112	21	3	1936	2046	474744	474852	1.42e-13	80.6
ERR3077543.sra.21924	gi|441431943|ref|NC_020104.1|_Acanthamoeba_polyphaga_moumouvirus,_complete_genome	73.913	115	26	3	1930	2043	290954	290843	3.82e-08	62.6
ERR3077543.sra.22020	AF443790	87.221	1479	88	62	508	1919	1	1445	0.0	1627
ERR3077543.sra.22060	NC_014147_315691_317208	84.772	394	27	21	106	474	1133	1518	1.12e-102	376
ERR3077543.sra.22152	NC_014147_315691_317208	79.633	599	51	36	2708	3260	14	587	1.93e-119	432
ERR3077543.sra.22176	NC_014147_315691_317208	82.776	598	48	27	105	668	577	1	1.64e-152	542
ERR3077543.sra.22261	NC_014147_315691_317208	89.037	301	15	11	106	398	294	4	5.41e-98	361
ERR3077543.sra.22431	NC_021040_348381_351031	72.308	130	33	3	179	306	2452	2580	1.54e-08	62.6
ERR3077543.sra.22548	NC_021350_359864_361325	73.973	219	46	7	2907	3116	1446	1230	1.93e-24	116
ERR3077543.sra.22609	gi|472342562|ref|NC_020864.1|_Micromonas_pusilla_virus_12T_genomic_sequence	68.860	228	52	7	1189	1398	198892	198666	1.60e-12	77.0
ERR3077543.sra.22621	NC_021350_359864_361325	72.414	261	48	12	1357	1612	1211	1452	4.71e-24	114
ERR3077543.sra.22629	NC_021350_359864_361325	69.438	445	111	18	2286	2716	1019	1452	1.31e-28	131
ERR3077543.sra.22638	gi|448824968|ref|NC_020232.1|_Megavirus_lba_isolate_LBA111,_complete_genome	76.344	93	20	1	152	244	518966	519056	3.64e-09	66.2
ERR3077543.sra.22728	NC_021350_359864_361325	71.429	203	42	9	782	977	1220	1413	6.26e-13	78.8
ERR3077543.sra.22848	gi|506497718|ref|NC_021246.1|_Mythimna_separata_entomopoxvirus_'L',_complete_genome	73.418	158	29	8	239	387	65933	66086	8.36e-11	71.6
ERR3077543.sra.22882	NC_014147_315691_317208	84.207	1545	123	62	687	2145	1510	1	0.0	1516
ERR3077543.sra.23042	gi|379765038|ref|NC_016961.1|_Whataroa_virus,_complete_genome	85.185	54	5	1	200	250	11616	11563	1.34e-07	60.8
ERR3077543.sra.23047	NC_014147_315691_317208	85.889	1552	110	66	382	1858	1518	1	0.0	1613
ERR3077543.sra.23089	NC_021350_359864_361325	72.908	251	49	12	599	845	1452	1217	3.02e-22	109
ERR3077543.sra.23217	NC_014147_315691_317208	91.667	264	7	9	96	348	260	1	5.80e-95	351
ERR3077543.sra.23231	gi|506497718|ref|NC_021246.1|_Mythimna_separata_entomopoxvirus_'L',_complete_genome	88.889	45	4	1	260	303	257801	257845	6.69e-06	55.4
ERR3077543.sra.23290	NC_021350_359864_361325	72.766	235	54	9	1870	2099	1452	1223	1.98e-20	104
ERR3077543.sra.23301	AM420053	82.903	1316	108	58	3348	4589	1	1273	0.0	1204
ERR3077543.sra.23383	gi|441431943|ref|NC_020104.1|_Acanthamoeba_polyphaga_moumouvirus,_complete_genome	75.127	197	43	5	714	907	474873	474680	3.15e-25	118
ERR3077543.sra.23383	gi|441431943|ref|NC_020104.1|_Acanthamoeba_polyphaga_moumouvirus,_complete_genome	74.359	117	28	2	736	852	290843	290957	1.43e-10	69.8
ERR3077543.sra.23405	NC_021350_359864_361325	70.548	146	33	4	2671	2807	1308	1452	1.22e-07	60.8
ERR3077543.sra.23566	NC_021350_359864_361325	73.171	246	53	5	843	1079	1452	1211	1.09e-30	136
ERR3077543.sra.23566	NC_021350_359864_361325	73.786	103	21	3	1225	1325	1059	961	8.38e-07	57.2
ERR3077543.sra.23610	NC_014147_315691_317208	90.264	1551	46	54	1048	2526	1	1518	0.0	1968
ERR3077543.sra.23714	gi|313767999|ref|NC_014765.1|_Bathycoccus_sp._RCC1105_virus_BpV1,_complete_genome	66.246	317	84	10	2224	2526	6668	6975	4.40e-09	66.2
ERR3077543.sra.23737	AM420053	82.257	1533	145	67	1882	3323	1497	1	0.0	1352
ERR3077543.sra.23818	NC_021350_359864_361325	69.481	462	110	16	2451	2885	986	1443	9.68e-36	154
