ERR3077544.sra.33	NC_000907_127172_128720	94.231	52	2	1	4645	4695	1549	1498	2.45e-12	77.0
ERR3077544.sra.57	NC_021009_505857_508732	73.494	249	56	8	881	1125	189	431	1.72e-27	125
ERR3077544.sra.86	NC_007146_193215_194753	81.804	654	64	27	51	664	896	1534	2.61e-161	571
ERR3077544.sra.125	NC_000907_127172_128720	78.966	561	63	27	58	585	1007	1545	2.54e-112	408
ERR3077544.sra.147	gi|370702946|ref|NC_004156.2|_Helicoverpa_zea_nudivirus_2,_complete_genome	71.429	154	29	8	1847	1999	175589	175450	1.23e-06	57.2
ERR3077544.sra.161	AY613590	84.512	1569	103	68	275	1734	1538	1	0.0	1553
ERR3077544.sra.229	NC_007146_193215_194753	77.714	1041	129	49	3454	4405	3	1029	0.0	704
ERR3077544.sra.239	gi|441431943|ref|NC_020104.1|_Acanthamoeba_polyphaga_moumouvirus,_complete_genome	72.778	180	42	7	1452	1627	474689	474865	3.82e-13	78.8
ERR3077544.sra.251	NC_021350_359864_361325	72.043	465	102	14	520	965	1452	997	1.79e-54	215
ERR3077544.sra.259	NC_000907_127172_128720	82.468	154	9	10	3094	3238	1549	1405	1.06e-27	127
ERR3077544.sra.274	NC_007146_193215_194753	88.088	957	42	35	1348	2241	1	948	0.0	1119
ERR3077544.sra.295	NC_021350_359864_361325	73.214	336	67	11	82	404	1320	995	1.41e-41	172
ERR3077544.sra.296	NC_016809_179310_180858	87.004	1008	37	50	1389	2341	1549	581	0.0	1086
ERR3077544.sra.339	gi|363539767|ref|NC_016072.1|_Megavirus_chiliensis,_complete_genome	73.770	122	23	5	1565	1679	550528	550409	2.80e-08	62.6
ERR3077544.sra.354	NC_000907_127172_128720	77.188	320	37	23	2681	2985	1549	1251	6.18e-43	178
ERR3077544.sra.367	AY613590	86.124	836	50	35	2330	3123	3	814	0.0	886
ERR3077544.sra.387	gi|506498610|ref|NC_021249.1|_Choristoneura_rosaceana_entomopoxvirus_'L',_complete_genome	86.000	50	6	1	275	323	14760	14711	5.28e-06	55.4
ERR3077544.sra.447	NC_021040_348381_351031	79.464	112	21	2	723	833	2478	2588	8.62e-17	91.5
ERR3077544.sra.593	AY613590	82.868	1576	133	68	100	1576	1	1538	0.0	1442
ERR3077544.sra.602	NC_021290_106184_107738	95.556	45	2	0	2703	2747	1	45	1.76e-11	73.4
ERR3077544.sra.616	NC_014922_427300_428848	82.495	457	43	25	2400	2825	3	453	2.18e-105	385
ERR3077544.sra.638	NC_000907_127172_128720	84.649	456	25	23	51	474	1107	1549	2.78e-123	444
ERR3077544.sra.656	NC_014920_160651_162199	88.571	735	33	31	3379	4070	1	727	0.0	854
ERR3077544.sra.660	AY995768	85.548	1550	109	66	1061	2549	1	1496	0.0	1595
ERR3077544.sra.676	AY613590	86.709	1565	91	64	344	1819	1537	1	0.0	1701
ERR3077544.sra.698	NC_007146_193215_194753	84.525	853	52	40	3335	4128	20	851	0.0	836
ERR3077544.sra.722	NC_021009_505857_508732	82.895	76	9	3	1853	1925	186	260	1.94e-10	69.8
ERR3077544.sra.722	NC_021009_505857_508732	82.456	57	9	1	2041	2097	380	435	4.26e-06	55.4
ERR3077544.sra.742	NC_021040_348381_351031	78.750	160	26	7	2310	2464	2604	2448	8.23e-23	111
ERR3077544.sra.744	NC_021009_505857_508732	72.426	272	58	12	1809	2070	190	454	4.80e-24	114
ERR3077544.sra.747	NC_016809_179310_180858	86.180	1042	60	48	90	1090	999	1	0.0	1090
ERR3077544.sra.764	NC_021350_359864_361325	69.039	281	65	11	2119	2386	1055	1326	2.37e-15	86.0
ERR3077544.sra.800	X87976	77.251	1055	105	66	1491	2441	1429	406	0.0	646
ERR3077544.sra.890	NC_021350_359864_361325	68.689	412	103	17	2357	2756	1055	1452	3.23e-22	109
ERR3077544.sra.891	AY613590	80.038	1573	126	87	1349	2770	1538	3	0.0	1198
ERR3077544.sra.905	NC_021040_348381_351031	77.241	145	24	8	714	855	2451	2589	3.45e-15	86.0
ERR3077544.sra.1021	NC_016809_179310_180858	87.730	163	5	5	3293	3440	1	163	2.65e-48	196
ERR3077544.sra.1126	gi|448824968|ref|NC_020232.1|_Megavirus_lba_isolate_LBA111,_complete_genome	71.168	274	64	9	1445	1706	519028	518758	8.44e-23	111
ERR3077544.sra.1181	AY613590	86.088	841	59	28	1870	2663	1538	709	0.0	915
ERR3077544.sra.1262	NC_021009_505857_508732	72.065	247	48	10	1697	1930	186	424	2.03e-22	109
ERR3077544.sra.1293	NC_007146_193215_194753	79.075	822	78	48	3307	4058	20	817	9.00e-163	576
ERR3077544.sra.1353	gi|313767999|ref|NC_014765.1|_Bathycoccus_sp._RCC1105_virus_BpV1,_complete_genome	67.136	426	107	20	1813	2222	11641	11233	1.55e-12	77.0
ERR3077544.sra.1372	NC_021350_359864_361325	70.851	470	115	14	1796	2257	1452	997	1.07e-45	187
ERR3077544.sra.1382	gi|441431943|ref|NC_020104.1|_Acanthamoeba_polyphaga_moumouvirus,_complete_genome	71.875	128	24	5	593	710	474740	474865	8.11e-07	57.2
ERR3077544.sra.1423	AY613590	86.753	1306	59	58	55	1275	1277	1	0.0	1416
ERR3077544.sra.1448	NC_016809_179310_180858	85.882	340	17	13	3330	3646	1	332	7.52e-100	367
ERR3077544.sra.1544	gi|582973099|ref|NC_023426.1|_Anomala_cuprea_entomopoxvirus_DNA,_complete_genome,_strain:_CV6M	76.404	89	16	2	1072	1160	48780	48863	4.52e-08	62.6
ERR3077544.sra.1574	NC_021350_359864_361325	69.072	388	86	16	2657	3020	992	1369	5.87e-25	118
ERR3077544.sra.1584	gi|310830989|ref|NC_014637.1|_Cafeteria_roenbergensis_virus_BV-PW1,_complete_genome	83.019	53	9	0	3473	3525	526854	526906	7.90e-06	55.4
ERR3077544.sra.1616	AY613590	83.869	1587	111	81	775	2275	8	1535	0.0	1474
ERR3077544.sra.1618	AY005033	84.231	1579	129	68	862	2367	1	1532	0.0	1528
ERR3077544.sra.1837	NC_018706_214504_216058	80.412	97	14	2	1896	1987	99	3	3.20e-15	86.0
ERR3077544.sra.1922	NC_000907_127172_128720	87.340	624	27	25	52	629	932	1549	0.0	704
ERR3077544.sra.1967	NC_007146_193215_194753	83.410	874	53	46	43	849	850	2	0.0	798
ERR3077544.sra.1996	NC_019902_3560018_3561620	97.059	34	1	0	184	217	34	1	1.82e-06	57.2
ERR3077544.sra.2003	NC_021040_348381_351031	82.418	91	10	6	2098	2186	2584	2498	5.94e-11	71.6
ERR3077544.sra.2006	AY613590	77.502	1209	137	71	35	1138	1182	4	0.0	756
ERR3077544.sra.2009	AY613590	81.628	909	62	51	91	924	883	5	0.0	751
ERR3077544.sra.2011	NC_016809_179310_180858	77.799	1554	174	89	2056	3502	1541	52	0.0	1000
ERR3077544.sra.2025	gi|448824968|ref|NC_020232.1|_Megavirus_lba_isolate_LBA111,_complete_genome	69.312	189	45	6	2820	3000	519028	518845	1.11e-08	64.4
ERR3077544.sra.2051	NC_007146_193215_194753	77.601	817	81	39	91	841	793	13	1.00e-159	565
ERR3077544.sra.2134	gi|441431943|ref|NC_020104.1|_Acanthamoeba_polyphaga_moumouvirus,_complete_genome	88.889	45	4	1	476	519	627890	627846	5.35e-06	55.4
ERR3077544.sra.2155	AY613590	87.135	1337	73	58	1028	2300	1532	231	0.0	1463
ERR3077544.sra.2195	gi|821316663|ref|NC_023876.2|_Andrographis_yellow_vein_leaf_curl_betasatellite_clone_bt-2,_complete_sequence	80.645	62	9	1	16	77	789	847	1.23e-06	57.2
ERR3077544.sra.2200	NC_009567_443072_444611	78.814	1180	91	69	1421	2462	4	1162	0.0	834
ERR3077544.sra.2353	NC_021350_359864_361325	70.047	424	95	14	2374	2773	1452	1037	5.79e-37	158
ERR3077544.sra.2356	NC_021350_359864_361325	71.006	338	74	14	2876	3201	1452	1127	1.09e-27	127
ERR3077544.sra.2378	AY613590	80.664	1386	119	73	2276	3573	8	1332	0.0	1097
ERR3077544.sra.2487	AY613590	87.006	1593	88	75	1877	3405	1	1538	0.0	1709
ERR3077544.sra.2519	AY613590	86.233	1598	86	73	1661	3184	1	1538	0.0	1682
ERR3077544.sra.2524	L06168	83.198	863	70	38	1362	2178	1	834	0.0	809
ERR3077544.sra.2568	NC_021350_359864_361325	72.377	467	87	19	1937	2374	1450	997	7.17e-54	214
ERR3077544.sra.2599	gi|340025671|ref|NC_000852.5|_Paramecium_bursaria_Chlorella_virus_1,_complete_genome	87.755	49	6	0	2150	2198	165717	165765	2.71e-08	62.6
ERR3077544.sra.2599	gi|340025671|ref|NC_000852.5|_Paramecium_bursaria_Chlorella_virus_1,_complete_genome	85.714	49	7	0	2150	2198	165338	165386	1.15e-06	57.2
ERR3077544.sra.2599	gi|340025671|ref|NC_000852.5|_Paramecium_bursaria_Chlorella_virus_1,_complete_genome	85.714	49	7	0	2150	2198	165511	165559	1.15e-06	57.2
ERR3077544.sra.2600	NC_021350_359864_361325	69.231	455	106	20	2618	3053	977	1416	8.25e-29	131
ERR3077544.sra.2688	AY613590	84.678	1586	106	67	1644	3144	3	1536	0.0	1586
ERR3077544.sra.2693	AY613590	85.861	1563	95	78	926	2394	1531	1	0.0	1584
ERR3077544.sra.2718	NC_018706_214504_216058	86.441	59	5	1	1799	1854	78	20	2.33e-10	69.8
ERR3077544.sra.2719	gi|441431943|ref|NC_020104.1|_Acanthamoeba_polyphaga_moumouvirus,_complete_genome	77.305	141	21	8	667	804	474872	474740	9.83e-15	84.2
ERR3077544.sra.2724	NC_016809_179310_180858	90.419	167	10	3	1977	2139	1	165	4.17e-56	221
ERR3077544.sra.2752	NC_007146_193215_194753	81.876	949	60	53	3734	4582	1	937	0.0	798
ERR3077544.sra.2768	NC_004088_12016_13600	81.373	102	11	5	2201	2299	1579	1483	8.10e-15	84.2
ERR3077544.sra.2810	AF224299	81.647	1542	156	79	691	2144	7	1509	0.0	1263
ERR3077544.sra.2815	NC_021350_359864_361325	71.429	315	71	12	3343	3642	1142	1452	4.40e-27	125
ERR3077544.sra.2823	NC_021350_359864_361325	74.286	245	39	10	762	994	1211	1443	5.12e-30	134
ERR3077544.sra.2891	AY613590	84.644	1589	108	71	1829	3332	1	1538	0.0	1568
ERR3077544.sra.2899	NC_007146_193215_194753	76.542	1556	163	98	651	2045	2	1516	0.0	901
ERR3077544.sra.2906	AY613590	87.261	1570	92	58	1828	3321	1	1538	0.0	1766
ERR3077544.sra.2939	NC_021350_359864_361325	74.830	147	31	4	102	243	1301	1446	3.65e-15	86.0
ERR3077544.sra.2967	NC_016809_179310_180858	85.567	291	22	13	6	282	285	1	2.57e-78	295
ERR3077544.sra.2987	NC_021350_359864_361325	69.139	418	95	20	2976	3374	1394	992	2.96e-23	113
ERR3077544.sra.2994	NC_018706_214504_216058	81.053	95	13	2	976	1065	6	100	2.59e-15	86.0
ERR3077544.sra.3043	AY613590	84.546	1003	75	49	2684	3627	1538	557	0.0	962
ERR3077544.sra.3121	gi|139424470|ref|NC_009334.1|_Human_herpesvirus_4,_complete_genome	79.858	2115	186	127	497	2448	114171	112134	0.0	1537
ERR3077544.sra.3121	gi|139424470|ref|NC_009334.1|_Human_herpesvirus_4,_complete_genome	83.562	365	21	20	75	408	114696	114340	1.05e-89	333
ERR3077544.sra.3124	gi|441431943|ref|NC_020104.1|_Acanthamoeba_polyphaga_moumouvirus,_complete_genome	78.788	132	22	5	2124	2251	474872	474743	6.38e-18	95.1
ERR3077544.sra.3132	NC_007146_193215_194753	87.359	799	36	36	131	897	770	5	0.0	883
ERR3077544.sra.3143	gi|32453825|ref|NC_004927.1|_Halovirus_HF1,_complete_genome	84.483	58	8	1	1975	2031	20743	20800	1.02e-07	60.8
ERR3077544.sra.3188	AF224299	83.513	1019	86	45	94	1052	509	1505	0.0	951
ERR3077544.sra.3248	NC_021350_359864_361325	73.002	463	106	11	2154	2610	995	1444	2.13e-61	239
ERR3077544.sra.3253	gi|310830989|ref|NC_014637.1|_Cafeteria_roenbergensis_virus_BV-PW1,_complete_genome	69.634	191	42	9	2263	2443	35034	35218	1.66e-06	57.2
ERR3077544.sra.3266	NC_007146_193215_194753	85.480	792	59	35	90	854	766	4	0.0	803
ERR3077544.sra.3273	gi|310830989|ref|NC_014637.1|_Cafeteria_roenbergensis_virus_BV-PW1,_complete_genome	73.256	172	32	5	391	550	451443	451274	3.10e-17	93.3
ERR3077544.sra.3317	NC_014920_160651_162199	85.714	1169	78	53	1883	2988	1	1143	0.0	1196
ERR3077544.sra.3337	NC_016809_179310_180858	77.281	1589	197	88	701	2168	3	1548	0.0	989
ERR3077544.sra.3344	AY613590	85.129	1587	89	76	918	2406	1	1538	0.0	1588
ERR3077544.sra.3484	NC_000907_127172_128720	84.516	155	15	7	2379	2530	1549	1401	2.55e-34	149
ERR3077544.sra.3517	NC_021009_505857_508732	69.880	249	57	11	56	292	428	186	6.02e-13	78.8
ERR3077544.sra.3538	NC_015460_612647_614171	85.593	236	9	10	1673	1889	8	237	7.59e-65	250
ERR3077544.sra.3587	NC_021040_348381_351031	74.834	151	31	6	1255	1400	2451	2599	1.44e-13	80.6
ERR3077544.sra.3598	AY613590	83.934	1332	83	69	1192	2469	1	1255	0.0	1245
ERR3077544.sra.3606	NC_016809_179310_180858	88.889	153	6	6	55	205	146	3	1.00e-44	183
ERR3077544.sra.3618	gi|332290587|ref|NC_015467.1|_Groundnut_ringspot_and_Tomato_chlorotic_spot_virus_reassortant_segment_S,_complete_genome	83.951	81	9	2	1	77	1882	1802	3.88e-14	82.4
ERR3077544.sra.3630	AY613590	87.358	1582	99	55	632	2156	1	1538	0.0	1795
ERR3077544.sra.3671	NC_016809_179310_180858	81.183	744	61	47	126	811	723	1	3.25e-161	571
ERR3077544.sra.3718	NC_018706_214504_216058	79.762	84	8	4	399	476	6	86	1.19e-09	66.2
ERR3077544.sra.3775	NC_016809_179310_180858	85.479	365	19	18	80	423	352	1	1.40e-100	369
ERR3077544.sra.3819	gi|441431943|ref|NC_020104.1|_Acanthamoeba_polyphaga_moumouvirus,_complete_genome	78.302	106	18	5	602	704	474853	474750	1.38e-10	69.8
ERR3077544.sra.3837	NC_009567_443072_444611	87.607	1404	72	55	2505	3837	1540	168	0.0	1591
ERR3077544.sra.3842	AY613590	83.366	1509	109	66	120	1511	1484	1	0.0	1420
ERR3077544.sra.3867	gi|310830989|ref|NC_014637.1|_Cafeteria_roenbergensis_virus_BV-PW1,_complete_genome	76.636	107	24	1	924	1030	451433	451328	1.56e-12	77.0
ERR3077544.sra.3930	gi|20153336|ref|NC_003624.1|_Impatiens_necrotic_spot_virus_segment_S,_complete_sequence	85.714	49	7	0	2836	2884	1773	1725	1.89e-06	57.2
ERR3077544.sra.3983	gi|32453825|ref|NC_004927.1|_Halovirus_HF1,_complete_genome	82.759	58	9	1	1480	1536	20800	20743	1.28e-06	57.2
ERR3077544.sra.4098	gi|314055095|ref|NC_014789.1|_Ostreococcus_tauri_virus_2,_complete_genome	83.051	59	10	0	1027	1085	3096	3038	4.02e-08	62.6
ERR3077544.sra.4127	gi|363539767|ref|NC_016072.1|_Megavirus_chiliensis,_complete_genome	84.000	50	8	0	2176	2225	352688	352639	5.19e-06	55.4
ERR3077544.sra.4164	gi|313767999|ref|NC_014765.1|_Bathycoccus_sp._RCC1105_virus_BpV1,_complete_genome	68.182	198	49	6	812	999	11561	11368	3.63e-07	59.0
ERR3077544.sra.4320	NC_021350_359864_361325	71.186	472	104	16	1938	2388	992	1452	2.25e-48	196
ERR3077544.sra.4355	AY613590	84.967	1510	102	57	441	1846	1538	50	0.0	1555
ERR3077544.sra.4366	NC_016809_179310_180858	87.112	869	52	31	78	902	696	1548	0.0	976
ERR3077544.sra.4380	NC_000907_127172_128720	83.962	318	29	13	1435	1742	1549	1244	1.04e-81	306
ERR3077544.sra.4382	NC_021040_348381_351031	75.676	111	17	5	2381	2485	2598	2492	2.96e-09	66.2
ERR3077544.sra.4402	NC_018706_214504_216058	81.928	83	13	1	1695	1775	6	88	1.21e-13	80.6
ERR3077544.sra.4419	NC_022584_1536869_1538421	87.097	62	5	2	89	147	62	1	2.22e-10	69.8
ERR3077544.sra.4494	NC_007146_193215_194753	80.388	928	85	41	1586	2433	7	917	0.0	756
ERR3077544.sra.4504	NC_021040_348381_351031	78.261	92	11	5	2830	2916	2586	2499	4.12e-08	62.6
ERR3077544.sra.4530	NC_018706_214504_216058	81.000	100	15	4	1068	1166	105	9	1.36e-13	80.6
ERR3077544.sra.4581	AY613590	87.176	1583	90	65	1865	3379	1	1538	0.0	1748
ERR3077544.sra.4596	NC_000907_127172_128720	82.447	188	19	9	48	229	1370	1549	1.63e-38	163
ERR3077544.sra.4639	NC_021350_359864_361325	73.125	320	69	11	141	450	1131	1443	2.03e-36	156
ERR3077544.sra.4694	NC_021040_348381_351031	77.419	155	28	6	98	248	2453	2604	4.38e-20	102
ERR3077544.sra.4721	NC_021350_359864_361325	71.946	221	47	6	2733	2941	1428	1211	3.20e-21	105
ERR3077544.sra.4788	NC_007146_193215_194753	80.767	1591	116	93	832	2285	2	1539	0.0	1242
ERR3077544.sra.4829	NC_021040_348381_351031	78.195	133	19	7	500	627	2478	2605	6.78e-16	87.8
ERR3077544.sra.4839	NC_020450_475434_475549	77.500	80	16	1	1198	1277	101	24	1.09e-07	60.8
ERR3077544.sra.4926	NC_007146_193215_194753	85.089	959	59	49	903	1795	1	941	0.0	940
ERR3077544.sra.4965	AY613590	88.584	1568	59	66	1190	2678	3	1529	0.0	1831
ERR3077544.sra.4988	NC_021350_359864_361325	70.339	472	103	20	942	1400	996	1443	1.34e-38	163
ERR3077544.sra.4993	AY613590	81.294	1577	103	81	495	1918	1	1538	0.0	1323
ERR3077544.sra.5088	gi|340025671|ref|NC_000852.5|_Paramecium_bursaria_Chlorella_virus_1,_complete_genome	85.714	49	7	0	508	556	165717	165765	1.08e-06	57.2
ERR3077544.sra.5093	NC_021040_348381_351031	76.271	118	20	5	969	1085	2492	2602	3.42e-11	71.6
ERR3077544.sra.5102	NC_021350_359864_361325	71.395	430	89	16	772	1175	992	1413	1.31e-43	179
ERR3077544.sra.5120	gi|340025671|ref|NC_000852.5|_Paramecium_bursaria_Chlorella_virus_1,_complete_genome	86.275	51	6	1	826	875	165717	165767	1.88e-06	57.2
ERR3077544.sra.5142	NC_016809_179310_180858	79.715	281	30	18	2945	3210	1549	1281	8.64e-48	194
ERR3077544.sra.5186	gi|313767999|ref|NC_014765.1|_Bathycoccus_sp._RCC1105_virus_BpV1,_complete_genome	68.085	282	63	11	2221	2486	11641	11371	3.74e-13	78.8
ERR3077544.sra.5194	gi|32453825|ref|NC_004927.1|_Halovirus_HF1,_complete_genome	84.483	58	8	1	223	279	20800	20743	9.70e-08	60.8
ERR3077544.sra.5201	NC_021350_359864_361325	72.350	434	98	11	3470	3886	1424	996	4.62e-53	212
ERR3077544.sra.5269	NC_017451_357249_358787	87.429	525	34	20	932	1445	1	504	5.05e-167	589
ERR3077544.sra.5381	NC_018706_214504_216058	79.310	87	11	4	953	1033	88	3	9.46e-09	64.4
ERR3077544.sra.5407	NC_016809_179310_180858	86.189	391	22	21	88	462	1166	1540	1.23e-108	396
ERR3077544.sra.5409	AY613590	85.946	1416	95	59	79	1440	173	1538	0.0	1485
ERR3077544.sra.5448	NC_021040_348381_351031	84.071	113	14	4	1859	1968	2589	2478	2.06e-22	109
ERR3077544.sra.5456	NC_021040_348381_351031	79.091	110	21	2	3530	3639	2599	2492	1.09e-15	87.8
ERR3077544.sra.5467	NC_015460_612647_614171	79.245	159	19	6	1500	1651	4	155	6.65e-27	123
ERR3077544.sra.5507	NC_007146_193215_194753	84.687	751	58	32	99	816	727	1	0.0	744
ERR3077544.sra.5541	AY613590	85.723	1576	107	64	1595	3099	8	1536	0.0	1645
ERR3077544.sra.5579	AY613590	86.035	1561	84	73	850	2302	1535	1	0.0	1624
ERR3077544.sra.5591	NC_021040_348381_351031	77.099	131	23	6	2608	2734	2589	2462	1.48e-13	80.6
ERR3077544.sra.5626	AY613590	84.783	1564	105	68	816	2279	1531	1	0.0	1561
ERR3077544.sra.5637	AY879305	87.276	1061	57	44	64	1078	490	1518	0.0	1177
ERR3077544.sra.5723	NC_021350_359864_361325	72.059	272	60	9	2594	2852	1184	1452	4.85e-26	122
ERR3077544.sra.5789	gi|32453825|ref|NC_004927.1|_Halovirus_HF1,_complete_genome	82.759	58	9	1	1430	1486	20743	20800	2.02e-06	57.2
ERR3077544.sra.5824	NC_009567_443072_444611	87.037	1242	68	53	2647	3810	9	1235	0.0	1359
ERR3077544.sra.5832	NC_021040_348381_351031	82.243	107	14	4	3613	3718	2598	2496	7.44e-18	95.1
ERR3077544.sra.5929	NC_007146_193215_194753	82.898	766	65	32	1531	2246	1	750	0.0	706
ERR3077544.sra.5952	gi|340025671|ref|NC_000852.5|_Paramecium_bursaria_Chlorella_virus_1,_complete_genome	84.000	50	8	0	355	404	165718	165767	3.86e-06	55.4
ERR3077544.sra.6100	NC_021040_348381_351031	75.000	104	16	5	82	183	2478	2573	1.42e-06	57.2
ERR3077544.sra.6199	NC_000907_127172_128720	90.264	606	22	21	2472	3050	2	597	0.0	765
ERR3077544.sra.6208	gi|472342562|ref|NC_020864.1|_Micromonas_pusilla_virus_12T_genomic_sequence	70.667	150	35	5	77	224	166820	166678	4.63e-07	59.0
ERR3077544.sra.6277	NC_021350_359864_361325	69.892	465	98	22	1484	1926	997	1441	1.16e-33	147
ERR3077544.sra.6278	NC_021009_505857_508732	75.625	160	31	4	1982	2137	186	341	3.19e-20	102
ERR3077544.sra.6279	AY613590	85.797	1563	100	62	572	2040	1538	4	0.0	1649
ERR3077544.sra.6317	NC_021009_505857_508732	70.566	265	61	10	2024	2280	186	441	1.49e-18	96.9
ERR3077544.sra.6392	NC_017451_357249_358787	84.237	1586	109	72	439	1934	2	1536	0.0	1535
ERR3077544.sra.6412	NC_021009_505857_508732	71.484	256	43	15	1823	2061	186	428	1.46e-17	93.3
ERR3077544.sra.6432	AY278611	79.019	1549	147	90	799	2220	1498	1	0.0	1083
ERR3077544.sra.6441	AF003929	81.075	856	66	46	94	869	850	11	0.0	693
ERR3077544.sra.6442	NC_000907_127172_128720	85.465	688	37	31	69	730	651	1	0.0	708
ERR3077544.sra.6457	NC_007146_193215_194753	85.244	1064	71	48	93	1101	1039	7	0.0	1072
ERR3077544.sra.6475	gi|310830989|ref|NC_014637.1|_Cafeteria_roenbergensis_virus_BV-PW1,_complete_genome	77.519	129	22	4	2822	2947	451319	451443	8.29e-17	91.5
ERR3077544.sra.6495	NC_021040_348381_351031	75.410	122	19	6	770	886	2474	2589	8.03e-10	68.0
ERR3077544.sra.6498	AY613590	82.514	1567	129	67	161	1619	1532	3	0.0	1420
ERR3077544.sra.6530	NC_016809_179310_180858	84.923	325	28	17	1479	1793	1	314	3.04e-82	307
ERR3077544.sra.6557	NC_021350_359864_361325	72.269	476	89	19	1323	1773	1449	992	4.38e-55	217
ERR3077544.sra.6582	AY613590	73.946	1589	201	106	1428	2867	5	1529	0.0	713
ERR3077544.sra.6633	AY613590	84.714	857	66	42	40	856	687	1518	0.0	825
ERR3077544.sra.6650	gi|441431943|ref|NC_020104.1|_Acanthamoeba_polyphaga_moumouvirus,_complete_genome	74.815	135	29	5	2188	2319	474740	474872	2.00e-11	73.4
ERR3077544.sra.6659	NC_015964_438409_439961	87.500	80	3	3	78	151	84	6	2.00e-17	93.3
ERR3077544.sra.6692	NC_016809_179310_180858	82.432	814	66	40	65	829	786	1	0.0	713
ERR3077544.sra.6701	NC_016809_179310_180858	81.333	375	34	21	2021	2369	1	365	2.09e-79	298
ERR3077544.sra.6702	AY879305	85.143	1501	100	62	869	2274	1478	6	0.0	1534
ERR3077544.sra.6708	NC_021009_505857_508732	81.319	91	12	3	218	307	277	191	3.13e-13	78.8
ERR3077544.sra.6936	X87976	78.514	1252	122	78	106	1263	231	1429	0.0	827
ERR3077544.sra.6940	NC_018706_214504_216058	75.510	98	21	1	842	939	6	100	6.64e-10	68.0
ERR3077544.sra.6986	NC_021009_505857_508732	76.316	152	23	7	2249	2390	186	334	1.62e-17	93.3
ERR3077544.sra.7029	NC_021350_359864_361325	71.661	307	66	10	72	365	1284	986	1.81e-30	136
ERR3077544.sra.7065	NC_021350_359864_361325	68.052	385	93	15	591	955	998	1372	1.56e-19	100
ERR3077544.sra.7093	NC_021350_359864_361325	68.345	417	100	16	937	1334	1049	1452	5.30e-24	114
ERR3077544.sra.7133	gi|310830989|ref|NC_014637.1|_Cafeteria_roenbergensis_virus_BV-PW1,_complete_genome	72.973	148	29	6	3132	3273	451455	451313	3.08e-10	69.8
ERR3077544.sra.7137	AY613590	83.597	1579	118	80	1034	2518	1	1532	0.0	1447
ERR3077544.sra.7141	gi|441431943|ref|NC_020104.1|_Acanthamoeba_polyphaga_moumouvirus,_complete_genome	78.571	70	14	1	754	823	779914	779846	4.82e-06	55.4
ERR3077544.sra.7168	NC_000907_127172_128720	85.979	378	17	19	110	470	1191	1549	2.96e-107	390
ERR3077544.sra.7185	gi|526118633|ref|NC_021858.1|_Pandoravirus_dulcis,_complete_genome	86.000	50	7	0	1681	1730	1369373	1369324	3.94e-07	59.0
ERR3077544.sra.7227	gi|506497718|ref|NC_021246.1|_Mythimna_separata_entomopoxvirus_'L',_complete_genome	79.268	82	13	4	1461	1540	38088	38167	1.47e-06	57.2
ERR3077544.sra.7242	NC_016809_179310_180858	88.136	118	7	4	2715	2825	1	118	5.16e-31	138
ERR3077544.sra.7274	NC_016809_179310_180858	82.474	194	15	10	2597	2785	1516	1337	2.98e-40	168
ERR3077544.sra.7277	NC_007146_193215_194753	80.050	1589	143	83	1715	3189	1539	11	0.0	1220
ERR3077544.sra.7286	AY613590	82.312	718	50	40	1730	2399	1	689	7.33e-174	612
ERR3077544.sra.7298	NC_021350_359864_361325	76.471	102	20	1	2476	2573	985	1086	4.72e-12	75.2
ERR3077544.sra.7345	NC_017451_357249_358787	81.894	834	74	46	2164	2937	1533	717	0.0	686
ERR3077544.sra.7364	AY613590	79.811	1060	127	53	124	1126	509	1538	0.0	787
ERR3077544.sra.7406	NC_007146_193215_194753	78.244	786	62	40	1865	2565	17	778	1.02e-159	565
ERR3077544.sra.7411	gi|441431943|ref|NC_020104.1|_Acanthamoeba_polyphaga_moumouvirus,_complete_genome	73.494	166	35	6	2692	2850	474894	474731	4.55e-14	82.4
ERR3077544.sra.7429	gi|441431943|ref|NC_020104.1|_Acanthamoeba_polyphaga_moumouvirus,_complete_genome	86.667	45	6	0	703	747	963456	963500	5.08e-06	55.4
ERR3077544.sra.7512	NC_007146_193215_194753	80.088	1592	159	82	1322	2813	1538	5	0.0	1214
ERR3077544.sra.7518	gi|340025671|ref|NC_000852.5|_Paramecium_bursaria_Chlorella_virus_1,_complete_genome	86.275	51	7	0	1154	1204	165717	165767	1.84e-07	60.8
ERR3077544.sra.7518	gi|340025671|ref|NC_000852.5|_Paramecium_bursaria_Chlorella_virus_1,_complete_genome	84.314	51	8	0	1154	1204	165338	165388	2.24e-06	57.2
ERR3077544.sra.7518	gi|340025671|ref|NC_000852.5|_Paramecium_bursaria_Chlorella_virus_1,_complete_genome	84.314	51	8	0	1154	1204	165511	165561	2.24e-06	57.2
ERR3077544.sra.7560	AY613590	83.088	952	74	45	49	947	621	1538	0.0	866
ERR3077544.sra.7701	NC_015460_612647_614171	89.691	97	2	6	3510	3600	30	124	9.09e-23	111
ERR3077544.sra.7718	NC_016809_179310_180858	82.941	170	11	9	66	223	165	2	3.50e-35	152
ERR3077544.sra.7812	X87976	84.566	1393	93	69	2380	3694	2	1350	0.0	1342
ERR3077544.sra.7835	NC_018706_214504_216058	82.353	85	11	3	2174	2256	6	88	1.25e-12	77.0
ERR3077544.sra.7864	gi|30018262|ref|NC_004730.1|_Indian_peanut_clump_virus_RNA_2,_complete_sequence	82.456	57	10	0	2	58	2221	2165	3.17e-07	59.0
ERR3077544.sra.7870	NC_021009_505857_508732	79.221	77	15	1	679	755	273	198	8.33e-09	64.4
ERR3077544.sra.7876	NC_017451_357249_358787	86.282	503	33	21	3106	3583	1	492	2.42e-150	535
ERR3077544.sra.7877	NC_021350_359864_361325	74.249	233	51	6	1338	1564	1445	1216	8.46e-29	131
ERR3077544.sra.7912	NC_017451_357249_358787	80.612	588	36	37	994	1537	16	569	3.48e-125	450
ERR3077544.sra.7919	NC_016809_179310_180858	77.607	1237	152	68	1990	3155	1549	367	0.0	789
ERR3077544.sra.7949	NC_021350_359864_361325	73.967	242	46	10	77	310	1220	1452	1.49e-26	123
ERR3077544.sra.8000	CP001015	83.971	1516	119	66	92	1541	1	1458	0.0	1452
ERR3077544.sra.8013	NC_021350_359864_361325	69.772	483	103	23	817	1278	986	1446	2.84e-34	149
ERR3077544.sra.8020	NC_021350_359864_361325	70.226	487	97	22	460	927	1449	992	2.49e-40	168
ERR3077544.sra.8064	NC_016809_179310_180858	82.135	862	73	51	977	1781	1	838	0.0	704
ERR3077544.sra.8076	NC_018706_214504_216058	79.775	89	14	3	1317	1404	3	88	1.60e-10	69.8
ERR3077544.sra.8095	gi|73852470|ref|NC_007346.1|_Emiliania_huxleyi_virus_86,_complete_genome	79.104	67	13	1	2514	2579	252001	251935	4.52e-06	55.4
ERR3077544.sra.8101	NC_021350_359864_361325	69.803	457	103	17	1421	1852	995	1441	7.31e-37	158
ERR3077544.sra.8111	AY613590	85.723	1604	91	75	1848	3379	1	1538	0.0	1647
ERR3077544.sra.8142	AY613590	88.462	936	60	29	2170	3069	1538	615	0.0	1113
ERR3077544.sra.8143	AY613590	86.216	1110	63	47	68	1104	1093	1	0.0	1182
ERR3077544.sra.8150	AY613590	84.567	1581	97	74	66	1562	21	1538	0.0	1550
ERR3077544.sra.8151	NC_017451_357249_358787	79.906	851	76	48	1671	2455	19	840	2.34e-180	634
ERR3077544.sra.8154	NC_021350_359864_361325	70.552	326	68	13	152	464	1142	1452	3.12e-26	122
ERR3077544.sra.8182	NC_016809_179310_180858	80.723	415	52	17	81	474	463	56	9.63e-91	336
ERR3077544.sra.8218	AY613590	87.626	994	44	43	2672	3612	1	968	0.0	1115
ERR3077544.sra.8227	NC_021040_348381_351031	77.519	129	21	6	3419	3541	2604	2478	4.51e-14	82.4
ERR3077544.sra.8247	gi|506498610|ref|NC_021249.1|_Choristoneura_rosaceana_entomopoxvirus_'L',_complete_genome	78.462	65	11	1	804	868	30845	30906	7.28e-06	53.6
ERR3077544.sra.8311	AY005033	81.708	1569	147	79	723	2188	1532	1	0.0	1308
ERR3077544.sra.8330	NC_000907_127172_128720	82.080	1596	105	96	831	2298	7	1549	0.0	1319
ERR3077544.sra.8337	AY613590	79.178	1508	137	80	104	1494	85	1532	0.0	1103
ERR3077544.sra.8343	NC_021040_348381_351031	74.074	162	34	5	2500	2657	2605	2448	9.62e-16	87.8
ERR3077544.sra.8391	gi|441431943|ref|NC_020104.1|_Acanthamoeba_polyphaga_moumouvirus,_complete_genome	74.615	130	26	6	1642	1766	474864	474737	2.64e-09	66.2
ERR3077544.sra.8396	NC_021350_359864_361325	68.951	467	96	27	2956	3393	997	1443	9.74e-23	111
ERR3077544.sra.8446	NC_021040_348381_351031	77.914	163	30	6	1994	2153	2610	2451	7.23e-23	111
ERR3077544.sra.8470	NC_021040_348381_351031	77.108	166	28	6	1128	1292	2448	2604	8.08e-23	111
ERR3077544.sra.8510	NC_021350_359864_361325	75.000	236	44	8	2698	2924	1142	1371	5.44e-31	138
ERR3077544.sra.8580	NC_000907_127172_128720	82.319	526	43	26	2360	2849	1549	1038	4.40e-127	457
ERR3077544.sra.8599	AY613590	88.466	867	46	32	1888	2713	1538	685	0.0	1018
ERR3077544.sra.8632	NC_017451_357249_358787	84.847	1564	90	63	379	1822	1537	1	0.0	1600
ERR3077544.sra.8637	NC_018706_214504_216058	77.228	101	18	3	1155	1252	100	2	2.22e-10	69.8
ERR3077544.sra.8640	NC_021040_348381_351031	82.051	78	12	2	1090	1166	2529	2605	6.20e-11	71.6
ERR3077544.sra.8653	NC_021040_348381_351031	76.154	130	23	5	237	361	2478	2604	1.39e-13	80.6
ERR3077544.sra.8713	NC_009567_443072_444611	74.890	1366	158	79	1716	2961	1529	229	0.0	728
ERR3077544.sra.8731	gi|73852470|ref|NC_007346.1|_Emiliania_huxleyi_virus_86,_complete_genome	79.688	64	13	0	2551	2614	254787	254850	1.56e-06	57.2
ERR3077544.sra.8731	gi|73852470|ref|NC_007346.1|_Emiliania_huxleyi_virus_86,_complete_genome	79.688	64	10	1	2551	2614	253646	253706	5.44e-06	55.4
ERR3077544.sra.8840	NC_000907_127172_128720	88.535	471	17	17	65	512	1088	1544	3.49e-159	563
ERR3077544.sra.8878	NC_009567_443072_444611	74.459	971	116	60	1363	2237	3	937	8.34e-135	482
ERR3077544.sra.8885	AY613590	81.987	1238	91	64	2258	3411	1508	319	0.0	1058
ERR3077544.sra.8903	NC_021350_359864_361325	68.404	307	68	16	2724	3012	977	1272	6.67e-11	71.6
ERR3077544.sra.8907	NC_016809_179310_180858	88.435	294	14	10	2482	2763	1	286	4.40e-95	351
ERR3077544.sra.8988	NC_009567_443072_444611	82.130	1080	88	63	42	1060	1039	4	0.0	888
ERR3077544.sra.9012	NC_007146_193215_194753	86.645	906	47	39	1720	2564	7	899	0.0	980
ERR3077544.sra.9042	NC_021350_359864_361325	72.451	461	91	16	1532	1967	1446	997	2.11e-55	219
ERR3077544.sra.9073	NC_021350_359864_361325	70.432	301	70	11	3137	3423	1031	1326	3.03e-22	109
ERR3077544.sra.9117	gi|9628932|ref|NC_001731.1|_Molluscum_contagiosum_virus_subtype_1,_complete_genome	71.631	141	32	6	874	1011	10478	10613	4.95e-06	55.4
ERR3077544.sra.9117	gi|9628932|ref|NC_001731.1|_Molluscum_contagiosum_virus_subtype_1,_complete_genome	76.190	84	18	2	929	1011	10546	10628	4.95e-06	55.4
ERR3077544.sra.9127	AY613590	83.382	1035	75	50	78	1031	1022	4	0.0	953
ERR3077544.sra.9134	gi|526118633|ref|NC_021858.1|_Pandoravirus_dulcis,_complete_genome	84.746	59	9	0	2816	2874	952800	952858	2.69e-09	66.2
ERR3077544.sra.9144	AY613590	83.525	1305	91	60	156	1369	1272	1	0.0	1225
ERR3077544.sra.9156	NC_021040_348381_351031	87.500	48	6	0	1022	1069	2585	2538	8.58e-08	60.8
ERR3077544.sra.9179	NC_021350_359864_361325	70.701	471	105	20	1170	1620	1449	992	1.26e-39	167
ERR3077544.sra.9187	NC_007146_193215_194753	86.000	650	36	29	37	659	623	2	0.0	681
ERR3077544.sra.9200	NC_017451_357249_358787	75.995	1583	190	99	354	1794	1535	1	0.0	866
ERR3077544.sra.9215	NC_021040_348381_351031	74.766	107	21	5	2569	2673	2598	2496	5.99e-06	55.4
ERR3077544.sra.9269	AY613590	84.143	1564	104	77	1715	3165	1533	1	0.0	1485
ERR3077544.sra.9276	NC_007146_193215_194753	86.315	1023	69	42	90	1067	1000	4	0.0	1088
ERR3077544.sra.9293	AY613590	86.807	902	49	39	1982	2837	4	881	0.0	978
ERR3077544.sra.9335	AF224299	84.724	1414	109	69	45	1387	124	1501	0.0	1362
ERR3077544.sra.9344	NC_000907_127172_128720	84.783	506	30	24	48	515	1050	1546	2.19e-140	500
ERR3077544.sra.9368	AY613590	83.867	1562	102	77	1187	2622	1538	1	0.0	1469
ERR3077544.sra.9426	gi|310830989|ref|NC_014637.1|_Cafeteria_roenbergensis_virus_BV-PW1,_complete_genome	82.143	84	15	0	2486	2569	484274	484191	1.15e-14	84.2
ERR3077544.sra.9426	gi|310830989|ref|NC_014637.1|_Cafeteria_roenbergensis_virus_BV-PW1,_complete_genome	77.381	84	19	0	2468	2551	484274	484191	3.09e-09	66.2
ERR3077544.sra.9427	gi|441431943|ref|NC_020104.1|_Acanthamoeba_polyphaga_moumouvirus,_complete_genome	76.238	101	24	0	1588	1688	474752	474852	4.95e-12	75.2
ERR3077544.sra.9452	NC_021040_348381_351031	82.308	130	17	4	2699	2825	2604	2478	4.83e-25	118
ERR3077544.sra.9461	NC_016809_179310_180858	87.264	636	38	23	90	691	921	1547	0.0	717
ERR3077544.sra.9469	NC_007146_193215_194753	85.409	1542	98	68	592	2030	4	1521	0.0	1575
ERR3077544.sra.9503	NC_016809_179310_180858	79.825	228	15	8	50	246	1319	1546	2.41e-48	196
ERR3077544.sra.9517	NC_007146_193215_194753	84.302	172	10	10	104	264	1374	1539	9.32e-38	159
ERR3077544.sra.9529	NC_021350_359864_361325	69.835	484	103	20	404	860	1459	992	9.21e-39	163
ERR3077544.sra.9596	NC_017451_357249_358787	86.354	491	28	19	2317	2779	4	483	6.56e-150	533
ERR3077544.sra.9614	NC_021350_359864_361325	69.815	487	114	21	961	1431	1449	980	9.31e-35	150
ERR3077544.sra.9650	X87976	84.897	1258	86	58	88	1273	115	1340	0.0	1245
ERR3077544.sra.9676	AY613590	81.246	1589	151	84	1222	2723	1	1529	0.0	1276
ERR3077544.sra.9679	NC_007146_193215_194753	77.372	1012	105	62	1974	2895	1536	559	1.40e-177	625
ERR3077544.sra.9689	NC_000907_127172_128720	83.871	403	27	18	77	449	1155	1549	5.04e-106	387
ERR3077544.sra.9715	gi|441431943|ref|NC_020104.1|_Acanthamoeba_polyphaga_moumouvirus,_complete_genome	78.873	71	15	0	758	828	779844	779914	1.05e-07	60.8
ERR3077544.sra.9839	AF224299	80.769	1196	119	51	1322	2437	1516	352	0.0	991
ERR3077544.sra.9847	NC_016809_179310_180858	77.932	648	62	37	77	675	617	2	6.67e-119	430
ERR3077544.sra.9855	NC_007146_193215_194753	86.417	508	34	19	2135	2615	1539	1040	2.29e-155	551
ERR3077544.sra.9885	gi|139424470|ref|NC_009334.1|_Human_herpesvirus_4,_complete_genome	86.018	2167	127	96	1072	3125	115481	113378	0.0	2268
ERR3077544.sra.9885	gi|139424470|ref|NC_009334.1|_Human_herpesvirus_4,_complete_genome	83.400	1006	78	51	86	1029	116622	115644	0.0	911
ERR3077544.sra.9892	NC_016809_179310_180858	89.881	168	11	6	72	236	165	1	3.94e-51	205
ERR3077544.sra.9923	NC_021009_505857_508732	79.412	102	15	5	3089	3187	186	284	2.03e-11	73.4
ERR3077544.sra.9976	NC_021350_359864_361325	72.354	463	104	16	1482	1929	1445	992	3.01e-52	208
ERR3077544.sra.9983	NC_021350_359864_361325	72.318	466	93	17	134	580	1445	997	2.24e-54	215
ERR3077544.sra.10038	NC_021350_359864_361325	69.531	384	83	18	68	422	1375	997	3.60e-24	114
ERR3077544.sra.10072	NC_017451_357249_358787	81.283	1309	90	75	1322	2513	1536	266	0.0	1058
ERR3077544.sra.10079	AY613590	79.588	1602	162	94	1305	2805	1	1538	0.0	1141
ERR3077544.sra.10088	NC_021009_505857_508732	82.143	84	10	4	2361	2440	186	268	6.26e-11	71.6
ERR3077544.sra.10157	AY613590	87.783	1105	49	46	1214	2256	1538	458	0.0	1254
ERR3077544.sra.10195	AY613590	86.381	1564	94	63	1313	2783	1538	1	0.0	1683
ERR3077544.sra.10240	NC_016809_179310_180858	86.099	928	50	45	1782	2669	1549	661	0.0	960
ERR3077544.sra.10271	NC_017511_1177616_1179168	89.024	82	5	3	3309	3387	1553	1473	5.39e-19	98.7
ERR3077544.sra.10282	gi|448824968|ref|NC_020232.1|_Megavirus_lba_isolate_LBA111,_complete_genome	69.531	256	66	6	3457	3708	519028	518781	7.22e-18	95.1
ERR3077544.sra.10284	NC_016809_179310_180858	82.659	173	7	7	3352	3506	1	168	1.31e-39	167
ERR3077544.sra.10293	NC_017451_357249_358787	89.517	1574	75	58	603	2125	1	1535	0.0	1914
ERR3077544.sra.10298	NC_016809_179310_180858	86.505	1030	60	41	2222	3196	1549	544	0.0	1117
ERR3077544.sra.10519	NC_000907_127172_128720	87.912	637	33	30	1771	2379	1	621	0.0	706
ERR3077544.sra.10535	AM420132	81.754	570	48	30	92	626	891	1439	1.36e-132	475
ERR3077544.sra.10541	NC_018706_214504_216058	81.081	74	6	3	2008	2073	15	88	1.03e-08	64.4
ERR3077544.sra.10612	AY613590	84.971	1384	90	62	50	1363	185	1520	0.0	1386
ERR3077544.sra.10688	NC_021040_348381_351031	73.006	163	27	9	1810	1961	2604	2448	5.11e-11	71.6
ERR3077544.sra.10748	NC_007146_193215_194753	79.903	1448	121	83	2266	3591	1539	140	0.0	1079
ERR3077544.sra.10750	AY613590	87.068	1593	78	67	1700	3228	1	1529	0.0	1757
ERR3077544.sra.10753	NC_016809_179310_180858	90.909	110	0	3	94	199	1437	1540	3.36e-34	149
ERR3077544.sra.10801	NC_016809_179310_180858	86.255	793	38	38	69	823	768	9	0.0	832
ERR3077544.sra.10838	NC_007146_193215_194753	85.760	625	41	30	58	643	924	1539	2.08e-180	634
ERR3077544.sra.10847	NC_021350_359864_361325	67.874	414	98	15	2584	2981	992	1386	7.52e-23	111
ERR3077544.sra.10855	NC_021040_348381_351031	80.000	80	8	4	656	731	2503	2578	3.52e-08	62.6
ERR3077544.sra.10881	NC_021350_359864_361325	73.304	457	98	19	1062	1503	996	1443	8.58e-53	210
ERR3077544.sra.10887	NC_021350_359864_361325	71.212	462	103	16	1621	2062	992	1443	2.36e-46	188
ERR3077544.sra.10977	gi|441431943|ref|NC_020104.1|_Acanthamoeba_polyphaga_moumouvirus,_complete_genome	75.904	166	32	5	1178	1336	474853	474689	1.08e-20	104
ERR3077544.sra.10977	gi|441431943|ref|NC_020104.1|_Acanthamoeba_polyphaga_moumouvirus,_complete_genome	73.276	116	26	3	1182	1293	290843	290957	1.15e-07	60.8
ERR3077544.sra.10977	gi|441431943|ref|NC_020104.1|_Acanthamoeba_polyphaga_moumouvirus,_complete_genome	79.452	73	13	2	302	373	476150	476079	1.40e-06	57.2
ERR3077544.sra.11004	AY613590	88.726	1570	81	58	591	2098	3	1538	0.0	1858
ERR3077544.sra.11081	NC_021040_348381_351031	72.180	133	26	4	341	465	2475	2604	2.29e-09	66.2
ERR3077544.sra.11207	AY613590	81.727	1598	120	89	2140	3630	6	1538	0.0	1319
ERR3077544.sra.11210	NC_022356_182851_184377	80.450	1555	162	83	1578	3018	1	1527	0.0	1187
ERR3077544.sra.11220	NC_000907_127172_128720	85.644	202	19	6	80	276	1353	1549	2.86e-54	215
ERR3077544.sra.11227	NC_021040_348381_351031	77.344	128	24	3	2240	2363	2604	2478	5.67e-17	91.5
ERR3077544.sra.11231	NC_017451_357249_358787	85.611	1383	91	56	2068	3389	6	1341	0.0	1442
ERR3077544.sra.11255	AF224299	83.075	1548	133	75	1476	2933	1	1509	0.0	1389
ERR3077544.sra.11266	NC_016809_179310_180858	77.280	647	53	36	55	628	921	1546	7.58e-118	426
ERR3077544.sra.11283	gi|441431943|ref|NC_020104.1|_Acanthamoeba_polyphaga_moumouvirus,_complete_genome	77.344	128	20	7	563	684	474864	474740	1.68e-12	77.0
ERR3077544.sra.11299	NC_017568_711634_713188	88.333	60	4	2	102	158	62	3	6.35e-11	71.6
ERR3077544.sra.11351	AY613590	83.543	1507	109	70	67	1462	1479	1	0.0	1409
ERR3077544.sra.11360	NC_016809_179310_180858	81.218	394	38	19	93	473	371	1	7.07e-87	324
ERR3077544.sra.11384	AY613590	86.891	1457	85	51	52	1440	120	1538	0.0	1633
ERR3077544.sra.11466	NC_016809_179310_180858	74.719	1333	177	82	1823	3057	1	1271	0.0	659
ERR3077544.sra.11469	gi|32453825|ref|NC_004927.1|_Halovirus_HF1,_complete_genome	84.615	52	8	0	412	463	20745	20796	4.17e-07	59.0
ERR3077544.sra.11486	AY613590	86.344	1589	95	62	372	1890	2	1538	0.0	1718
ERR3077544.sra.11496	AY613590	80.547	1280	120	70	667	1870	1	1227	0.0	987
ERR3077544.sra.11591	NC_007146_193215_194753	82.671	1108	65	53	2200	3223	1539	475	0.0	1009
ERR3077544.sra.11617	gi|193506277|ref|NC_009737.2|_Bacillus_virus_1,_complete_genome	73.684	95	24	1	292	385	32654	32560	5.32e-06	55.4
ERR3077544.sra.11624	NC_021350_359864_361325	69.811	477	111	20	2011	2470	992	1452	8.47e-35	150
ERR3077544.sra.11627	AY613590	83.148	1169	90	58	2119	3207	1538	397	0.0	1056
ERR3077544.sra.11629	gi|441431943|ref|NC_020104.1|_Acanthamoeba_polyphaga_moumouvirus,_complete_genome	76.259	139	18	9	826	958	474872	474743	5.32e-12	75.2
ERR3077544.sra.11649	NC_021350_359864_361325	82.278	79	12	2	112	188	1070	992	2.48e-11	73.4
ERR3077544.sra.11701	X87976	88.139	1467	70	53	191	1578	1442	1	0.0	1718
ERR3077544.sra.11757	AY613590	82.738	1483	132	68	74	1456	1460	2	0.0	1326
ERR3077544.sra.11759	AF224299	84.666	1376	110	56	1834	3129	1516	162	0.0	1370
ERR3077544.sra.11765	NC_000907_127172_128720	83.906	466	30	24	1624	2063	1542	1096	1.01e-120	435
ERR3077544.sra.11794	NC_021350_359864_361325	72.210	457	105	16	118	558	1442	992	1.77e-49	199
ERR3077544.sra.11802	gi|441431943|ref|NC_020104.1|_Acanthamoeba_polyphaga_moumouvirus,_complete_genome	77.692	130	26	3	2714	2842	474745	474872	2.01e-17	93.3
ERR3077544.sra.11816	NC_021040_348381_351031	78.082	73	7	3	3779	3842	2604	2532	6.55e-06	55.4
ERR3077544.sra.11920	NC_007146_193215_194753	79.958	479	41	27	2463	2910	1536	1082	8.93e-98	360
ERR3077544.sra.11921	NC_000907_127172_128720	84.500	600	41	27	1973	2538	1549	968	8.86e-167	589
ERR3077544.sra.11927	AY613590	88.760	1548	72	57	248	1707	1534	1	0.0	1842
ERR3077544.sra.11966	NC_007146_193215_194753	88.992	645	23	26	2257	2872	1539	914	0.0	769
ERR3077544.sra.11973	gi|506498274|ref|NC_021248.1|_Choristoneura_biennis_entomopoxvirus_'L',_complete_genome	88.372	43	5	0	1322	1364	232390	232348	4.91e-06	55.4
ERR3077544.sra.12034	AY613590	85.915	1562	104	70	230	1708	1	1529	0.0	1615
ERR3077544.sra.12046	gi|310830989|ref|NC_014637.1|_Cafeteria_roenbergensis_virus_BV-PW1,_complete_genome	70.861	151	35	5	606	752	35216	35071	1.04e-07	60.8
ERR3077544.sra.12052	NC_018706_214504_216058	83.562	73	8	2	2741	2813	88	20	2.24e-11	73.4
ERR3077544.sra.12056	NC_000907_127172_128720	85.246	122	9	7	2946	3063	1549	1433	1.82e-24	116
ERR3077544.sra.12081	gi|311977355|ref|NC_014649.1|_Acanthamoeba_polyphaga_mimivirus,_complete_genome	74.286	140	26	5	975	1111	322238	322370	2.46e-12	77.0
ERR3077544.sra.12166	NC_007204_660502_662086	95.714	70	2	1	2707	2776	43	111	2.41e-22	109
ERR3077544.sra.12182	AY613590	83.835	1596	134	73	811	2349	4	1532	0.0	1498
ERR3077544.sra.12205	NC_021350_359864_361325	69.579	309	60	13	1917	2199	1143	1443	3.59e-21	105
ERR3077544.sra.12236	NC_007146_193215_194753	87.220	892	48	41	2674	3524	1539	673	0.0	969
ERR3077544.sra.12266	NC_021350_359864_361325	70.253	474	104	19	745	1195	984	1443	1.01e-39	167
ERR3077544.sra.12284	NC_021350_359864_361325	70.270	370	77	21	989	1341	1350	997	6.81e-22	107
ERR3077544.sra.12311	NC_000907_127172_128720	86.885	183	11	9	46	216	1368	1549	6.91e-48	194
ERR3077544.sra.12332	NC_000907_127172_128720	80.952	168	12	9	2417	2567	1549	1385	1.64e-30	136
ERR3077544.sra.12365	NC_000907_127172_128720	81.893	486	47	21	919	1378	1549	1079	4.26e-117	423
ERR3077544.sra.12406	NC_000907_127172_128720	87.538	329	15	14	2011	2323	1549	1231	1.38e-100	369
ERR3077544.sra.12439	gi|441431943|ref|NC_020104.1|_Acanthamoeba_polyphaga_moumouvirus,_complete_genome	75.194	129	24	7	2382	2507	474872	474749	9.24e-09	64.4
ERR3077544.sra.12456	NC_016809_179310_180858	88.012	1026	44	44	1889	2850	1	1011	0.0	1169
ERR3077544.sra.12478	NC_016809_179310_180858	88.614	1010	43	41	84	1025	541	1546	0.0	1184
ERR3077544.sra.12481	NC_000907_127172_128720	91.447	456	16	16	2036	2478	1549	1104	5.84e-169	596
ERR3077544.sra.12502	AY613590	87.929	1574	80	61	784	2287	5	1538	0.0	1806
ERR3077544.sra.12535	AY613590	83.446	888	61	50	2209	3050	1532	685	0.0	791
ERR3077544.sra.12536	gi|310830989|ref|NC_014637.1|_Cafeteria_roenbergensis_virus_BV-PW1,_complete_genome	73.554	121	24	3	1061	1174	451443	451324	1.02e-09	68.0
ERR3077544.sra.12571	AY613590	87.975	1422	61	56	55	1406	1382	1	0.0	1640
ERR3077544.sra.12602	NC_007146_193215_194753	87.973	582	39	21	2383	2945	5	574	0.0	668
ERR3077544.sra.12736	gi|310830989|ref|NC_014637.1|_Cafeteria_roenbergensis_virus_BV-PW1,_complete_genome	68.932	206	38	7	1660	1860	434776	434592	6.23e-12	75.2
ERR3077544.sra.12807	NC_021009_505857_508732	69.291	254	61	10	454	702	427	186	1.15e-12	77.0
ERR3077544.sra.12823	NC_007146_193215_194753	89.281	1558	65	54	1111	2598	1526	1	0.0	1905
ERR3077544.sra.12829	NC_016809_179310_180858	84.954	864	57	37	1426	2245	1	835	0.0	872
ERR3077544.sra.12852	gi|113200747|ref|NC_008300.1|_Melon_yellow_spot_virus_segment_S,_complete_sequence	78.378	74	12	2	2066	2135	2075	2002	1.75e-06	57.2
ERR3077544.sra.12986	NC_018706_214504_216058	83.871	62	9	1	3146	3206	72	11	1.15e-08	64.4
ERR3077544.sra.12994	NC_016809_179310_180858	82.953	569	35	29	2138	2662	1548	998	1.68e-144	515
ERR3077544.sra.13028	NC_014922_427300_428848	73.759	705	86	52	64	712	662	1	1.01e-77	293
ERR3077544.sra.13032	gi|508181800|ref|NC_021312.1|_Phaeocystis_globosa_virus_strain_16T,_complete_genome	87.234	47	4	1	1257	1303	450335	450379	6.86e-06	55.4
ERR3077544.sra.13036	NC_016809_179310_180858	93.860	114	1	2	69	177	1434	1546	1.20e-40	170
ERR3077544.sra.13040	NC_014922_427300_428848	88.235	187	12	6	59	236	1364	1549	6.21e-56	221
ERR3077544.sra.13047	NC_009567_443072_444611	77.145	1562	192	92	535	1965	11	1538	0.0	942
ERR3077544.sra.13129	NC_013520_103635_105185	75.034	1486	197	87	90	1455	118	1549	0.0	773
ERR3077544.sra.13148	X87976	83.412	1483	97	74	362	1736	1442	1	0.0	1368
ERR3077544.sra.13163	NC_009567_443072_444611	83.817	1551	115	72	377	1823	22	1540	0.0	1463
ERR3077544.sra.13187	gi|448824968|ref|NC_020232.1|_Megavirus_lba_isolate_LBA111,_complete_genome	79.775	89	10	3	623	711	1149992	1150072	2.20e-11	73.4
ERR3077544.sra.13200	gi|9628431|ref|NC_001672.1|_Tick-borne_encephalitis_virus,_complete_genome	86.275	51	7	0	630	680	10482	10532	1.14e-07	60.8
ERR3077544.sra.13206	NC_016809_179310_180858	78.109	973	91	54	1964	2857	1531	602	0.0	661
ERR3077544.sra.13229	NC_021040_348381_351031	76.786	112	16	6	702	812	2478	2580	9.00e-10	68.0
ERR3077544.sra.13236	gi|508181800|ref|NC_021312.1|_Phaeocystis_globosa_virus_strain_16T,_complete_genome	72.277	101	17	3	703	793	448911	449010	8.11e-06	53.6
ERR3077544.sra.13351	NC_021350_359864_361325	72.835	254	51	10	2505	2746	1370	1123	8.33e-25	118
ERR3077544.sra.13369	NC_021350_359864_361325	75.536	233	41	9	1841	2069	1452	1232	3.78e-31	138
ERR3077544.sra.13384	NC_000907_127172_128720	84.155	284	14	14	1736	2005	1540	1274	2.02e-72	275
ERR3077544.sra.13413	gi|363539767|ref|NC_016072.1|_Megavirus_chiliensis,_complete_genome	92.105	38	3	0	835	872	422885	422922	4.03e-06	55.4
ERR3077544.sra.13429	NC_021040_348381_351031	81.250	80	10	3	1170	1246	2582	2505	5.65e-10	68.0
ERR3077544.sra.13431	NC_000907_127172_128720	87.828	723	42	29	3581	4286	1549	856	0.0	818
ERR3077544.sra.13447	NC_018706_214504_216058	84.694	98	14	1	1246	1342	3	100	3.50e-21	105
ERR3077544.sra.13546	NC_007146_193215_194753	77.470	1336	124	75	91	1292	1293	1	0.0	874
ERR3077544.sra.13581	NC_000907_127172_128720	84.008	494	30	25	62	514	486	1	6.74e-130	466
ERR3077544.sra.13591	AY613590	85.949	1217	70	60	2513	3664	1	1181	0.0	1245
ERR3077544.sra.13640	X87976	79.360	1313	114	72	62	1257	1274	2	0.0	964
ERR3077544.sra.13649	NC_000907_127172_128720	82.167	600	54	30	62	621	963	1549	5.54e-144	513
ERR3077544.sra.13669	gi|340025671|ref|NC_000852.5|_Paramecium_bursaria_Chlorella_virus_1,_complete_genome	71.393	402	86	13	2142	2533	197861	197479	7.88e-42	174
ERR3077544.sra.13669	gi|340025671|ref|NC_000852.5|_Paramecium_bursaria_Chlorella_virus_1,_complete_genome	69.860	428	102	13	2088	2512	197867	197464	2.11e-36	156
ERR3077544.sra.13669	gi|340025671|ref|NC_000852.5|_Paramecium_bursaria_Chlorella_virus_1,_complete_genome	68.849	443	111	13	2088	2527	197879	197461	1.33e-32	143
ERR3077544.sra.13669	gi|340025671|ref|NC_000852.5|_Paramecium_bursaria_Chlorella_virus_1,_complete_genome	70.909	275	59	8	2142	2402	122828	122561	5.31e-25	118
ERR3077544.sra.13669	gi|340025671|ref|NC_000852.5|_Paramecium_bursaria_Chlorella_virus_1,_complete_genome	75.000	172	37	4	2134	2305	241399	241564	1.17e-20	104
ERR3077544.sra.13669	gi|340025671|ref|NC_000852.5|_Paramecium_bursaria_Chlorella_virus_1,_complete_genome	71.163	215	49	6	2115	2329	158665	158464	2.12e-17	93.3
ERR3077544.sra.13669	gi|340025671|ref|NC_000852.5|_Paramecium_bursaria_Chlorella_virus_1,_complete_genome	68.276	290	73	9	2104	2386	122830	122553	3.14e-15	86.0
ERR3077544.sra.13669	gi|340025671|ref|NC_000852.5|_Paramecium_bursaria_Chlorella_virus_1,_complete_genome	68.327	281	64	11	2289	2557	122831	122564	4.66e-13	78.8
ERR3077544.sra.13669	gi|340025671|ref|NC_000852.5|_Paramecium_bursaria_Chlorella_virus_1,_complete_genome	72.159	176	40	6	2385	2556	122831	122661	4.66e-13	78.8
ERR3077544.sra.13669	gi|340025671|ref|NC_000852.5|_Paramecium_bursaria_Chlorella_virus_1,_complete_genome	69.307	202	56	3	2068	2269	76398	76203	1.63e-12	77.0
ERR3077544.sra.13669	gi|340025671|ref|NC_000852.5|_Paramecium_bursaria_Chlorella_virus_1,_complete_genome	68.750	208	50	7	2068	2267	197636	197436	1.03e-08	64.4
ERR3077544.sra.13669	gi|340025671|ref|NC_000852.5|_Paramecium_bursaria_Chlorella_virus_1,_complete_genome	78.947	76	15	1	2483	2557	158636	158561	3.58e-08	62.6
ERR3077544.sra.13669	gi|340025671|ref|NC_000852.5|_Paramecium_bursaria_Chlorella_virus_1,_complete_genome	68.852	183	51	4	2078	2260	24423	24247	1.25e-07	60.8
ERR3077544.sra.13669	gi|340025671|ref|NC_000852.5|_Paramecium_bursaria_Chlorella_virus_1,_complete_genome	74.528	106	22	3	2454	2557	122822	122720	1.25e-07	60.8
ERR3077544.sra.13669	gi|340025671|ref|NC_000852.5|_Paramecium_bursaria_Chlorella_virus_1,_complete_genome	75.862	87	19	1	2461	2547	122828	122744	1.25e-07	60.8
ERR3077544.sra.13669	gi|340025671|ref|NC_000852.5|_Paramecium_bursaria_Chlorella_virus_1,_complete_genome	75.581	86	20	1	2244	2329	24347	24263	1.52e-06	57.2
ERR3077544.sra.13773	NC_015460_612647_614171	80.928	194	12	9	2866	3038	3	192	3.98e-39	165
ERR3077544.sra.13788	NC_016809_179310_180858	86.025	1059	54	49	59	1037	505	1549	0.0	1106
ERR3077544.sra.13847	NC_021040_348381_351031	76.623	154	28	5	1235	1383	2454	2604	1.66e-19	100
ERR3077544.sra.13862	AY613590	86.709	1407	77	61	2662	3986	1533	155	0.0	1519
ERR3077544.sra.14015	NC_021040_348381_351031	83.908	87	10	4	244	327	2496	2581	1.05e-13	80.6
ERR3077544.sra.14073	gi|311977355|ref|NC_014649.1|_Acanthamoeba_polyphaga_mimivirus,_complete_genome	79.730	74	11	2	334	403	322289	322362	9.20e-08	60.8
ERR3077544.sra.14080	gi|363539767|ref|NC_016072.1|_Megavirus_chiliensis,_complete_genome	79.688	64	10	1	1026	1086	626320	626383	4.42e-06	55.4
ERR3077544.sra.14130	AY613590	82.188	1600	131	75	165	1677	6	1538	0.0	1402
ERR3077544.sra.14150	NC_007146_193215_194753	72.480	734	94	49	75	719	825	1539	8.69e-77	289
ERR3077544.sra.14163	AY613590	84.781	1577	108	64	712	2195	1	1538	0.0	1593
ERR3077544.sra.14213	gi|508181800|ref|NC_021312.1|_Phaeocystis_globosa_virus_strain_16T,_complete_genome	79.012	81	14	2	559	637	448931	449010	7.77e-09	64.4
ERR3077544.sra.14254	AY613590	84.668	1598	109	87	253	1774	1	1538	0.0	1508
ERR3077544.sra.14267	NC_021350_359864_361325	72.636	497	112	14	1373	1866	1452	977	1.87e-62	242
ERR3077544.sra.14281	AY613590	85.435	1586	101	70	1419	2926	1	1534	0.0	1620
ERR3077544.sra.14354	NC_018706_214504_216058	78.571	98	18	2	1586	1680	100	3	1.75e-12	77.0
ERR3077544.sra.14373	NC_000907_127172_128720	88.865	458	23	17	44	485	1092	1537	1.32e-153	545
ERR3077544.sra.14384	gi|363539767|ref|NC_016072.1|_Megavirus_chiliensis,_complete_genome	75.410	122	22	5	934	1054	550421	550535	3.10e-10	69.8
ERR3077544.sra.14404	NC_000907_127172_128720	84.358	716	51	32	667	1343	1549	856	0.0	697
ERR3077544.sra.14481	NC_000907_127172_128720	80.247	162	18	7	2149	2306	1549	1398	2.20e-28	129
ERR3077544.sra.14485	AY613590	83.975	961	70	52	74	984	612	1538	0.0	881
ERR3077544.sra.14559	NC_009567_443072_444611	83.579	883	46	47	59	857	673	1540	0.0	816
ERR3077544.sra.14589	AF224299	83.192	1535	119	79	112	1547	1496	2	0.0	1375
ERR3077544.sra.14600	NC_021350_359864_361325	70.968	465	104	17	962	1410	1446	997	3.96e-44	181
ERR3077544.sra.14622	gi|9632386|ref|NC_002050.1|_Tomato_spotted_wilt_virus_RNA_M,_complete_sequence	80.000	80	13	2	2233	2309	1147	1068	2.77e-09	66.2
ERR3077544.sra.14634	NC_000907_127172_128720	88.301	359	13	11	58	396	1191	1540	2.24e-120	435
ERR3077544.sra.14665	gi|441431943|ref|NC_020104.1|_Acanthamoeba_polyphaga_moumouvirus,_complete_genome	75.862	116	22	4	2929	3041	474740	474852	6.72e-11	71.6
ERR3077544.sra.14672	NC_016809_179310_180858	82.519	389	33	20	75	447	1177	1546	5.01e-91	336
ERR3077544.sra.14713	X87976	82.342	521	41	27	3103	3589	890	387	7.91e-125	450
ERR3077544.sra.14721	AY278611	83.683	858	57	40	1976	2764	1498	655	0.0	810
ERR3077544.sra.14722	NC_016809_179310_180858	94.118	68	2	2	2620	2687	1	66	4.26e-19	98.7
ERR3077544.sra.14737	AY613590	84.394	1288	94	64	868	2079	1528	272	0.0	1225
ERR3077544.sra.14751	NC_000907_127172_128720	88.518	479	22	23	1753	2214	1549	1087	1.01e-152	542
ERR3077544.sra.14780	NC_021350_359864_361325	74.834	151	34	2	100	246	1302	1452	1.42e-18	96.9
ERR3077544.sra.14794	gi|438000307|ref|NC_019945.1|_Thysanoplusia_orichalcea_NPV_isolate_p2,_complete_genome	77.922	77	14	2	1607	1683	105085	105158	1.08e-06	57.2
ERR3077544.sra.14844	AY005033	84.049	1561	131	65	2123	3594	1532	1	0.0	1508
ERR3077544.sra.14861	gi|313767999|ref|NC_014765.1|_Bathycoccus_sp._RCC1105_virus_BpV1,_complete_genome	67.616	281	70	8	2485	2754	11642	11372	1.39e-13	80.6
ERR3077544.sra.14883	AY005446	84.433	1349	85	60	956	2204	1437	114	0.0	1330
ERR3077544.sra.14917	AY613590	86.776	1588	83	73	948	2462	5	1538	0.0	1703
ERR3077544.sra.14981	NC_021350_359864_361325	72.245	490	106	21	1515	1988	1452	977	1.94e-50	203
ERR3077544.sra.15000	gi|363539767|ref|NC_016072.1|_Megavirus_chiliensis,_complete_genome	76.471	119	23	4	1310	1427	550535	550421	5.57e-12	75.2
ERR3077544.sra.15011	NC_017451_357249_358787	82.878	806	61	44	1643	2406	4	774	0.0	702
ERR3077544.sra.15014	NC_018706_214504_216058	82.143	84	11	3	1150	1232	6	86	4.64e-12	75.2
ERR3077544.sra.15032	NC_021350_359864_361325	69.903	309	76	11	2430	2729	1127	1427	1.28e-20	104
ERR3077544.sra.15053	NC_007146_193215_194753	79.148	446	39	27	1122	1543	1516	1101	6.18e-84	313
ERR3077544.sra.15059	AY613590	87.935	1467	70	59	1430	2820	1525	90	0.0	1678
ERR3077544.sra.15079	AY613590	81.335	1618	122	86	150	1672	3	1535	0.0	1332
ERR3077544.sra.15086	AY613590	84.128	1531	96	77	822	2234	1538	37	0.0	1451
ERR3077544.sra.15114	NC_009567_443072_444611	81.377	1133	100	55	87	1129	429	1540	0.0	944
ERR3077544.sra.15122	AY613590	76.961	1428	163	84	697	2035	13	1363	0.0	863
ERR3077544.sra.15130	NC_015460_612647_614171	88.780	205	7	8	1957	2147	10	212	3.66e-63	244
ERR3077544.sra.15136	NC_016809_179310_180858	88.251	383	9	20	103	456	377	2	5.66e-119	430
ERR3077544.sra.15188	NC_018706_214504_216058	80.612	98	15	1	1497	1590	100	3	5.45e-17	91.5
ERR3077544.sra.15222	NC_018706_214504_216058	83.929	56	6	2	1903	1955	88	33	4.93e-06	55.4
ERR3077544.sra.15252	gi|441431943|ref|NC_020104.1|_Acanthamoeba_polyphaga_moumouvirus,_complete_genome	78.102	137	24	5	2679	2813	474872	474740	7.42e-18	95.1
ERR3077544.sra.15283	gi|448826160|ref|NC_020235.1|_Rosellinia_necatrix_partitivirus_2_CP_gene_for_capsid_protein,_complete_cds	87.013	77	4	2	28	104	1825	1755	5.45e-17	91.5
ERR3077544.sra.15296	NC_016809_179310_180858	79.077	1018	98	53	47	985	983	2	0.0	740
ERR3077544.sra.15466	NC_000907_127172_128720	88.106	454	20	17	3011	3443	1544	1104	9.86e-149	529
ERR3077544.sra.15581	gi|506497718|ref|NC_021246.1|_Mythimna_separata_entomopoxvirus_'L',_complete_genome	81.034	58	11	0	900	957	235641	235584	5.95e-06	55.4
ERR3077544.sra.15598	NC_007146_193215_194753	79.236	602	60	29	2779	3332	1539	955	7.37e-125	450
ERR3077544.sra.15608	X87976	82.811	797	54	45	88	833	491	1255	0.0	693
ERR3077544.sra.15627	AY005446	77.355	1497	157	92	251	1625	1437	1	0.0	922
ERR3077544.sra.15660	NC_009566_376402_377942	73.905	1529	156	106	78	1448	1457	14	0.0	700
ERR3077544.sra.15670	AY613590	79.046	1551	174	88	1007	2460	1525	29	0.0	1072
ERR3077544.sra.15672	NC_016809_179310_180858	92.771	83	5	1	111	192	83	1	1.59e-25	120
ERR3077544.sra.15679	gi|340025671|ref|NC_000852.5|_Paramecium_bursaria_Chlorella_virus_1,_complete_genome	85.417	48	7	0	2102	2149	165719	165766	4.84e-06	55.4
ERR3077544.sra.15703	gi|370702946|ref|NC_004156.2|_Helicoverpa_zea_nudivirus_2,_complete_genome	71.901	121	25	4	835	953	175657	175544	4.16e-06	55.4
ERR3077544.sra.15711	AY349380	78.930	299	35	15	1623	1901	1510	1220	5.61e-54	214
ERR3077544.sra.15736	NC_018706_214504_216058	81.159	69	10	3	1408	1474	19	86	4.46e-06	55.4
ERR3077544.sra.15799	AY613590	82.987	817	61	43	58	814	799	1	0.0	724
ERR3077544.sra.15811	AY613590	83.875	800	49	44	88	826	785	5	0.0	735
ERR3077544.sra.15812	gi|472342562|ref|NC_020864.1|_Micromonas_pusilla_virus_12T_genomic_sequence	87.234	47	5	1	2004	2049	111217	111263	5.09e-06	55.4
ERR3077544.sra.15939	NC_007146_193215_194753	82.842	950	64	45	2125	2996	1	929	0.0	865
ERR3077544.sra.15969	NC_007146_193215_194753	82.204	1579	107	83	1556	3053	1539	54	0.0	1364
ERR3077544.sra.16019	gi|118496614|ref|NC_008603.1|_Paramecium_bursaria_Chlorella_virus_FR483,_complete_genome	84.211	57	8	1	721	777	142511	142566	3.66e-07	59.0
ERR3077544.sra.16022	NC_021009_505857_508732	75.000	164	29	7	3089	3244	186	345	8.37e-17	91.5
ERR3077544.sra.16023	NC_012913_451286_452812	80.308	325	34	15	47	350	1212	1527	6.68e-67	257
ERR3077544.sra.16147	AM157420	79.425	1322	154	61	2095	3332	254	1541	0.0	989
ERR3077544.sra.16147	AM157420	83.333	54	6	1	1869	1922	28	78	5.73e-06	55.4
ERR3077544.sra.16215	gi|441431943|ref|NC_020104.1|_Acanthamoeba_polyphaga_moumouvirus,_complete_genome	72.581	124	27	5	68	187	627890	627770	5.83e-06	55.4
ERR3077544.sra.16221	gi|441431943|ref|NC_020104.1|_Acanthamoeba_polyphaga_moumouvirus,_complete_genome	77.143	140	29	3	2185	2323	474728	474865	4.46e-19	98.7
ERR3077544.sra.16221	gi|441431943|ref|NC_020104.1|_Acanthamoeba_polyphaga_moumouvirus,_complete_genome	72.180	133	34	3	2192	2323	290957	290827	3.21e-08	62.6
ERR3077544.sra.16230	NC_021350_359864_361325	70.287	488	106	22	1543	2012	1452	986	1.29e-38	163
ERR3077544.sra.16237	NC_021040_348381_351031	78.378	111	16	5	1602	1706	2588	2480	1.07e-12	77.0
ERR3077544.sra.16270	NC_021040_348381_351031	82.432	74	11	1	1577	1650	2583	2512	1.30e-11	73.4
ERR3077544.sra.16280	NC_021009_505857_508732	71.713	251	55	12	522	765	432	191	1.27e-17	93.3
ERR3077544.sra.16295	gi|506497718|ref|NC_021246.1|_Mythimna_separata_entomopoxvirus_'L',_complete_genome	84.000	50	8	0	2160	2209	192733	192782	7.39e-06	55.4
ERR3077544.sra.16334	gi|20153333|ref|NC_003616.1|_Impatiens_necrotic_spot_virus_segment_M,_complete_sequence	79.747	79	10	2	632	704	1173	1251	7.43e-10	68.0
ERR3077544.sra.16356	NC_021040_348381_351031	80.435	92	13	4	157	248	2503	2589	3.50e-11	71.6
ERR3077544.sra.16395	NC_007146_193215_194753	88.914	884	38	35	102	959	850	1	0.0	1049
ERR3077544.sra.16408	NC_021350_359864_361325	66.667	351	92	12	742	1069	1452	1104	5.13e-12	75.2
ERR3077544.sra.16425	AY613590	87.296	1590	91	69	1020	2555	6	1538	0.0	1746
ERR3077544.sra.16459	NC_021040_348381_351031	73.418	158	30	8	820	969	2451	2604	4.03e-11	71.6
ERR3077544.sra.16545	NC_021350_359864_361325	72.955	440	102	12	758	1189	1427	997	2.18e-55	219
ERR3077544.sra.16586	NC_018706_214504_216058	82.278	79	9	4	1302	1376	11	88	3.03e-09	66.2
ERR3077544.sra.16602	NC_007146_193215_194753	85.938	192	15	9	75	260	1354	1539	1.41e-48	196
ERR3077544.sra.16643	NC_021040_348381_351031	74.775	111	14	4	2869	2968	2605	2498	2.43e-10	69.8
ERR3077544.sra.16670	gi|340025671|ref|NC_000852.5|_Paramecium_bursaria_Chlorella_virus_1,_complete_genome	85.714	49	7	0	2226	2274	165719	165767	1.42e-06	57.2
ERR3077544.sra.16679	AY005033	84.571	1400	109	63	2888	4217	1512	150	0.0	1364
ERR3077544.sra.16686	NC_016809_179310_180858	84.076	314	21	16	58	350	306	1	2.33e-78	295
ERR3077544.sra.16690	NC_016809_179310_180858	85.881	857	48	40	50	852	838	1	0.0	886
ERR3077544.sra.16693	NC_016809_179310_180858	79.587	774	82	41	2486	3208	1	749	3.65e-160	567
ERR3077544.sra.16710	NC_021009_505857_508732	74.233	163	21	11	3177	3325	186	341	6.11e-12	75.2
ERR3077544.sra.16735	gi|441431943|ref|NC_020104.1|_Acanthamoeba_polyphaga_moumouvirus,_complete_genome	74.453	137	24	6	2565	2694	474872	474740	2.28e-11	73.4
ERR3077544.sra.16737	NC_021350_359864_361325	67.814	494	102	27	1736	2199	1458	992	8.86e-21	104
ERR3077544.sra.16744	NC_007146_193215_194753	75.185	1487	175	91	1277	2612	1	1444	0.0	783
ERR3077544.sra.16818	NC_007146_193215_194753	75.000	984	106	68	54	952	929	1	1.00e-135	486
ERR3077544.sra.16821	AY613590	87.343	1035	64	35	57	1027	1032	1	0.0	1178
ERR3077544.sra.16838	AY613590	88.081	839	36	33	106	889	830	1	0.0	971
ERR3077544.sra.16843	NC_007146_193215_194753	88.621	870	48	31	3009	3843	1	854	0.0	1029
ERR3077544.sra.16863	NC_007146_193215_194753	80.135	886	77	52	1695	2509	40	897	0.0	659
ERR3077544.sra.16987	NC_000907_127172_128720	86.825	463	30	21	1951	2387	1	458	4.93e-138	493
ERR3077544.sra.16993	NC_000907_127172_128720	80.762	499	45	24	79	540	485	1	2.35e-111	405
ERR3077544.sra.17003	NC_016809_179310_180858	89.542	306	19	10	2785	3081	3	304	4.30e-102	374
ERR3077544.sra.17009	NC_021009_505857_508732	69.349	261	59	10	665	913	435	184	1.24e-14	84.2
ERR3077544.sra.17082	NC_016809_179310_180858	86.307	241	4	12	58	279	1312	1542	1.54e-67	259
ERR3077544.sra.17127	NC_021040_348381_351031	74.797	123	18	6	1154	1265	2598	2478	5.89e-10	68.0
ERR3077544.sra.17147	AY613590	86.975	929	48	39	77	951	629	1538	0.0	1020
ERR3077544.sra.17193	NC_021040_348381_351031	80.597	134	21	4	1964	2094	2582	2451	5.75e-23	111
ERR3077544.sra.17230	NC_021009_505857_508732	76.506	166	27	7	1135	1294	186	345	7.27e-21	104
ERR3077544.sra.17238	NC_021350_359864_361325	70.763	236	57	9	1064	1295	1445	1218	2.82e-15	86.0
ERR3077544.sra.17240	NC_000907_127172_128720	89.831	295	12	9	2784	3064	1521	1231	1.49e-101	372
ERR3077544.sra.17279	NC_016809_179310_180858	87.286	700	26	30	2311	2980	1546	880	0.0	783
ERR3077544.sra.17298	AY613590	81.783	1548	120	85	269	1719	6	1488	0.0	1283
ERR3077544.sra.17312	NC_007146_193215_194753	78.161	870	96	48	94	916	877	55	1.57e-164	581
ERR3077544.sra.17354	gi|313767999|ref|NC_014765.1|_Bathycoccus_sp._RCC1105_virus_BpV1,_complete_genome	71.739	138	34	4	408	542	6950	6815	1.40e-07	60.8
ERR3077544.sra.17360	NC_018706_214504_216058	85.000	60	6	3	710	768	68	11	1.62e-06	57.2
ERR3077544.sra.17363	AY613590	84.580	882	58	48	49	889	694	1538	0.0	832
ERR3077544.sra.17367	gi|506497718|ref|NC_021246.1|_Mythimna_separata_entomopoxvirus_'L',_complete_genome	79.167	72	7	3	2748	2813	7398	7329	1.94e-06	57.2
ERR3077544.sra.17373	NC_021350_359864_361325	70.701	471	92	20	1199	1638	1452	997	1.16e-43	179
ERR3077544.sra.17404	gi|340025671|ref|NC_000852.5|_Paramecium_bursaria_Chlorella_virus_1,_complete_genome	80.952	63	9	2	646	708	165717	165776	6.03e-06	53.6
ERR3077544.sra.17440	AY613590	87.214	1572	70	70	467	1941	1538	1	0.0	1732
ERR3077544.sra.17506	gi|441431943|ref|NC_020104.1|_Acanthamoeba_polyphaga_moumouvirus,_complete_genome	80.000	70	13	1	464	532	779845	779914	9.60e-08	60.8
ERR3077544.sra.17658	NC_000907_127172_128720	87.460	630	29	24	2182	2769	1	622	0.0	717
ERR3077544.sra.17697	NC_021040_348381_351031	76.923	104	16	4	328	424	2478	2580	1.90e-10	69.8
ERR3077544.sra.17786	NC_007146_193215_194753	88.158	152	5	6	74	215	1388	1536	5.97e-43	178
ERR3077544.sra.17804	NC_000907_127172_128720	91.525	236	13	5	3954	4187	1549	1319	1.13e-85	320
ERR3077544.sra.17844	AY613590	87.487	967	50	42	80	1003	600	1538	0.0	1074
ERR3077544.sra.17943	NC_000907_127172_128720	74.701	585	75	41	2454	2986	1549	986	1.28e-70	269
ERR3077544.sra.17977	NC_016809_179310_180858	88.652	749	35	25	2079	2786	1	740	0.0	901
ERR3077544.sra.18020	AY613590	85.083	1562	90	73	175	1622	3	1535	0.0	1566
ERR3077544.sra.18092	NC_016809_179310_180858	85.501	1407	83	57	82	1405	1370	2	0.0	1471
ERR3077544.sra.18132	NC_021350_359864_361325	75.949	158	34	4	2134	2290	1452	1298	1.05e-19	100
ERR3077544.sra.18183	gi|363539767|ref|NC_016072.1|_Megavirus_chiliensis,_complete_genome	77.647	85	13	4	1279	1361	469332	469252	3.78e-06	55.4
ERR3077544.sra.18203	AY613590	85.804	1120	73	46	2265	3331	3	1089	0.0	1173
ERR3077544.sra.18231	AY613590	88.641	1567	63	63	289	1769	1538	1	0.0	1844
ERR3077544.sra.18240	gi|310830989|ref|NC_014637.1|_Cafeteria_roenbergensis_virus_BV-PW1,_complete_genome	75.439	114	26	2	791	903	451440	451328	2.37e-11	73.4
ERR3077544.sra.18265	AY613590	83.323	1583	121	82	757	2247	3	1534	0.0	1424
ERR3077544.sra.18279	AY613590	86.453	1528	81	65	688	2110	1507	1	0.0	1644
ERR3077544.sra.18319	AY005033	82.574	1515	112	78	1424	2835	1	1466	0.0	1328
ERR3077544.sra.18337	NC_007146_193215_194753	78.179	1219	123	70	1466	2576	5	1188	0.0	812
ERR3077544.sra.18353	NC_021040_348381_351031	72.932	133	29	6	2914	3041	2578	2448	1.55e-06	57.2
ERR3077544.sra.18375	AF382302	86.234	1264	59	49	897	2057	1454	203	0.0	1379
ERR3077544.sra.18436	gi|310830989|ref|NC_014637.1|_Cafeteria_roenbergensis_virus_BV-PW1,_complete_genome	76.190	105	19	5	843	945	484291	484191	1.28e-07	60.8
ERR3077544.sra.18471	AY613590	84.902	1583	100	70	168	1656	1	1538	0.0	1588
ERR3077544.sra.18485	NC_018706_214504_216058	78.723	94	15	4	257	345	99	6	3.32e-09	66.2
ERR3077544.sra.18536	NC_021040_348381_351031	76.316	114	19	4	1264	1370	2492	2604	1.94e-11	73.4
ERR3077544.sra.18548	NC_016809_179310_180858	78.426	343	45	16	51	383	325	2	2.75e-61	239
ERR3077544.sra.18574	NC_021040_348381_351031	75.862	116	19	5	1212	1321	2587	2475	1.79e-10	69.8
ERR3077544.sra.18627	AY613590	84.394	1006	62	42	45	976	985	1	0.0	1003
ERR3077544.sra.18654	NC_021009_505857_508732	74.000	250	50	7	1755	1989	186	435	1.34e-31	140
ERR3077544.sra.18753	AY613590	87.078	1571	89	60	405	1895	1537	1	0.0	1750
ERR3077544.sra.18784	AY005033	82.338	1591	141	76	613	2126	3	1530	0.0	1386
ERR3077544.sra.18820	gi|363539767|ref|NC_016072.1|_Megavirus_chiliensis,_complete_genome	77.193	114	23	3	1625	1737	550535	550424	3.87e-13	78.8
ERR3077544.sra.18835	NC_016809_179310_180858	85.279	197	14	8	3473	3654	7	203	1.90e-50	203
ERR3077544.sra.18841	DQ201336	84.522	1318	101	50	87	1330	210	1498	0.0	1324
ERR3077544.sra.18874	NC_021040_348381_351031	79.570	93	12	3	2870	2960	2598	2511	5.47e-12	75.2
ERR3077544.sra.18918	NC_016809_179310_180858	91.667	312	16	7	79	382	310	1	6.93e-117	423
ERR3077544.sra.18967	NC_021350_359864_361325	73.529	238	51	10	1648	1881	1220	1449	7.87e-23	111
ERR3077544.sra.18995	NC_021350_359864_361325	82.895	76	11	1	1061	1136	1211	1284	1.64e-12	77.0
ERR3077544.sra.19017	AY005033	81.856	1444	150	66	515	1904	1	1386	0.0	1227
ERR3077544.sra.19021	NC_021040_348381_351031	76.316	114	23	3	770	881	2478	2589	3.47e-12	75.2
ERR3077544.sra.19032	X87976	86.372	1130	60	53	1520	2576	1442	334	0.0	1191
ERR3077544.sra.19036	AF224299	82.043	1175	103	56	71	1179	379	1511	0.0	1012
ERR3077544.sra.19087	NC_014920_160651_162199	84.829	1371	78	65	2396	3668	1	1339	0.0	1359
ERR3077544.sra.19092	NC_015964_438409_439961	78.598	528	61	30	1700	2187	13	528	2.87e-96	354
ERR3077544.sra.19122	NC_017451_357249_358787	86.468	1574	82	67	337	1814	1	1539	0.0	1694
ERR3077544.sra.19227	AY613590	87.645	1117	60	41	1833	2899	3	1091	0.0	1278
ERR3077544.sra.19245	NC_021350_359864_361325	70.276	471	104	18	1180	1624	1446	986	9.05e-41	170
ERR3077544.sra.19258	NC_007146_193215_194753	85.731	848	37	37	2610	3383	702	1539	0.0	893
ERR3077544.sra.19258	NC_007146_193215_194753	91.429	105	3	3	2080	2178	1	105	5.47e-32	141
ERR3077544.sra.19260	NC_016809_179310_180858	85.714	168	7	5	61	214	165	1	3.80e-46	188
ERR3077544.sra.19282	gi|32453825|ref|NC_004927.1|_Halovirus_HF1,_complete_genome	84.483	58	9	0	2443	2500	20743	20800	9.22e-09	64.4
ERR3077544.sra.19344	AY613590	86.408	618	38	26	2030	2615	1	604	0.0	661
ERR3077544.sra.19346	X87976	84.982	1132	68	55	61	1115	1434	328	0.0	1121
ERR3077544.sra.19366	NC_018706_214504_216058	75.556	90	17	2	637	721	100	11	2.48e-07	59.0
ERR3077544.sra.19399	NC_013520_103635_105185	85.644	202	16	6	60	255	1357	1551	1.70e-55	219
ERR3077544.sra.19429	NC_021009_505857_508732	68.729	291	50	15	2375	2638	1	277	9.47e-15	84.2
ERR3077544.sra.19457	NC_009567_443072_444611	82.383	1578	132	80	3207	4682	1538	5	0.0	1364
ERR3077544.sra.19463	NC_009567_443072_444611	85.975	1205	75	58	95	1229	360	1540	0.0	1234
ERR3077544.sra.19487	AY613590	85.016	1575	106	64	364	1848	1535	1	0.0	1606
ERR3077544.sra.19515	X87976	84.518	1505	96	73	414	1849	2	1438	0.0	1460
ERR3077544.sra.19523	NC_021350_359864_361325	70.601	466	108	17	113	554	986	1446	1.32e-41	172
ERR3077544.sra.19541	X87976	85.206	703	48	32	2339	3011	1429	753	0.0	706
ERR3077544.sra.19566	AY613590	85.595	1562	95	69	1363	2821	4	1538	0.0	1609
ERR3077544.sra.19571	AY613590	78.221	1203	142	68	106	1215	1183	8	0.0	791
ERR3077544.sra.19588	NC_021040_348381_351031	77.586	116	19	6	207	320	2478	2588	5.13e-11	71.6
ERR3077544.sra.19597	AY613590	77.014	1527	163	89	983	2375	1473	1	0.0	940
ERR3077544.sra.19618	AY613590	84.180	1574	96	81	1444	2900	1538	1	0.0	1489
ERR3077544.sra.19647	NC_021040_348381_351031	79.167	144	22	6	2560	2697	2589	2448	3.24e-21	105
ERR3077544.sra.19659	NC_016809_179310_180858	86.036	888	45	38	1271	2109	1549	692	0.0	942
ERR3077544.sra.19670	NC_018706_214504_216058	81.250	80	14	1	1029	1107	88	9	2.58e-11	73.4
ERR3077544.sra.19719	NC_000907_127172_128720	87.019	416	22	16	82	470	411	1	2.62e-129	464
ERR3077544.sra.19735	gi|50428964|ref|NC_006063.1|_Potato_yellow_vein_virus,_complete_genome	86.667	45	6	0	1373	1417	598	554	4.18e-06	55.4
ERR3077544.sra.19830	NC_007146_193215_194753	88.889	1143	57	43	60	1155	1123	4	0.0	1359
ERR3077544.sra.19838	NC_009567_443072_444611	84.916	1253	90	51	75	1261	321	1540	0.0	1267
ERR3077544.sra.19862	NC_021009_505857_508732	71.304	230	42	12	624	836	429	207	2.10e-15	86.0
ERR3077544.sra.19933	gi|441431943|ref|NC_020104.1|_Acanthamoeba_polyphaga_moumouvirus,_complete_genome	78.519	135	22	4	1192	1324	474872	474743	2.86e-20	102
ERR3077544.sra.19962	gi|441431943|ref|NC_020104.1|_Acanthamoeba_polyphaga_moumouvirus,_complete_genome	71.242	153	31	5	1901	2040	474865	474713	7.45e-10	68.0
ERR3077544.sra.19989	NC_016809_179310_180858	82.569	218	19	9	1651	1854	1	213	1.18e-49	199
ERR3077544.sra.19991	NC_021350_359864_361325	71.069	159	31	7	3087	3236	1457	1305	3.71e-08	62.6
ERR3077544.sra.20015	NC_021040_348381_351031	80.769	78	8	5	1190	1262	2529	2604	1.24e-06	57.2
ERR3077544.sra.20030	NC_018706_214504_216058	77.778	99	20	2	1071	1168	100	3	1.73e-11	73.4
ERR3077544.sra.20061	NC_000907_127172_128720	87.928	497	28	20	2696	3168	1	489	1.26e-159	565
ERR3077544.sra.20066	NC_021350_359864_361325	71.154	468	96	19	1667	2104	1450	992	3.81e-45	185
ERR3077544.sra.20094	AY613590	85.630	675	42	39	1955	2606	1	643	0.0	654
ERR3077544.sra.20102	AY613590	85.204	1568	101	78	2440	3906	1538	1	0.0	1548
ERR3077544.sra.20248	gi|441431943|ref|NC_020104.1|_Acanthamoeba_polyphaga_moumouvirus,_complete_genome	76.984	126	22	5	1853	1975	474849	474728	1.59e-13	80.6
ERR3077544.sra.20265	AY879305	81.693	1158	97	49	1632	2686	1509	364	0.0	1016
ERR3077544.sra.20295	NC_016809_179310_180858	80.526	190	18	10	98	276	183	2	2.41e-34	149
ERR3077544.sra.20296	AY613590	81.762	976	78	56	1732	2662	6	926	0.0	796
ERR3077544.sra.20317	AY613590	82.824	1310	112	65	59	1278	1299	13	0.0	1157
ERR3077544.sra.20392	AY613590	84.816	1574	116	71	842	2330	1536	1	0.0	1552
ERR3077544.sra.20404	NC_007146_193215_194753	85.544	671	36	34	71	696	866	1520	0.0	675
ERR3077544.sra.20542	AY613590	82.157	1558	124	81	117	1546	1532	1	0.0	1330
ERR3077544.sra.20639	NC_015964_438409_439961	72.860	1577	195	106	1333	2719	17	1550	0.0	646
ERR3077544.sra.20708	NC_000907_127172_128720	85.300	483	25	26	2784	3223	1	480	1.78e-132	475
ERR3077544.sra.20734	NC_018706_214504_216058	83.333	72	9	2	1578	1648	19	88	3.35e-10	69.8
ERR3077544.sra.20756	gi|139424470|ref|NC_009334.1|_Human_herpesvirus_4,_complete_genome	79.858	2681	262	142	45	2537	103810	101220	0.0	2012
ERR3077544.sra.20830	NC_021040_348381_351031	73.649	148	31	4	183	323	2451	2597	1.35e-13	80.6
ERR3077544.sra.20831	NC_007146_193215_194753	84.564	745	47	33	2633	3323	11	741	0.0	738
ERR3077544.sra.20906	gi|313767999|ref|NC_014765.1|_Bathycoccus_sp._RCC1105_virus_BpV1,_complete_genome	69.580	286	62	11	2045	2313	7734	7457	1.97e-18	96.9
ERR3077544.sra.20951	NC_000907_127172_128720	88.861	395	15	14	2446	2818	1549	1162	4.46e-133	477
ERR3077544.sra.20982	AY613590	81.199	1601	142	86	447	1952	1	1537	0.0	1287
ERR3077544.sra.21075	AY613590	80.190	1575	119	101	657	2081	1538	7	0.0	1153
ERR3077544.sra.21145	gi|363539767|ref|NC_016072.1|_Megavirus_chiliensis,_complete_genome	76.724	116	23	4	613	725	550535	550421	1.95e-11	73.4
ERR3077544.sra.21240	NC_007146_193215_194753	86.613	493	30	19	55	526	1062	1539	2.59e-151	538
ERR3077544.sra.21255	AY005446	81.818	682	43	38	782	1421	1	643	1.10e-162	574
ERR3077544.sra.21258	NC_000907_127172_128720	95.238	147	1	5	64	209	1408	1549	5.65e-55	217
ERR3077544.sra.21276	NC_000907_127172_128720	92.073	164	5	6	2060	2222	1549	1393	5.25e-55	217
ERR3077544.sra.21343	gi|310830989|ref|NC_014637.1|_Cafeteria_roenbergensis_virus_BV-PW1,_complete_genome	73.224	183	39	4	2873	3046	451455	451274	2.05e-19	100
ERR3077544.sra.21350	NC_021040_348381_351031	84.000	75	11	1	495	569	2511	2584	3.58e-13	78.8
ERR3077544.sra.21376	AY613590	86.537	1597	89	69	235	1764	1	1538	0.0	1714
