ERR3077545.sra.15	gi|527333514|ref|NC_021901.1|_Invertebrate_iridovirus_22_complete_genome	87.234	47	5	1	2522	2567	24999	25045	5.25e-06	55.4
ERR3077545.sra.83	NC_021350_359864_361325	74.747	99	20	2	2819	2916	992	1086	3.38e-08	62.6
ERR3077545.sra.140	NC_017451_357249_358787	87.674	1582	74	66	1134	2637	1	1539	0.0	1786
ERR3077545.sra.224	AY613590	81.976	1609	130	85	795	2314	1	1538	0.0	1355
ERR3077545.sra.273	NC_021350_359864_361325	69.665	478	110	16	1871	2330	992	1452	3.49e-40	168
ERR3077545.sra.292	NC_021040_348381_351031	74.194	155	32	6	2389	2539	2598	2448	1.25e-13	80.6
ERR3077545.sra.309	NC_021009_505857_508732	70.325	246	49	14	3086	3316	188	424	2.31e-11	73.4
ERR3077545.sra.372	gi|448824968|ref|NC_020232.1|_Megavirus_lba_isolate_LBA111,_complete_genome	70.106	378	82	16	4622	4993	755788	756140	5.86e-28	129
ERR3077545.sra.372	gi|448824968|ref|NC_020232.1|_Megavirus_lba_isolate_LBA111,_complete_genome	68.112	392	78	21	4758	5136	755793	756150	1.47e-16	91.5
ERR3077545.sra.372	gi|448824968|ref|NC_020232.1|_Megavirus_lba_isolate_LBA111,_complete_genome	68.622	341	74	16	4489	4815	755825	756146	1.47e-16	91.5
ERR3077545.sra.372	gi|448824968|ref|NC_020232.1|_Megavirus_lba_isolate_LBA111,_complete_genome	70.956	272	60	14	4754	5012	991599	991334	5.14e-16	89.7
ERR3077545.sra.372	gi|448824968|ref|NC_020232.1|_Megavirus_lba_isolate_LBA111,_complete_genome	73.620	163	31	8	4866	5019	259493	259334	1.13e-11	75.2
ERR3077545.sra.372	gi|448824968|ref|NC_020232.1|_Megavirus_lba_isolate_LBA111,_complete_genome	68.444	225	48	10	4467	4688	755941	756145	7.15e-08	62.6
ERR3077545.sra.372	gi|448824968|ref|NC_020232.1|_Megavirus_lba_isolate_LBA111,_complete_genome	69.744	195	42	9	4869	5054	582147	582333	2.49e-07	60.8
ERR3077545.sra.372	gi|448824968|ref|NC_020232.1|_Megavirus_lba_isolate_LBA111,_complete_genome	66.216	444	104	24	4444	4876	991638	991230	8.71e-07	59.0
ERR3077545.sra.640	NC_021350_359864_361325	70.588	476	108	16	2356	2808	986	1452	4.03e-45	185
ERR3077545.sra.656	gi|119953744|ref|NC_008724.1|_Acanthocystis_turfacea_Chlorella_virus_1,_complete_genome	81.667	60	10	1	1111	1170	84052	83994	4.02e-06	55.4
