ERR3077546.sra.4	gi|370702946|ref|NC_004156.2|_Helicoverpa_zea_nudivirus_2,_complete_genome	72.222	144	28	8	2065	2201	175597	175459	6.35e-06	55.4
ERR3077546.sra.30	gi|163954976|ref|NC_010191.1|_Ostreococcus_virus_OsV5,_complete_genome	88.889	54	5	1	3079	3131	10054	10001	8.96e-10	68.0
ERR3077546.sra.109	NC_009567_443072_444611	79.947	1506	146	75	60	1459	71	1526	0.0	1157
ERR3077546.sra.210	gi|441431943|ref|NC_020104.1|_Acanthamoeba_polyphaga_moumouvirus,_complete_genome	76.042	96	22	1	1090	1184	474853	474758	2.50e-09	66.2
ERR3077546.sra.210	gi|441431943|ref|NC_020104.1|_Acanthamoeba_polyphaga_moumouvirus,_complete_genome	74.000	100	25	1	1087	1185	290836	290935	1.06e-07	60.8
ERR3077546.sra.232	gi|441431943|ref|NC_020104.1|_Acanthamoeba_polyphaga_moumouvirus,_complete_genome	74.219	128	26	6	1261	1384	474728	474852	4.33e-08	62.6
ERR3077546.sra.390	NC_016605_58385_59951	77.402	1478	194	77	867	2236	1566	121	0.0	939
ERR3077546.sra.390	NC_016605_58385_59951	92.857	42	2	1	2281	2321	46	5	5.26e-07	59.0
ERR3077546.sra.401	NC_021350_359864_361325	70.507	217	47	10	144	349	1232	1442	1.13e-11	73.4
ERR3077546.sra.409	gi|9628932|ref|NC_001731.1|_Molluscum_contagiosum_virus_subtype_1,_complete_genome	67.176	262	51	11	915	1171	10636	10405	5.95e-10	68.0
ERR3077546.sra.409	gi|9628932|ref|NC_001731.1|_Molluscum_contagiosum_virus_subtype_1,_complete_genome	67.829	258	47	13	915	1162	10621	10390	2.08e-09	66.2
ERR3077546.sra.409	gi|9628932|ref|NC_001731.1|_Molluscum_contagiosum_virus_subtype_1,_complete_genome	67.339	248	61	8	953	1189	10649	10411	7.25e-09	64.4
ERR3077546.sra.441	X87976	88.160	1098	65	45	131	1183	365	1442	0.0	1251
ERR3077546.sra.459	NC_009567_443072_444611	87.629	1261	63	47	51	1238	300	1540	0.0	1443
ERR3077546.sra.491	CP000725	82.520	1373	113	75	47	1368	214	1510	0.0	1171
ERR3077546.sra.532	NC_021350_359864_361325	71.670	473	103	16	397	853	992	1449	6.24e-51	205
ERR3077546.sra.593	GU470910	86.135	916	46	37	2039	2891	1477	580	0.0	985
ERR3077546.sra.630	NC_009567_443072_444611	85.805	1578	96	72	891	2378	1540	1	0.0	1627
ERR3077546.sra.641	NC_007146_193215_194753	88.578	928	34	38	2178	3048	1	913	0.0	1090
ERR3077546.sra.738	NC_021350_359864_361325	70.881	261	59	11	71	319	1247	992	6.47e-18	95.1
ERR3077546.sra.823	NC_021350_359864_361325	72.967	455	100	16	582	1018	1446	997	1.86e-54	215
ERR3077546.sra.842	NC_007146_193215_194753	89.276	774	27	34	52	798	749	5	0.0	919
ERR3077546.sra.897	NC_021350_359864_361325	68.254	315	77	13	774	1071	1292	984	1.26e-13	80.6
ERR3077546.sra.923	NC_021350_359864_361325	69.602	477	115	19	1482	1944	1452	992	3.10e-34	149
ERR3077546.sra.960	NC_021040_348381_351031	77.064	109	21	3	3734	3840	2584	2478	7.03e-12	75.2
ERR3077546.sra.999	NC_022356_182851_184377	88.065	1550	97	56	1864	3348	1	1527	0.0	1788
ERR3077546.sra.1009	NC_004088_12016_13600	77.273	132	18	7	52	177	1460	1585	3.12e-14	82.4
ERR3077546.sra.1049	gi|313768203|ref|NC_014767.1|_Micromonas_sp._RCC1109_virus_MpV1,_complete_genome	86.275	51	6	1	218	267	138410	138460	2.08e-06	57.2
ERR3077546.sra.1106	gi|506497718|ref|NC_021246.1|_Mythimna_separata_entomopoxvirus_'L',_complete_genome	77.381	84	11	4	1601	1678	38088	38169	4.53e-06	55.4
ERR3077546.sra.1181	AY613590	84.204	1589	100	79	760	2259	3	1529	0.0	1514
ERR3077546.sra.1201	NC_000907_127172_128720	76.240	1532	173	84	78	1466	58	1541	0.0	915
ERR3077546.sra.1317	gi|311977355|ref|NC_014649.1|_Acanthamoeba_polyphaga_mimivirus,_complete_genome	79.710	69	12	2	650	718	192589	192655	4.52e-06	55.4
ERR3077546.sra.1351	gi|310830989|ref|NC_014637.1|_Cafeteria_roenbergensis_virus_BV-PW1,_complete_genome	78.448	116	20	4	947	1060	81854	81966	8.27e-15	84.2
ERR3077546.sra.1407	gi|441431943|ref|NC_020104.1|_Acanthamoeba_polyphaga_moumouvirus,_complete_genome	78.873	71	15	0	321	391	779831	779901	1.02e-07	60.8
ERR3077546.sra.1407	gi|441431943|ref|NC_020104.1|_Acanthamoeba_polyphaga_moumouvirus,_complete_genome	84.000	50	8	0	315	364	779861	779910	4.35e-06	55.4
ERR3077546.sra.1434	gi|509139559|ref|NC_021320.1|_Halovirus_HRTV-5,_complete_genome	80.952	63	11	1	2800	2862	55950	55889	1.60e-06	57.2
ERR3077546.sra.1456	NC_009567_443072_444611	76.321	1098	77	70	95	1046	1112	52	0.0	657
ERR3077546.sra.1461	NC_020450_475434_475549	76.344	93	18	3	2540	2628	16	108	3.90e-07	59.0
ERR3077546.sra.1469	NC_016809_179310_180858	87.549	514	30	18	60	546	1040	1546	9.64e-167	589
ERR3077546.sra.1475	gi|311977355|ref|NC_014649.1|_Acanthamoeba_polyphaga_mimivirus,_complete_genome	81.818	55	10	0	2825	2879	537117	537171	5.02e-06	55.4
ERR3077546.sra.1516	gi|526118633|ref|NC_021858.1|_Pandoravirus_dulcis,_complete_genome	84.314	51	8	0	1135	1185	222989	222939	1.25e-06	57.2
ERR3077546.sra.1583	NC_021350_359864_361325	73.045	486	106	13	707	1177	977	1452	7.23e-65	250
ERR3077546.sra.1614	AF016390	81.845	1344	117	72	1590	2829	1527	207	0.0	1113
ERR3077546.sra.1659	AY613590	83.269	1566	96	79	800	2231	1534	1	0.0	1436
ERR3077546.sra.1670	NC_013715_1592163_1593688	89.617	626	29	20	1265	1859	28	648	0.0	778
ERR3077546.sra.1731	gi|119953744|ref|NC_008724.1|_Acanthocystis_turfacea_Chlorella_virus_1,_complete_genome	81.667	60	10	1	995	1054	84052	83994	7.15e-06	55.4
ERR3077546.sra.1788	NC_016809_179310_180858	72.212	1605	236	114	538	2017	1529	10	8.27e-158	560
ERR3077546.sra.1799	NC_021350_359864_361325	68.750	400	92	17	3958	4337	980	1366	1.09e-22	111
ERR3077546.sra.1873	AY613590	86.509	1564	77	65	1546	3006	1533	1	0.0	1698
ERR3077546.sra.1911	NC_007146_193215_194753	76.047	1098	116	69	48	1063	1037	5	6.81e-175	616
ERR3077546.sra.1929	NC_018706_214504_216058	81.159	69	10	2	175	241	12	79	1.29e-07	60.8
ERR3077546.sra.2011	NC_000907_127172_128720	86.757	370	28	14	82	431	1181	1549	1.18e-110	403
ERR3077546.sra.2056	AY613590	86.899	1580	89	66	290	1797	1	1534	0.0	1725
ERR3077546.sra.2061	NC_017592_15332_16890	87.683	479	27	18	48	505	472	5	1.26e-153	545
ERR3077546.sra.2121	gi|506497718|ref|NC_021246.1|_Mythimna_separata_entomopoxvirus_'L',_complete_genome	79.012	81	13	4	1034	1112	38166	38088	5.67e-06	55.4
ERR3077546.sra.2212	AY613590	87.346	814	36	40	90	849	801	1	0.0	884
ERR3077546.sra.2245	AY278611	84.439	1523	98	64	1154	2562	1498	1	0.0	1516
ERR3077546.sra.2255	NC_021040_348381_351031	78.049	123	14	6	2511	2622	2598	2478	2.67e-15	86.0
ERR3077546.sra.2351	gi|555928251|ref|NC_022615.1|_Dill_cryptic_virus_1_isolate_IPP_hortorum_segment_2,_complete_sequence	92.500	80	6	0	27	106	1832	1753	4.38e-25	118
ERR3077546.sra.2362	AY613590	84.164	1585	117	75	768	2267	3	1538	0.0	1510
ERR3077546.sra.2428	NC_021040_348381_351031	72.152	158	34	6	370	519	2448	2603	3.30e-10	69.8
ERR3077546.sra.2492	AY613590	86.427	1083	54	46	119	1154	502	1538	0.0	1168
ERR3077546.sra.2508	NC_006449_17815_19369	87.425	334	20	12	61	379	1229	1555	1.10e-103	379
ERR3077546.sra.2544	gi|113195177|ref|NC_008291.1|_Taterapox_virus,_complete_genome	74.534	161	26	10	2531	2690	184839	184985	5.79e-12	75.2
ERR3077546.sra.2544	gi|113195177|ref|NC_008291.1|_Taterapox_virus,_complete_genome	75.000	160	27	11	2665	2821	184820	184969	7.06e-11	71.6
ERR3077546.sra.2544	gi|113195177|ref|NC_008291.1|_Taterapox_virus,_complete_genome	74.522	157	25	10	2531	2686	184844	184986	7.06e-11	71.6
ERR3077546.sra.2544	gi|113195177|ref|NC_008291.1|_Taterapox_virus,_complete_genome	72.283	184	29	14	2606	2782	184821	184989	4.45e-07	59.0
ERR3077546.sra.2578	NC_021350_359864_361325	68.333	480	109	23	4612	5066	991	1452	3.34e-24	116
ERR3077546.sra.2676	NC_018706_214504_216058	79.747	79	13	2	3241	3319	78	3	1.46e-08	64.4
ERR3077546.sra.2690	gi|506497718|ref|NC_021246.1|_Mythimna_separata_entomopoxvirus_'L',_complete_genome	79.012	81	13	4	1397	1475	38088	38166	4.19e-06	55.4
ERR3077546.sra.2742	NC_017451_357249_358787	83.770	1565	102	76	550	1989	1538	1	0.0	1472
ERR3077546.sra.2757	AY485603	77.417	1510	147	95	613	1974	1468	5	0.0	933
ERR3077546.sra.2786	AY613590	86.032	1303	87	61	37	1272	1275	1	0.0	1341
ERR3077546.sra.2823	AY613590	82.530	1431	109	65	1993	3331	1	1382	0.0	1288
ERR3077546.sra.2826	NC_021040_348381_351031	87.719	57	2	2	895	947	2586	2531	4.46e-10	68.0
ERR3077546.sra.2845	gi|448824857|ref|NC_020231.1|_Caviid_herpesvirus_2_strain_21222,_complete_genome	92.308	65	4	1	34	98	223337	223400	8.70e-17	91.5
ERR3077546.sra.2878	NC_021350_359864_361325	68.607	481	124	17	1963	2430	986	1452	7.30e-30	134
ERR3077546.sra.2891	gi|441431943|ref|NC_020104.1|_Acanthamoeba_polyphaga_moumouvirus,_complete_genome	71.978	182	38	5	2062	2230	474894	474713	7.35e-16	87.8
ERR3077546.sra.2975	AY613590	86.505	1608	73	73	332	1865	1	1538	0.0	1723
ERR3077546.sra.2978	NC_021350_359864_361325	68.182	484	109	23	401	867	997	1452	3.04e-24	116
ERR3077546.sra.3066	AY584476	86.497	1496	88	62	1440	2848	1469	1	0.0	1611
ERR3077546.sra.3088	gi|9629210|ref|NC_001782.1|_Saccharomyces_cerevisiae_killer_virus_M1,_complete_genome	92.424	66	2	1	197	259	1187	1122	5.65e-18	95.1
ERR3077546.sra.3088	gi|9629210|ref|NC_001782.1|_Saccharomyces_cerevisiae_killer_virus_M1,_complete_genome	92.063	63	5	0	197	259	1190	1128	6.88e-17	91.5
ERR3077546.sra.3088	gi|9629210|ref|NC_001782.1|_Saccharomyces_cerevisiae_killer_virus_M1,_complete_genome	85.714	70	3	1	197	259	1193	1124	1.02e-14	84.2
ERR3077546.sra.3126	AY584476	77.592	1495	162	76	106	1463	1465	7	0.0	1000
ERR3077546.sra.3151	gi|508181800|ref|NC_021312.1|_Phaeocystis_globosa_virus_strain_16T,_complete_genome	77.647	85	13	4	165	248	150582	150503	4.53e-06	55.4
ERR3077546.sra.3165	AY613590	84.139	889	64	43	1052	1885	1535	669	0.0	843
ERR3077546.sra.3186	NC_018706_214504_216058	83.133	83	9	3	3424	3501	85	3	6.51e-13	78.8
ERR3077546.sra.3197	gi|170676271|ref|NC_010490.1|_Tomato_zonate_spot_virus_segment_M,_complete_sequence	85.417	48	7	0	722	769	1188	1141	4.73e-06	55.4
ERR3077546.sra.3267	gi|506497718|ref|NC_021246.1|_Mythimna_separata_entomopoxvirus_'L',_complete_genome	77.273	88	14	4	3203	3289	38088	38170	1.98e-06	57.2
ERR3077546.sra.3290	NC_013715_1592163_1593688	82.683	1230	76	77	52	1184	335	1524	0.0	1034
ERR3077546.sra.3305	gi|448824857|ref|NC_020231.1|_Caviid_herpesvirus_2_strain_21222,_complete_genome	94.231	52	2	1	4	55	223350	223400	1.87e-12	77.0
ERR3077546.sra.3320	NC_021040_348381_351031	76.842	95	14	4	3388	3476	2604	2512	4.02e-08	62.6
ERR3077546.sra.3344	gi|529218053|ref|NC_021923.1|_Hemileuca_sp._nucleopolyhedrovirus,_complete_genome	85.000	60	6	3	1860	1918	52782	52725	1.50e-06	57.2
ERR3077546.sra.3501	NC_015291_14803_16340	84.298	121	9	7	58	174	1424	1538	7.79e-23	111
ERR3077546.sra.3603	NC_016809_179310_180858	83.067	1565	114	79	1661	3090	1	1549	0.0	1407
ERR3077546.sra.3694	NC_016809_179310_180858	94.048	168	3	3	2849	3011	1	166	3.45e-65	251
ERR3077546.sra.3712	gi|506497718|ref|NC_021246.1|_Mythimna_separata_entomopoxvirus_'L',_complete_genome	76.087	92	16	4	1659	1749	38088	38174	4.70e-06	55.4
ERR3077546.sra.3720	NC_021040_348381_351031	78.065	155	27	4	2301	2455	2598	2451	6.77e-24	114
ERR3077546.sra.3736	CP001015	79.650	1484	164	77	910	2297	1450	9	0.0	1092
ERR3077546.sra.3755	NC_016809_179310_180858	81.455	976	82	49	51	950	597	1549	0.0	812
ERR3077546.sra.3756	gi|472342562|ref|NC_020864.1|_Micromonas_pusilla_virus_12T_genomic_sequence	67.586	290	80	6	2334	2614	198944	198660	3.22e-15	86.0
ERR3077546.sra.3789	NC_018706_214504_216058	81.395	86	11	3	2096	2177	87	3	6.07e-12	75.2
ERR3077546.sra.3794	NC_014147_315691_317208	87.260	832	39	36	2562	3334	1517	694	0.0	921
ERR3077546.sra.3838	AM420075	87.500	512	24	21	2300	2777	8	513	6.13e-163	576
ERR3077546.sra.3904	NC_007146_193215_194753	81.774	620	61	30	2086	2670	3	605	3.98e-146	520
ERR3077546.sra.3906	NC_017451_357249_358787	90.401	1573	66	49	1234	2755	1	1539	0.0	2012
ERR3077546.sra.3928	NC_021350_359864_361325	73.878	245	56	7	2994	3233	1452	1211	3.05e-28	129
ERR3077546.sra.3958	gi|190643491|ref|NC_010990.1|_Alternaria_alternata_dsRNA_mycovirus_segment_M2,_complete_sequence	80.702	57	0	1	58	114	2576	2531	4.25e-07	59.0
ERR3077546.sra.4021	gi|52627071|ref|NC_005839.2|_Agrotis_segetum_granulovirus,_complete_genome	90.476	42	3	1	1469	1509	102542	102583	4.88e-06	55.4
ERR3077546.sra.4066	AF224299	85.761	1517	124	46	831	2271	1503	3	0.0	1638
ERR3077546.sra.4100	NC_021350_359864_361325	70.492	488	109	18	1665	2133	977	1448	4.64e-44	181
ERR3077546.sra.4106	NC_016809_179310_180858	86.453	406	26	14	58	441	1148	1546	2.81e-124	448
ERR3077546.sra.4151	NC_021350_359864_361325	68.966	319	81	12	1396	1706	1300	992	1.04e-16	91.5
ERR3077546.sra.4232	NC_021350_359864_361325	72.555	317	67	10	104	406	1142	1452	2.14e-35	152
ERR3077546.sra.4253	gi|441431943|ref|NC_020104.1|_Acanthamoeba_polyphaga_moumouvirus,_complete_genome	75.373	134	32	1	671	803	474873	474740	3.39e-16	89.7
ERR3077546.sra.4271	NC_018706_214504_216058	78.161	87	15	3	1385	1468	88	3	2.38e-08	62.6
ERR3077546.sra.4289	NC_021350_359864_361325	70.354	226	52	9	175	397	1233	1446	3.44e-13	78.8
ERR3077546.sra.4298	AF543300	77.190	1210	120	78	1598	2670	1467	277	0.0	728
ERR3077546.sra.4311	NC_021009_505857_508732	72.951	244	44	12	95	327	411	179	2.85e-22	109
ERR3077546.sra.4340	gi|188543102|ref|NC_010708.1|_Thottapalayam_virus_segment_M,_complete_sequence	82.540	63	9	1	219	279	3485	3547	2.20e-08	62.6
ERR3077546.sra.4362	NC_021040_348381_351031	80.357	112	18	3	2356	2463	2602	2491	1.67e-17	93.3
ERR3077546.sra.4401	NC_016809_179310_180858	86.667	225	13	9	4177	4387	1	222	2.13e-63	246
ERR3077546.sra.4415	AF385525	87.736	954	56	31	65	984	521	1447	0.0	1108
ERR3077546.sra.4486	DQ201336	86.350	1348	71	57	1014	2263	1498	166	0.0	1447
ERR3077546.sra.4487	NC_021281_93861_95367	87.909	1406	74	53	1767	3102	1	1380	0.0	1617
ERR3077546.sra.4507	NC_018706_214504_216058	86.207	87	11	1	57	143	88	3	1.13e-19	100
ERR3077546.sra.4755	NC_016809_179310_180858	91.289	551	12	18	60	580	1005	1549	0.0	729
ERR3077546.sra.4799	NC_021040_348381_351031	79.221	77	9	3	3795	3866	2585	2511	1.76e-07	60.8
ERR3077546.sra.4812	NC_009567_443072_444611	87.831	1134	55	44	2860	3936	1360	253	0.0	1299
ERR3077546.sra.4825	gi|441431943|ref|NC_020104.1|_Acanthamoeba_polyphaga_moumouvirus,_complete_genome	83.333	126	20	1	3062	3187	474728	474852	3.15e-28	129
ERR3077546.sra.4825	gi|441431943|ref|NC_020104.1|_Acanthamoeba_polyphaga_moumouvirus,_complete_genome	72.222	162	43	2	3025	3185	291002	290842	4.10e-14	82.4
ERR3077546.sra.4843	NC_021040_348381_351031	81.102	127	17	6	117	243	2480	2599	1.53e-19	100
ERR3077546.sra.4858	NC_016809_179310_180858	93.617	282	6	6	1695	1965	8	288	1.09e-113	412
ERR3077546.sra.4886	NC_020450_475434_475549	83.750	80	12	1	1381	1459	19	98	3.04e-14	82.4
ERR3077546.sra.4927	gi|441431943|ref|NC_020104.1|_Acanthamoeba_polyphaga_moumouvirus,_complete_genome	74.603	126	23	4	403	524	627890	627770	1.91e-11	73.4
ERR3077546.sra.4968	NC_000907_127172_128720	94.737	57	2	1	66	122	1494	1549	2.35e-15	86.0
ERR3077546.sra.4986	gi|509139559|ref|NC_021320.1|_Halovirus_HRTV-5,_complete_genome	83.333	60	7	2	192	250	55937	55880	1.29e-06	57.2
ERR3077546.sra.4994	NC_021350_359864_361325	67.611	247	62	10	2288	2523	997	1236	1.24e-06	57.2
ERR3077546.sra.5033	NC_021040_348381_351031	81.416	113	14	4	987	1093	2496	2607	7.62e-19	98.7
ERR3077546.sra.5040	NC_021040_348381_351031	75.000	164	36	3	1774	1935	2611	2451	3.24e-20	102
ERR3077546.sra.5111	NC_021350_359864_361325	68.038	316	61	19	1354	1639	1147	1452	2.48e-09	66.2
ERR3077546.sra.5226	DQ201336	87.248	1537	81	59	88	1548	1	1498	0.0	1727
ERR3077546.sra.5234	AY613590	83.957	1577	106	71	1832	3302	3	1538	0.0	1516
ERR3077546.sra.5237	gi|9631294|ref|NC_001993.1|_Melanoplus_sanguinipes_entomopoxvirus,_complete_genome	72.174	115	27	3	2775	2886	32488	32600	6.63e-06	55.4
ERR3077546.sra.5259	NC_021350_359864_361325	68.172	465	114	14	937	1371	1452	992	1.41e-31	140
ERR3077546.sra.5269	NC_009567_443072_444611	91.117	1227	38	32	1593	2767	1540	333	0.0	1642
ERR3077546.sra.5316	NC_013971_41021_42578	100.000	38	0	0	1164	1201	4	41	9.41e-11	69.8
ERR3077546.sra.5375	gi|448824968|ref|NC_020232.1|_Megavirus_lba_isolate_LBA111,_complete_genome	92.683	41	1	1	1177	1217	1150034	1150072	3.90e-07	59.0
ERR3077546.sra.5381	gi|506498274|ref|NC_021248.1|_Choristoneura_biennis_entomopoxvirus_'L',_complete_genome	75.000	88	18	2	988	1072	42539	42625	4.18e-06	55.4
ERR3077546.sra.5400	NC_000907_127172_128720	88.364	593	29	27	3	568	580	1	0.0	673
ERR3077546.sra.5472	NC_016809_179310_180858	77.946	594	58	24	2811	3344	1538	958	1.33e-121	439
ERR3077546.sra.5490	NC_021350_359864_361325	75.000	420	79	14	376	775	1410	997	5.95e-63	244
ERR3077546.sra.5499	NC_018706_214504_216058	84.270	89	11	1	756	844	3	88	2.80e-18	96.9
ERR3077546.sra.5523	gi|340025671|ref|NC_000852.5|_Paramecium_bursaria_Chlorella_virus_1,_complete_genome	86.275	51	5	1	984	1032	165717	165767	4.94e-07	59.0
ERR3077546.sra.5550	DQ160208	86.020	1495	86	66	1117	2518	1465	1	0.0	1568
ERR3077546.sra.5579	NC_016809_179310_180858	85.832	487	27	22	56	515	1102	631	1.63e-142	506
ERR3077546.sra.5619	AY613590	86.641	1557	77	69	653	2111	1533	10	0.0	1678
ERR3077546.sra.5703	NC_016809_179310_180858	90.433	878	32	33	1165	2012	1541	686	0.0	1103
ERR3077546.sra.5708	gi|148828664|ref|NC_009562.1|_Alternanthera_yellow_vein_virus_satellite_DNA_beta,_complete_genome	83.636	55	9	0	226	280	848	794	5.36e-07	59.0
ERR3077546.sra.5760	gi|9633809|ref|NC_001266.1|_Rabbit_fibroma_virus,_complete_genome	74.375	160	30	8	1244	1400	143592	143743	5.95e-13	78.8
ERR3077546.sra.5760	gi|9633809|ref|NC_001266.1|_Rabbit_fibroma_virus,_complete_genome	73.793	145	28	6	1243	1382	143606	143745	2.53e-11	73.4
ERR3077546.sra.5766	NC_013520_103635_105185	84.501	1342	83	64	1260	2490	1551	224	0.0	1306
ERR3077546.sra.5783	Z36296	77.206	680	66	43	94	725	849	1487	4.10e-114	414
ERR3077546.sra.5849	NC_018706_214504_216058	75.000	100	14	3	990	1080	100	3	5.21e-09	64.4
ERR3077546.sra.6149	AY613590	84.515	846	61	38	1108	1910	3	821	0.0	827
ERR3077546.sra.6239	gi|340025671|ref|NC_000852.5|_Paramecium_bursaria_Chlorella_virus_1,_complete_genome	85.714	49	7	0	695	743	165717	165765	9.70e-07	57.2
ERR3077546.sra.6281	gi|448824857|ref|NC_020231.1|_Caviid_herpesvirus_2_strain_21222,_complete_genome	93.846	65	3	1	33	97	223337	223400	1.91e-18	96.9
ERR3077546.sra.6351	AY613590	78.141	1592	166	97	145	1610	1	1536	0.0	1029
ERR3077546.sra.6361	NC_021350_359864_361325	71.698	424	98	13	1682	2093	1452	1039	5.36e-45	185
ERR3077546.sra.6378	gi|113195177|ref|NC_008291.1|_Taterapox_virus,_complete_genome	77.841	176	23	8	440	608	184820	184986	8.22e-26	120
ERR3077546.sra.6378	gi|113195177|ref|NC_008291.1|_Taterapox_virus,_complete_genome	70.811	185	29	12	587	769	184820	184981	2.36e-07	59.0
ERR3077546.sra.6378	gi|113195177|ref|NC_008291.1|_Taterapox_virus,_complete_genome	72.393	163	22	12	534	691	184821	184965	2.36e-07	59.0
ERR3077546.sra.6421	NC_022584_1536869_1538421	89.516	124	6	5	63	180	123	1	2.75e-34	149
ERR3077546.sra.6465	NC_021350_359864_361325	70.961	458	97	20	775	1212	1433	992	2.51e-40	168
ERR3077546.sra.6466	NC_021040_348381_351031	82.759	116	17	3	930	1044	2492	2605	1.95e-22	109
ERR3077546.sra.6469	gi|9631294|ref|NC_001993.1|_Melanoplus_sanguinipes_entomopoxvirus,_complete_genome	79.487	78	10	4	2697	2770	32525	32600	1.84e-06	57.2
ERR3077546.sra.6497	AY613590	87.859	1532	80	62	1179	2647	1	1489	0.0	1741
ERR3077546.sra.6530	NC_020450_475434_475549	85.246	61	7	2	1326	1385	22	81	3.32e-08	62.6
ERR3077546.sra.6551	AY613590	89.290	1550	60	62	125	1596	1523	2	0.0	1864
ERR3077546.sra.6657	gi|9628932|ref|NC_001731.1|_Molluscum_contagiosum_virus_subtype_1,_complete_genome	69.194	211	39	9	719	917	10458	10654	6.16e-11	71.6
ERR3077546.sra.6657	gi|9628932|ref|NC_001731.1|_Molluscum_contagiosum_virus_subtype_1,_complete_genome	69.231	208	36	9	711	917	10459	10639	6.16e-11	71.6
ERR3077546.sra.6657	gi|9628932|ref|NC_001731.1|_Molluscum_contagiosum_virus_subtype_1,_complete_genome	69.417	206	41	9	719	917	10434	10624	7.51e-10	68.0
ERR3077546.sra.6657	gi|9628932|ref|NC_001731.1|_Molluscum_contagiosum_virus_subtype_1,_complete_genome	70.213	188	37	9	711	889	10495	10672	9.15e-09	64.4
ERR3077546.sra.6657	gi|9628932|ref|NC_001731.1|_Molluscum_contagiosum_virus_subtype_1,_complete_genome	68.990	287	61	18	723	1002	10375	10640	1.11e-07	60.8
ERR3077546.sra.6657	gi|9628932|ref|NC_001731.1|_Molluscum_contagiosum_virus_subtype_1,_complete_genome	68.030	269	51	16	805	1066	10396	10636	1.36e-06	57.2
ERR3077546.sra.6680	NC_021040_348381_351031	73.333	135	29	3	2985	3113	2585	2452	5.81e-12	75.2
ERR3077546.sra.6682	NC_017351_503713_505252	85.197	1574	87	76	506	1971	1540	5	0.0	1577
ERR3077546.sra.6698	NC_021040_348381_351031	77.895	95	13	4	124	213	2512	2603	2.44e-09	66.2
ERR3077546.sra.6713	NC_021040_348381_351031	78.295	129	21	4	438	561	2478	2604	3.79e-18	95.1
ERR3077546.sra.6733	NC_018706_214504_216058	77.907	86	17	2	2917	3001	87	3	4.22e-08	62.6
ERR3077546.sra.6738	AY613590	85.739	1157	65	57	2060	3139	1530	397	0.0	1177
ERR3077546.sra.6757	gi|310830989|ref|NC_014637.1|_Cafeteria_roenbergensis_virus_BV-PW1,_complete_genome	76.336	131	23	3	1418	1540	451449	451319	9.51e-17	91.5
ERR3077546.sra.6765	NC_016809_179310_180858	84.939	1474	106	66	1247	2640	1541	104	0.0	1465
ERR3077546.sra.6771	NC_021040_348381_351031	80.303	66	9	2	37	99	2540	2604	5.72e-06	55.4
ERR3077546.sra.6830	NC_021350_359864_361325	73.263	475	99	16	1506	1966	1452	992	8.60e-61	237
ERR3077546.sra.6858	NC_021009_505857_508732	73.780	164	32	8	272	428	186	345	6.69e-13	77.0
ERR3077546.sra.7040	gi|441431943|ref|NC_020104.1|_Acanthamoeba_polyphaga_moumouvirus,_complete_genome	75.000	184	37	5	2823	2999	474904	474723	8.24e-23	111
ERR3077546.sra.7040	gi|441431943|ref|NC_020104.1|_Acanthamoeba_polyphaga_moumouvirus,_complete_genome	75.000	116	25	3	2877	2988	290843	290958	2.52e-10	69.8
ERR3077546.sra.7065	NC_021009_505857_508732	81.522	92	13	3	129	216	277	186	1.25e-13	80.6
ERR3077546.sra.7073	NC_021350_359864_361325	68.764	461	111	20	1306	1741	961	1413	3.48e-26	122
ERR3077546.sra.7135	NC_018706_214504_216058	82.653	98	16	1	2690	2786	100	3	1.79e-18	96.9
ERR3077546.sra.7139	NC_004088_12016_13600	85.263	95	9	3	3711	3802	1585	1493	1.73e-19	100
ERR3077546.sra.7170	NC_015215_16481_18017	85.843	1554	102	63	788	2240	1537	1	0.0	1633
ERR3077546.sra.7193	NC_021009_505857_508732	70.518	251	58	10	1640	1878	189	435	1.81e-16	89.7
ERR3077546.sra.7203	AF224299	85.248	1532	116	67	84	1531	1507	2	0.0	1541
ERR3077546.sra.7241	AF543300	88.587	1507	72	56	1016	2450	1479	1	0.0	1781
ERR3077546.sra.7294	gi|313768203|ref|NC_014767.1|_Micromonas_sp._RCC1109_virus_MpV1,_complete_genome	68.528	197	53	5	1405	1601	11867	11680	4.31e-08	62.6
ERR3077546.sra.7314	gi|441431943|ref|NC_020104.1|_Acanthamoeba_polyphaga_moumouvirus,_complete_genome	79.365	126	25	1	2279	2403	474740	474865	1.07e-21	107
ERR3077546.sra.7314	gi|441431943|ref|NC_020104.1|_Acanthamoeba_polyphaga_moumouvirus,_complete_genome	69.792	192	48	4	2233	2418	291002	290815	1.80e-12	77.0
ERR3077546.sra.7358	gi|509139559|ref|NC_021320.1|_Halovirus_HRTV-5,_complete_genome	85.714	56	6	2	1709	1763	55883	55937	3.76e-07	59.0
ERR3077546.sra.7387	gi|313767999|ref|NC_014765.1|_Bathycoccus_sp._RCC1105_virus_BpV1,_complete_genome	68.817	279	81	4	414	687	6942	6665	7.37e-19	98.7
ERR3077546.sra.7476	NC_021350_359864_361325	70.564	479	117	15	557	1023	1452	986	1.25e-44	183
ERR3077546.sra.7478	NC_009567_443072_444611	88.487	1494	64	54	78	1498	1463	5	0.0	1773
ERR3077546.sra.7545	AF543300	85.999	1457	93	62	196	1560	42	1479	0.0	1528
ERR3077546.sra.7572	gi|441431943|ref|NC_020104.1|_Acanthamoeba_polyphaga_moumouvirus,_complete_genome	74.815	135	32	2	239	371	474865	474731	8.81e-15	84.2
ERR3077546.sra.7572	gi|441431943|ref|NC_020104.1|_Acanthamoeba_polyphaga_moumouvirus,_complete_genome	71.233	146	37	3	224	367	290815	290957	2.36e-09	66.2
ERR3077546.sra.7603	gi|313843970|ref|NC_014766.1|_Ostreococcus_lucimarinus_virus_OlV1,_complete_genome	69.811	212	53	8	327	530	16041	16249	9.84e-10	68.0
ERR3077546.sra.7621	NC_021040_348381_351031	78.505	107	14	5	2466	2566	2581	2478	4.83e-12	75.2
ERR3077546.sra.7632	NC_021009_505857_508732	70.565	248	48	14	2369	2597	186	427	4.63e-13	78.8
ERR3077546.sra.7649	NC_018706_214504_216058	79.208	101	13	5	662	758	3	99	1.31e-11	73.4
ERR3077546.sra.7658	Propionibacterium_acnes_strain_KCOM_1861_1	77.702	879	109	48	44	869	690	1534	3.85e-159	563
ERR3077546.sra.7692	M75038	82.714	1481	150	67	187	1605	1	1437	0.0	1321
ERR3077546.sra.7725	NC_000907_127172_128720	86.633	591	31	26	38	590	581	1	0.0	636
ERR3077546.sra.7746	gi|118496614|ref|NC_008603.1|_Paramecium_bursaria_Chlorella_virus_FR483,_complete_genome	87.273	55	7	0	664	718	142564	142510	6.21e-10	68.0
ERR3077546.sra.7764	NC_016809_179310_180858	92.437	119	6	3	59	176	1423	1539	1.25e-38	163
ERR3077546.sra.7794	AY613590	86.253	1564	80	69	2622	4078	1536	1	0.0	1662
ERR3077546.sra.7797	NC_013715_1592163_1593688	83.213	554	36	30	3453	3966	1526	990	6.70e-139	497
ERR3077546.sra.7834	NC_009567_443072_444611	86.791	1552	90	68	48	1509	14	1540	0.0	1673
ERR3077546.sra.7857	NC_009567_443072_444611	87.127	1476	68	63	1496	2894	1540	110	0.0	1631
ERR3077546.sra.7887	NC_003028_15344_16903	93.478	92	2	3	50	138	1470	1560	2.94e-28	129
ERR3077546.sra.7903	NC_013520_103635_105185	85.132	760	47	36	101	813	810	1550	0.0	758
ERR3077546.sra.7918	NC_022566_236807_238345	82.222	360	29	18	2090	2418	1537	1182	3.38e-83	311
ERR3077546.sra.7933	NC_021040_348381_351031	76.667	150	30	4	2657	2805	2585	2440	1.33e-19	100
ERR3077546.sra.7952	AB045731	84.645	1042	81	48	2390	3378	1534	519	0.0	1012
ERR3077546.sra.7966	NC_016809_179310_180858	78.510	819	83	51	1931	2678	1541	745	1.48e-151	538
ERR3077546.sra.8141	gi|441431943|ref|NC_020104.1|_Acanthamoeba_polyphaga_moumouvirus,_complete_genome	73.016	189	39	6	2452	2632	474873	474689	7.20e-18	95.1
ERR3077546.sra.8174	gi|340025671|ref|NC_000852.5|_Paramecium_bursaria_Chlorella_virus_1,_complete_genome	82.456	57	10	0	557	613	165317	165261	4.16e-07	59.0
ERR3077546.sra.8174	gi|340025671|ref|NC_000852.5|_Paramecium_bursaria_Chlorella_virus_1,_complete_genome	82.456	57	10	0	557	613	165490	165434	4.16e-07	59.0
ERR3077546.sra.8385	NC_021350_359864_361325	71.429	133	27	3	144	266	1264	1395	1.60e-09	66.2
ERR3077546.sra.8391	gi|441431943|ref|NC_020104.1|_Acanthamoeba_polyphaga_moumouvirus,_complete_genome	78.771	179	31	6	276	449	474865	474689	4.80e-29	131
ERR3077546.sra.8391	gi|441431943|ref|NC_020104.1|_Acanthamoeba_polyphaga_moumouvirus,_complete_genome	74.468	141	33	1	261	401	290815	290952	4.21e-17	91.5
ERR3077546.sra.8397	AF287809	87.670	1541	90	62	574	2043	1512	1	0.0	1734
ERR3077546.sra.8429	NC_021350_359864_361325	70.122	328	69	16	2178	2486	1309	992	1.40e-20	104
ERR3077546.sra.8438	gi|422933791|ref|NC_019495.1|_Cyprinid_herpesvirus_2_strain_ST-J1,_complete_genome	78.161	87	14	3	350	432	32696	32781	2.69e-08	62.6
ERR3077546.sra.8695	NC_020450_475434_475549	78.313	83	14	3	2016	2094	19	101	3.74e-07	59.0
ERR3077546.sra.8723	gi|441431943|ref|NC_020104.1|_Acanthamoeba_polyphaga_moumouvirus,_complete_genome	88.372	43	5	0	1490	1532	779869	779911	2.78e-06	55.4
ERR3077546.sra.8760	NC_021040_348381_351031	79.545	132	19	7	800	928	2478	2604	1.92e-17	93.3
ERR3077546.sra.8824	gi|441431943|ref|NC_020104.1|_Acanthamoeba_polyphaga_moumouvirus,_complete_genome	80.000	140	24	4	1363	1500	474728	474865	1.25e-23	113
ERR3077546.sra.8824	gi|441431943|ref|NC_020104.1|_Acanthamoeba_polyphaga_moumouvirus,_complete_genome	73.571	140	33	2	1376	1515	290950	290815	7.39e-14	80.6
ERR3077546.sra.8838	gi|170676271|ref|NC_010490.1|_Tomato_zonate_spot_virus_segment_M,_complete_sequence	87.234	47	5	1	1368	1414	1073	1028	4.13e-06	55.4
ERR3077546.sra.8994	NC_021350_359864_361325	69.163	227	52	11	1192	1407	1445	1226	1.19e-07	60.8
ERR3077546.sra.8997	NC_021350_359864_361325	70.332	482	108	20	547	1016	986	1444	8.05e-40	167
ERR3077546.sra.9096	AF443790	83.288	1478	98	70	774	2148	11	1442	0.0	1371
ERR3077546.sra.9104	NC_015215_16481_18017	84.504	1039	87	41	51	1038	1016	1	0.0	1031
ERR3077546.sra.9127	NC_021350_359864_361325	72.266	256	50	10	609	857	1452	1211	2.31e-24	116
ERR3077546.sra.9212	NC_016809_179310_180858	78.317	1153	99	65	53	1075	415	1546	0.0	796
ERR3077546.sra.9258	gi|441431943|ref|NC_020104.1|_Acanthamoeba_polyphaga_moumouvirus,_complete_genome	71.257	167	33	9	956	1118	474689	474844	3.42e-07	59.0
ERR3077546.sra.9275	NC_016809_179310_180858	87.523	553	26	26	2384	2917	1549	1021	1.08e-172	609
ERR3077546.sra.9293	AY613590	84.131	1525	125	67	95	1529	1501	4	0.0	1463
ERR3077546.sra.9295	gi|9631294|ref|NC_001993.1|_Melanoplus_sanguinipes_entomopoxvirus,_complete_genome	75.862	87	15	3	1574	1655	142560	142645	3.85e-06	55.4
ERR3077546.sra.9399	DQ232537	84.763	676	55	28	2317	2960	1	660	0.0	679
ERR3077546.sra.9444	NC_021350_359864_361325	68.277	476	109	22	475	929	1446	992	2.01e-24	116
ERR3077546.sra.9486	AY613590	88.198	1559	76	55	1738	3209	1538	1	0.0	1831
ERR3077546.sra.9543	NC_007146_193215_194753	77.833	203	23	10	2209	2398	1536	1343	4.39e-31	138
ERR3077546.sra.9606	NC_016809_179310_180858	80.290	345	23	21	93	398	339	1	1.65e-68	262
ERR3077546.sra.9609	DQ905872	87.736	954	38	38	52	938	967	26	0.0	1094
ERR3077546.sra.9657	gi|119953744|ref|NC_008724.1|_Acanthocystis_turfacea_Chlorella_virus_1,_complete_genome	80.952	63	11	1	224	286	186373	186434	2.36e-06	57.2
ERR3077546.sra.9702	gi|310830989|ref|NC_014637.1|_Cafeteria_roenbergensis_virus_BV-PW1,_complete_genome	73.267	101	25	1	2357	2455	377633	377733	4.46e-07	59.0
ERR3077546.sra.9706	NC_000907_127172_128720	90.574	244	6	8	96	323	1307	1549	1.16e-84	316
ERR3077546.sra.9722	L06168	87.186	1514	85	57	1817	3252	1485	3	0.0	1709
ERR3077546.sra.9793	GQ087809	84.870	1388	86	68	98	1394	1355	1	0.0	1362
ERR3077546.sra.9814	gi|441431943|ref|NC_020104.1|_Acanthamoeba_polyphaga_moumouvirus,_complete_genome	73.171	123	27	3	1846	1967	474846	474729	3.76e-09	66.2
ERR3077546.sra.9851	NC_021350_359864_361325	72.255	501	111	19	701	1190	1457	974	9.94e-55	217
ERR3077546.sra.9900	NC_021040_348381_351031	79.104	134	24	3	3182	3312	2602	2470	3.94e-21	105
ERR3077546.sra.9901	NC_021040_348381_351031	79.279	111	20	2	528	638	2473	2580	6.59e-17	91.5
ERR3077546.sra.9907	NC_016809_179310_180858	88.509	322	16	13	50	357	315	1	4.34e-102	374
ERR3077546.sra.9959	NC_021175_16001_17556	87.421	318	17	12	2610	2907	1555	1241	8.91e-98	360
ERR3077546.sra.10179	gi|57659440|ref|NC_006651.1|_Cotesia_congregata_virus_complete_genome,_segment_Circle20	88.372	43	5	0	1882	1924	3883	3841	6.31e-06	55.4
ERR3077546.sra.10190	NC_009567_443072_444611	86.888	1205	55	43	61	1183	357	1540	0.0	1361
ERR3077546.sra.10220	NC_016809_179310_180858	83.727	762	41	35	991	1685	1	746	0.0	733
ERR3077546.sra.10254	AY613590	88.205	1577	78	59	295	1807	2	1534	0.0	1837
ERR3077546.sra.10366	NC_016809_179310_180858	85.623	786	44	29	22	748	771	1546	0.0	839
ERR3077546.sra.10410	AY613590	82.971	1562	92	80	1356	2772	1538	6	0.0	1415
ERR3077546.sra.10412	AY613590	80.151	1587	158	95	432	1913	4	1538	0.0	1155
ERR3077546.sra.10417	X87976	86.763	1458	85	58	155	1520	1442	1	0.0	1597
ERR3077546.sra.10423	AY613590	84.889	1575	109	75	972	2454	1538	1	0.0	1546
ERR3077546.sra.10485	NC_021350_359864_361325	70.355	479	119	12	1803	2270	986	1452	9.39e-47	190
ERR3077546.sra.10494	AF224299	84.472	1507	123	63	69	1495	1489	14	0.0	1480
ERR3077546.sra.10505	NC_021009_505857_508732	70.430	186	29	9	2258	2425	198	375	5.38e-11	71.6
ERR3077546.sra.10679	gi|509139559|ref|NC_021320.1|_Halovirus_HRTV-5,_complete_genome	89.286	56	5	1	451	506	55937	55883	5.65e-11	71.6
ERR3077546.sra.10695	gi|310830989|ref|NC_014637.1|_Cafeteria_roenbergensis_virus_BV-PW1,_complete_genome	79.710	69	13	1	1570	1637	303036	302968	3.11e-07	59.0
ERR3077546.sra.10702	gi|42733078|ref|NC_005497.1|_Tomato_leaf_curl_Java_virus-[Ageratum]_satellite_DNA,_complete_genome	76.136	88	21	0	2618	2705	964	877	1.24e-08	64.4
ERR3077546.sra.10732	NC_018706_214504_216058	83.133	83	10	3	985	1063	3	85	2.34e-12	77.0
ERR3077546.sra.10733	NC_021040_348381_351031	83.562	73	11	1	3502	3573	2604	2532	6.47e-12	75.2
ERR3077546.sra.10805	NC_016514_237096_238638	85.786	1203	77	40	2340	3465	1542	357	0.0	1303
ERR3077546.sra.10861	NC_015291_14803_16340	90.032	311	17	10	32	331	1231	1538	1.88e-106	389
ERR3077546.sra.10883	NC_021820_2508_4049	77.485	493	65	19	66	524	485	5	2.14e-93	345
ERR3077546.sra.10933	NC_012731_16080_17619	82.699	578	35	27	2991	3509	1537	966	1.00e-148	529
ERR3077546.sra.10934	gi|118496614|ref|NC_008603.1|_Paramecium_bursaria_Chlorella_virus_FR483,_complete_genome	88.462	52	5	1	1329	1379	142514	142565	1.10e-08	64.4
ERR3077546.sra.11010	gi|310830989|ref|NC_014637.1|_Cafeteria_roenbergensis_virus_BV-PW1,_complete_genome	81.944	72	10	3	3872	3942	302967	303036	1.75e-07	60.8
ERR3077546.sra.11036	NC_021040_348381_351031	80.000	145	25	4	3982	4123	2645	2502	2.74e-24	116
ERR3077546.sra.11091	NC_021350_359864_361325	74.286	280	54	9	104	374	1182	1452	2.66e-36	156
ERR3077546.sra.11114	AF016390	87.969	1546	68	71	1701	3152	1527	6	0.0	1736
ERR3077546.sra.11145	NC_009567_443072_444611	90.645	1240	42	39	2181	3362	5	1228	0.0	1604
ERR3077546.sra.11177	NC_009567_443072_444611	86.250	640	43	30	1097	1704	5	631	0.0	663
ERR3077546.sra.11178	NC_021350_359864_361325	72.371	485	104	15	124	590	977	1449	6.85e-59	230
ERR3077546.sra.11188	AY005033	87.117	1568	104	59	276	1781	1	1532	0.0	1741
ERR3077546.sra.11193	gi|119953744|ref|NC_008724.1|_Acanthocystis_turfacea_Chlorella_virus_1,_complete_genome	81.667	60	10	1	1145	1204	84052	83994	5.23e-06	55.4
ERR3077546.sra.11204	gi|448824857|ref|NC_020231.1|_Caviid_herpesvirus_2_strain_21222,_complete_genome	88.235	68	4	2	68	135	223337	223400	2.89e-14	82.4
ERR3077546.sra.11208	NC_014147_315691_317208	87.361	538	25	26	57	568	998	1518	1.22e-165	585
ERR3077546.sra.11210	NC_016809_179310_180858	89.821	560	20	23	1680	2211	1549	999	0.0	682
ERR3077546.sra.11273	NC_021009_505857_508732	79.268	82	15	2	2245	2324	186	267	9.80e-09	64.4
ERR3077546.sra.11311	NC_014147_315691_317208	87.933	1558	84	58	307	1800	1518	1	0.0	1795
ERR3077546.sra.11312	gi|448824857|ref|NC_020231.1|_Caviid_herpesvirus_2_strain_21222,_complete_genome	84.058	69	2	1	1	69	223341	223400	4.80e-13	78.8
ERR3077546.sra.11447	X84006	89.525	1222	50	43	1717	2872	1513	304	0.0	1507
ERR3077546.sra.11505	gi|370702946|ref|NC_004156.2|_Helicoverpa_zea_nudivirus_2,_complete_genome	70.455	176	27	9	2423	2575	175582	175755	3.27e-09	66.2
ERR3077546.sra.11505	gi|370702946|ref|NC_004156.2|_Helicoverpa_zea_nudivirus_2,_complete_genome	71.338	157	31	7	2423	2575	175522	175668	3.99e-08	62.6
ERR3077546.sra.11505	gi|370702946|ref|NC_004156.2|_Helicoverpa_zea_nudivirus_2,_complete_genome	70.470	149	37	4	2435	2580	175450	175594	4.86e-07	59.0
ERR3077546.sra.11542	gi|441431943|ref|NC_020104.1|_Acanthamoeba_polyphaga_moumouvirus,_complete_genome	76.190	84	12	3	670	751	221180	221103	3.81e-06	55.4
ERR3077546.sra.11556	gi|506497718|ref|NC_021246.1|_Mythimna_separata_entomopoxvirus_'L',_complete_genome	79.268	82	10	5	1969	2046	38088	38166	5.15e-06	55.4
ERR3077546.sra.11558	gi|310830989|ref|NC_014637.1|_Cafeteria_roenbergensis_virus_BV-PW1,_complete_genome	72.388	134	34	3	2417	2549	451250	451381	1.63e-08	64.4
ERR3077546.sra.11644	gi|659488383|ref|NC_024447.1|_Pigeonpox_virus_isolate_FeP2,_complete_genome	88.636	44	5	0	2858	2901	222200	222157	1.65e-06	57.2
ERR3077546.sra.11694	AY278611	91.083	314	11	11	2131	2432	1498	1190	5.72e-112	407
ERR3077546.sra.11754	gi|340025671|ref|NC_000852.5|_Paramecium_bursaria_Chlorella_virus_1,_complete_genome	78.462	65	14	0	2402	2466	165258	165322	4.55e-06	55.4
ERR3077546.sra.11754	gi|340025671|ref|NC_000852.5|_Paramecium_bursaria_Chlorella_virus_1,_complete_genome	78.462	65	14	0	2402	2466	165431	165495	4.55e-06	55.4
ERR3077546.sra.11822	NC_016809_179310_180858	85.546	595	30	29	2202	2762	1549	977	1.25e-171	605
ERR3077546.sra.11911	gi|148828664|ref|NC_009562.1|_Alternanthera_yellow_vein_virus_satellite_DNA_beta,_complete_genome	78.261	69	11	1	287	351	791	859	9.83e-07	57.2
ERR3077546.sra.11919	NC_021350_359864_361325	71.577	482	115	15	467	934	986	1459	4.55e-51	205
ERR3077546.sra.11922	NC_016809_179310_180858	86.063	861	46	43	606	1411	1549	708	0.0	884
ERR3077546.sra.11931	gi|508181800|ref|NC_021312.1|_Phaeocystis_globosa_virus_strain_16T,_complete_genome	80.000	80	12	2	1761	1837	449009	448931	8.46e-10	68.0
ERR3077546.sra.11964	NC_018706_214504_216058	76.829	82	14	2	1342	1422	6	83	4.71e-07	59.0
ERR3077546.sra.11999	NC_016809_179310_180858	82.772	534	31	28	80	566	1030	1549	4.48e-133	477
ERR3077546.sra.12027	AY613590	84.547	1346	103	55	86	1348	1325	2	0.0	1337
ERR3077546.sra.12037	AY613590	85.066	1433	92	64	95	1430	1411	4	0.0	1442
ERR3077546.sra.12052	gi|340025671|ref|NC_000852.5|_Paramecium_bursaria_Chlorella_virus_1,_complete_genome	85.714	49	7	0	1045	1093	165717	165765	1.46e-06	57.2
ERR3077546.sra.12137	NC_018706_214504_216058	77.778	99	17	4	1584	1679	3	99	3.78e-09	66.2
ERR3077546.sra.12187	gi|113195177|ref|NC_008291.1|_Taterapox_virus,_complete_genome	77.381	168	29	7	1948	2113	184822	184982	2.57e-22	109
ERR3077546.sra.12187	gi|113195177|ref|NC_008291.1|_Taterapox_virus,_complete_genome	77.778	153	27	6	1901	2050	184822	184970	3.82e-20	102
ERR3077546.sra.12187	gi|113195177|ref|NC_008291.1|_Taterapox_virus,_complete_genome	72.778	180	41	7	1848	2024	184821	184995	1.25e-13	80.6
ERR3077546.sra.12187	gi|113195177|ref|NC_008291.1|_Taterapox_virus,_complete_genome	74.820	139	30	5	1847	1982	184850	184986	5.31e-12	75.2
ERR3077546.sra.12187	gi|113195177|ref|NC_008291.1|_Taterapox_virus,_complete_genome	71.667	180	25	13	1445	1616	184825	184986	1.17e-07	60.8
ERR3077546.sra.12187	gi|113195177|ref|NC_008291.1|_Taterapox_virus,_complete_genome	71.429	182	26	13	1446	1619	184821	184984	4.08e-07	59.0
ERR3077546.sra.12187	gi|113195177|ref|NC_008291.1|_Taterapox_virus,_complete_genome	75.000	120	15	9	2803	2919	184824	184931	4.98e-06	55.4
ERR3077546.sra.12187	gi|113195177|ref|NC_008291.1|_Taterapox_virus,_complete_genome	75.000	120	15	9	2803	2919	184829	184936	4.98e-06	55.4
ERR3077546.sra.12187	gi|113195177|ref|NC_008291.1|_Taterapox_virus,_complete_genome	75.000	120	15	9	2803	2919	184834	184941	4.98e-06	55.4
ERR3077546.sra.12187	gi|113195177|ref|NC_008291.1|_Taterapox_virus,_complete_genome	75.000	120	15	9	2803	2919	184839	184946	4.98e-06	55.4
ERR3077546.sra.12187	gi|113195177|ref|NC_008291.1|_Taterapox_virus,_complete_genome	75.000	120	15	9	2803	2919	184844	184951	4.98e-06	55.4
ERR3077546.sra.12187	gi|113195177|ref|NC_008291.1|_Taterapox_virus,_complete_genome	75.000	120	15	9	2803	2919	184849	184956	4.98e-06	55.4
ERR3077546.sra.12187	gi|113195177|ref|NC_008291.1|_Taterapox_virus,_complete_genome	75.000	120	15	9	2803	2919	184854	184961	4.98e-06	55.4
ERR3077546.sra.12187	gi|113195177|ref|NC_008291.1|_Taterapox_virus,_complete_genome	75.000	120	15	9	2803	2919	184859	184966	4.98e-06	55.4
ERR3077546.sra.12187	gi|113195177|ref|NC_008291.1|_Taterapox_virus,_complete_genome	75.000	120	15	9	2803	2919	184864	184971	4.98e-06	55.4
ERR3077546.sra.12187	gi|113195177|ref|NC_008291.1|_Taterapox_virus,_complete_genome	75.000	120	15	9	2803	2919	184869	184976	4.98e-06	55.4
ERR3077546.sra.12187	gi|113195177|ref|NC_008291.1|_Taterapox_virus,_complete_genome	75.000	120	15	9	2803	2919	184874	184981	4.98e-06	55.4
ERR3077546.sra.12206	AJ290755	84.636	1510	122	67	899	2343	2	1466	0.0	1474
ERR3077546.sra.12221	gi|441431943|ref|NC_020104.1|_Acanthamoeba_polyphaga_moumouvirus,_complete_genome	82.143	56	5	1	937	987	779846	779901	2.18e-06	57.2
ERR3077546.sra.12299	gi|113200747|ref|NC_008300.1|_Melon_yellow_spot_virus_segment_S,_complete_sequence	78.431	102	18	1	3	104	1968	2065	9.89e-15	84.2
ERR3077546.sra.12331	NC_016809_179310_180858	88.932	515	19	22	77	563	1045	1549	3.38e-172	607
ERR3077546.sra.12359	NC_014147_315691_317208	87.077	1153	59	49	49	1141	392	1514	0.0	1269
ERR3077546.sra.12376	NC_021839_1492052_1493604	80.635	1606	197	62	496	2048	1546	2	0.0	1317
ERR3077546.sra.12384	AF224299	83.167	1402	117	63	59	1363	1381	2	0.0	1288
ERR3077546.sra.12391	NC_021040_348381_351031	83.784	111	16	2	421	530	2481	2590	2.15e-23	113
ERR3077546.sra.12466	gi|441431943|ref|NC_020104.1|_Acanthamoeba_polyphaga_moumouvirus,_complete_genome	78.462	65	14	0	2043	2107	81903	81967	5.32e-06	55.4
ERR3077546.sra.12480	NC_022582_327975_329522	90.676	547	28	14	65	595	1009	1548	0.0	715
ERR3077546.sra.12495	AY613590	85.714	1372	89	61	879	2179	7	1342	0.0	1413
ERR3077546.sra.12506	gi|441431943|ref|NC_020104.1|_Acanthamoeba_polyphaga_moumouvirus,_complete_genome	72.152	158	33	5	1218	1366	474734	474889	4.12e-12	75.2
ERR3077546.sra.12526	gi|761895455|ref|NC_001650.2|_Equid_herpesvirus_2_strain_86_67,_complete_genome	73.282	131	32	3	1137	1265	145910	145781	7.48e-10	68.0
ERR3077546.sra.12579	NC_021350_359864_361325	69.802	202	45	7	111	297	1197	997	2.32e-11	73.4
ERR3077546.sra.12620	NC_021350_359864_361325	66.923	390	99	19	1286	1661	997	1370	1.01e-08	64.4
ERR3077546.sra.12663	AY613590	80.329	1215	101	63	1560	2688	9	1171	0.0	955
ERR3077546.sra.12669	gi|506497718|ref|NC_021246.1|_Mythimna_separata_entomopoxvirus_'L',_complete_genome	80.000	65	12	1	179	243	36923	36860	5.28e-06	55.4
ERR3077546.sra.12681	NC_000907_127172_128720	88.000	625	31	28	88	688	605	1	0.0	702
ERR3077546.sra.12790	NC_021350_359864_361325	73.511	487	103	17	2064	2535	977	1452	5.06e-63	244
ERR3077546.sra.12828	NC_018706_214504_216058	81.395	86	12	3	265	346	3	88	2.31e-11	73.4
ERR3077546.sra.12833	NC_021350_359864_361325	72.597	489	105	14	2551	3023	1452	977	6.39e-62	241
ERR3077546.sra.12858	NC_018706_214504_216058	78.409	88	10	6	2224	2305	87	3	4.12e-06	55.4
ERR3077546.sra.12866	NC_021175_16001_17556	87.734	481	30	17	121	579	1078	1551	2.73e-155	551
ERR3077546.sra.12901	gi|310830989|ref|NC_014637.1|_Cafeteria_roenbergensis_virus_BV-PW1,_complete_genome	79.167	72	13	2	2125	2196	303036	302967	3.82e-06	55.4
ERR3077546.sra.12908	AY613590	86.076	1422	81	59	2758	4089	1538	144	0.0	1512
ERR3077546.sra.12912	NC_021350_359864_361325	73.054	334	74	10	1803	2134	1446	1127	1.61e-39	167
ERR3077546.sra.12945	gi|441431943|ref|NC_020104.1|_Acanthamoeba_polyphaga_moumouvirus,_complete_genome	82.482	137	18	2	754	884	474849	474713	2.40e-30	136
ERR3077546.sra.13038	gi|422933791|ref|NC_019495.1|_Cyprinid_herpesvirus_2_strain_ST-J1,_complete_genome	75.397	126	22	5	1798	1923	32738	32622	1.89e-11	73.4
ERR3077546.sra.13038	gi|422933791|ref|NC_019495.1|_Cyprinid_herpesvirus_2_strain_ST-J1,_complete_genome	77.632	76	14	2	1831	1904	37713	37639	5.06e-06	55.4
ERR3077546.sra.13094	NC_016809_179310_180858	79.261	487	56	28	1313	1781	1541	1082	1.79e-91	338
ERR3077546.sra.13108	NC_021350_359864_361325	72.083	240	53	8	2428	2661	1457	1226	9.34e-22	107
ERR3077546.sra.13124	NC_014147_315691_317208	86.575	1162	65	45	2179	3278	4	1136	0.0	1272
ERR3077546.sra.13210	gi|313767999|ref|NC_014765.1|_Bathycoccus_sp._RCC1105_virus_BpV1,_complete_genome	75.248	101	22	3	2430	2527	11555	11455	6.76e-07	59.0
ERR3077546.sra.13268	gi|311977355|ref|NC_014649.1|_Acanthamoeba_polyphaga_mimivirus,_complete_genome	72.222	126	31	4	916	1039	367117	366994	5.07e-06	55.4
ERR3077546.sra.13275	NC_021009_505857_508732	72.574	237	43	12	1963	2181	198	430	1.33e-19	100
ERR3077546.sra.13295	AY613590	85.878	1572	71	68	298	1752	1	1538	0.0	1663
ERR3077546.sra.13348	gi|509139559|ref|NC_021320.1|_Halovirus_HRTV-5,_complete_genome	89.474	57	5	1	321	377	55882	55937	1.54e-11	73.4
ERR3077546.sra.13393	gi|189043078|ref|NC_010739.1|_Ursus_maritimus_papillomavirus_1,_complete_genome	75.556	90	10	4	1404	1493	3360	3283	1.34e-06	57.2
ERR3077546.sra.13393	gi|189043078|ref|NC_010739.1|_Ursus_maritimus_papillomavirus_1,_complete_genome	86.957	46	6	0	1738	1783	3343	3298	1.34e-06	57.2
ERR3077546.sra.13427	NC_016809_179310_180858	89.762	420	16	14	2915	3316	1548	1138	1.15e-147	526
ERR3077546.sra.13471	FJ577261	84.661	1532	117	68	800	2248	1	1497	0.0	1503
ERR3077546.sra.13473	gi|506497718|ref|NC_021246.1|_Mythimna_separata_entomopoxvirus_'L',_complete_genome	76.923	104	18	6	1701	1801	38088	38188	3.86e-07	59.0
ERR3077546.sra.13499	NC_020450_475434_475549	81.690	71	10	2	856	925	23	91	8.37e-09	64.4
ERR3077546.sra.13552	NC_021350_359864_361325	70.627	303	65	13	2075	2364	977	1268	2.09e-22	109
ERR3077546.sra.13612	gi|506497718|ref|NC_021246.1|_Mythimna_separata_entomopoxvirus_'L',_complete_genome	78.571	84	11	5	1422	1503	38088	38166	4.30e-06	55.4
ERR3077546.sra.13626	NC_014147_315691_317208	84.222	1388	94	66	2648	3945	1	1353	0.0	1332
ERR3077546.sra.13666	gi|441431943|ref|NC_020104.1|_Acanthamoeba_polyphaga_moumouvirus,_complete_genome	77.037	135	20	8	2514	2642	474872	474743	4.10e-13	78.8
ERR3077546.sra.13667	NC_013416_93453_94937	93.151	73	4	1	1275	1346	1485	1413	1.46e-21	105
ERR3077546.sra.13675	NC_016809_179310_180858	85.224	379	16	17	1715	2075	1541	1185	3.76e-107	390
ERR3077546.sra.13687	AM157419	85.963	1033	57	43	2533	3496	30	1043	0.0	1095
ERR3077546.sra.13717	gi|158380386|ref|NC_009552.2|_Geobacillus_virus_E2,_complete_genome	68.293	246	68	6	1185	1422	37651	37894	4.35e-12	75.2
ERR3077546.sra.13746	NC_000907_127172_128720	94.231	52	1	2	734	784	1549	1499	5.10e-12	73.4
ERR3077546.sra.13751	NC_012913_451286_452812	70.538	353	61	27	1555	1889	1516	1189	1.96e-15	86.0
ERR3077546.sra.13819	NC_017451_357249_358787	76.239	1574	185	95	1724	3145	1537	1	0.0	895
ERR3077546.sra.13821	gi|311977355|ref|NC_014649.1|_Acanthamoeba_polyphaga_mimivirus,_complete_genome	72.941	170	37	6	1432	1596	322208	322373	1.27e-13	80.6
ERR3077546.sra.13835	NC_021350_359864_361325	70.402	473	99	24	664	1114	1439	986	7.86e-35	150
ERR3077546.sra.13839	NC_018706_214504_216058	82.432	74	13	0	617	690	76	3	5.76e-12	75.2
ERR3077546.sra.13844	NC_021350_359864_361325	69.957	466	106	22	1317	1761	1449	997	5.86e-32	141
ERR3077546.sra.13854	gi|170676271|ref|NC_010490.1|_Tomato_zonate_spot_virus_segment_M,_complete_sequence	81.579	76	9	2	1121	1191	1077	1152	2.35e-10	69.8
ERR3077546.sra.13856	gi|441431943|ref|NC_020104.1|_Acanthamoeba_polyphaga_moumouvirus,_complete_genome	73.446	177	36	7	1861	2031	474894	474723	2.33e-15	86.0
ERR3077546.sra.13872	NC_021040_348381_351031	77.551	147	27	5	2394	2539	2589	2448	1.39e-19	100
ERR3077546.sra.13893	gi|448824857|ref|NC_020231.1|_Caviid_herpesvirus_2_strain_21222,_complete_genome	93.846	65	3	1	49	113	223337	223400	1.52e-18	96.9
ERR3077546.sra.13898	AF224299	82.386	1584	151	66	399	1923	2	1516	0.0	1416
ERR3077546.sra.13922	NC_021040_348381_351031	76.923	130	21	4	161	285	2479	2604	3.18e-16	89.7
ERR3077546.sra.13959	NC_021350_359864_361325	78.125	96	18	2	1976	2070	987	1080	1.33e-11	73.4
ERR3077546.sra.14119	AY365450	81.162	1343	109	75	142	1370	1319	7	0.0	1074
ERR3077546.sra.14177	NC_021350_359864_361325	76.068	117	21	6	1804	1917	1211	1323	9.93e-09	64.4
ERR3077546.sra.14258	NC_021040_348381_351031	83.486	109	12	5	1688	1792	2604	2498	3.16e-19	98.7
ERR3077546.sra.14261	NC_021009_505857_508732	87.640	89	7	2	2778	2864	180	266	3.12e-21	105
ERR3077546.sra.14305	NC_009567_443072_444611	83.997	1531	103	75	71	1517	1473	1	0.0	1447
ERR3077546.sra.14310	NC_021350_359864_361325	70.789	469	108	15	2990	3433	986	1450	1.49e-45	187
ERR3077546.sra.14312	gi|332290587|ref|NC_015467.1|_Groundnut_ringspot_and_Tomato_chlorotic_spot_virus_reassortant_segment_S,_complete_genome	77.320	97	22	0	1012	1108	1867	1963	2.24e-12	77.0
ERR3077546.sra.14355	NC_013520_103635_105185	86.588	425	22	20	64	467	1141	1551	1.38e-125	452
ERR3077546.sra.14392	gi|509139559|ref|NC_021320.1|_Halovirus_HRTV-5,_complete_genome	84.375	64	10	0	952	1015	55880	55943	4.38e-11	71.6
ERR3077546.sra.14452	NC_000907_127172_128720	77.212	452	43	26	3590	3987	4	449	6.36e-76	288
ERR3077546.sra.14459	NC_000907_127172_128720	79.736	227	28	9	149	362	1328	1549	6.97e-43	178
ERR3077546.sra.14515	NC_016809_179310_180858	76.829	1627	178	91	1927	3440	1549	9	0.0	1003
ERR3077546.sra.14516	NC_021350_359864_361325	76.336	131	16	11	1889	2007	1375	1248	1.37e-07	60.8
ERR3077546.sra.14629	gi|506497718|ref|NC_021246.1|_Mythimna_separata_entomopoxvirus_'L',_complete_genome	78.571	84	12	4	1630	1712	38088	38166	3.77e-07	59.0
ERR3077546.sra.14630	NC_003197_289189_290732	83.243	185	11	12	42	209	1361	1542	4.54e-37	158
ERR3077546.sra.14637	gi|509139678|ref|NC_021321.1|_Halovirus_HRTV-8,_complete_genome	83.051	59	7	2	1552	1610	52433	52488	3.75e-06	55.4
ERR3077546.sra.14690	gi|21426071|ref|NC_004002.1|_Sheeppox_virus_17077-99,_complete_genome	85.714	49	7	0	757	805	101223	101271	1.18e-06	57.2
ERR3077546.sra.14772	AY613590	81.967	1403	109	77	79	1392	182	1529	0.0	1173
ERR3077546.sra.14780	AF543299	78.646	192	21	13	2332	2511	7	190	3.52e-26	122
ERR3077546.sra.14824	AY005033	84.522	1557	134	68	67	1569	29	1532	0.0	1514
ERR3077546.sra.14872	NC_021040_348381_351031	91.071	56	4	1	1679	1734	2590	2536	3.18e-12	75.2
ERR3077546.sra.14895	NC_021350_359864_361325	76.250	240	46	9	2414	2646	1211	1446	4.75e-33	145
ERR3077546.sra.14917	NC_009567_443072_444611	73.198	1179	91	66	611	1575	23	1190	2.00e-172	607
ERR3077546.sra.14918	NC_021040_348381_351031	76.074	163	24	8	1076	1229	2604	2448	1.17e-18	96.9
ERR3077546.sra.14923	gi|363539767|ref|NC_016072.1|_Megavirus_chiliensis,_complete_genome	74.803	127	23	8	1171	1294	550415	550535	8.78e-07	57.2
ERR3077546.sra.14954	AY005033	82.480	1484	123	79	1324	2713	1	1441	0.0	1272
ERR3077546.sra.15051	NC_009567_443072_444611	86.430	1238	80	42	2718	3904	1538	338	0.0	1366
ERR3077546.sra.15075	NC_021350_359864_361325	72.860	479	98	20	77	537	1458	994	5.23e-55	217
ERR3077546.sra.15110	gi|9964314|ref|NC_002520.1|_Amsacta_moorei_entomopoxvirus_'L',_complete_genome	73.729	118	23	5	570	685	99163	99052	2.36e-07	59.0
ERR3077546.sra.15163	NC_016809_179310_180858	88.488	582	28	20	85	636	977	1549	0.0	693
ERR3077546.sra.15166	gi|441431943|ref|NC_020104.1|_Acanthamoeba_polyphaga_moumouvirus,_complete_genome	76.923	130	24	4	562	686	474894	474766	1.11e-15	87.8
ERR3077546.sra.15177	gi|508181800|ref|NC_021312.1|_Phaeocystis_globosa_virus_strain_16T,_complete_genome	74.257	101	21	3	1113	1210	289217	289119	1.12e-06	57.2
ERR3077546.sra.15209	AY613590	89.363	1288	59	42	1509	2727	1536	258	0.0	1586
ERR3077546.sra.15211	NC_009567_443072_444611	88.950	724	21	36	48	728	709	2	0.0	836
ERR3077546.sra.15312	NC_021350_359864_361325	73.876	467	101	16	2071	2522	992	1452	3.27e-61	239
ERR3077546.sra.15361	L06168	86.979	1536	101	62	640	2126	1	1486	0.0	1692
ERR3077546.sra.15447	gi|370702946|ref|NC_004156.2|_Helicoverpa_zea_nudivirus_2,_complete_genome	67.660	235	43	12	121	342	175654	175440	1.56e-06	57.2
ERR3077546.sra.15447	gi|370702946|ref|NC_004156.2|_Helicoverpa_zea_nudivirus_2,_complete_genome	70.400	125	16	5	217	337	179813	179706	5.44e-06	55.4
ERR3077546.sra.15536	NC_016809_179310_180858	83.270	263	19	16	45	291	255	2	1.45e-57	226
ERR3077546.sra.15634	gi|48843719|ref|NC_005902.1|_Lymphocystis_disease_virus_-_isolate_China,_complete_genome	72.174	115	21	4	1547	1660	49276	49380	3.92e-06	55.4
ERR3077546.sra.15675	gi|310830989|ref|NC_014637.1|_Cafeteria_roenbergensis_virus_BV-PW1,_complete_genome	73.554	121	18	6	3292	3411	434793	434686	1.40e-07	60.8
ERR3077546.sra.15675	gi|310830989|ref|NC_014637.1|_Cafeteria_roenbergensis_virus_BV-PW1,_complete_genome	75.238	105	15	5	3309	3411	434937	434842	1.40e-07	60.8
ERR3077546.sra.15675	gi|310830989|ref|NC_014637.1|_Cafeteria_roenbergensis_virus_BV-PW1,_complete_genome	72.263	137	25	7	3292	3422	434877	434748	1.70e-06	57.2
ERR3077546.sra.15675	gi|310830989|ref|NC_014637.1|_Cafeteria_roenbergensis_virus_BV-PW1,_complete_genome	72.131	122	18	6	3292	3411	434601	434494	5.93e-06	55.4
ERR3077546.sra.15675	gi|310830989|ref|NC_014637.1|_Cafeteria_roenbergensis_virus_BV-PW1,_complete_genome	71.831	142	23	8	3292	3422	435027	434892	5.93e-06	55.4
ERR3077546.sra.15675	gi|310830989|ref|NC_014637.1|_Cafeteria_roenbergensis_virus_BV-PW1,_complete_genome	75.000	96	16	4	3318	3411	435075	434986	5.93e-06	55.4
ERR3077546.sra.15756	NC_016809_179310_180858	74.359	1092	124	65	77	1039	485	1549	2.33e-156	554
ERR3077546.sra.15759	NC_018706_214504_216058	83.333	78	10	3	522	597	10	86	8.49e-11	71.6
ERR3077546.sra.15779	NC_021350_359864_361325	70.466	193	41	9	1833	2017	1371	1187	3.57e-09	66.2
ERR3077546.sra.15810	AF224299	81.959	1419	149	62	114	1456	1389	2	0.0	1222
ERR3077546.sra.15848	NC_021040_348381_351031	72.152	158	21	10	3163	3306	2597	2449	3.82e-08	62.6
ERR3077546.sra.15883	NC_009567_443072_444611	77.055	1569	177	84	171	1597	13	1540	0.0	993
ERR3077546.sra.15919	NC_012731_16080_17619	85.185	675	47	31	51	690	657	1	0.0	675
ERR3077546.sra.16142	AY613590	89.320	1573	52	62	1321	2812	1	1538	0.0	1905
ERR3077546.sra.16180	NC_021009_505857_508732	81.416	113	19	1	409	519	186	298	3.57e-22	107
ERR3077546.sra.16192	gi|441431943|ref|NC_020104.1|_Acanthamoeba_polyphaga_moumouvirus,_complete_genome	83.636	55	9	0	573	627	779846	779900	1.35e-07	59.0
ERR3077546.sra.16192	gi|441431943|ref|NC_020104.1|_Acanthamoeba_polyphaga_moumouvirus,_complete_genome	83.333	54	9	0	542	595	779857	779910	4.72e-07	57.2
ERR3077546.sra.16198	gi|340025671|ref|NC_000852.5|_Paramecium_bursaria_Chlorella_virus_1,_complete_genome	70.565	248	53	9	751	990	61030	61265	1.06e-18	96.9
ERR3077546.sra.16213	NC_014147_315691_317208	87.948	1535	95	51	1203	2671	4	1514	0.0	1786
ERR3077546.sra.16221	gi|506497718|ref|NC_021246.1|_Mythimna_separata_entomopoxvirus_'L',_complete_genome	78.049	82	11	4	2658	2735	38088	38166	6.38e-06	55.4
ERR3077546.sra.16223	NC_021040_348381_351031	82.609	69	9	2	64	129	2536	2604	1.04e-08	64.4
ERR3077546.sra.16348	NC_000907_127172_128720	88.281	512	19	20	75	557	1050	1549	5.19e-170	600
ERR3077546.sra.16383	AJ271894	88.964	1187	60	46	2799	3926	1426	252	0.0	1407
ERR3077546.sra.16388	gi|363539767|ref|NC_016072.1|_Megavirus_chiliensis,_complete_genome	73.684	133	30	3	760	887	550403	550535	2.45e-11	73.4
ERR3077546.sra.16453	gi|310830989|ref|NC_014637.1|_Cafeteria_roenbergensis_virus_BV-PW1,_complete_genome	76.744	86	13	3	1632	1716	38046	37967	3.59e-07	59.0
ERR3077546.sra.16500	NC_012731_16080_17619	91.529	1570	51	45	1238	2757	1	1538	0.0	2104
ERR3077546.sra.16560	NC_021350_359864_361325	72.727	462	104	14	892	1337	997	1452	9.89e-57	223
ERR3077546.sra.16576	NC_000907_127172_128720	87.448	239	14	7	1599	1826	1549	1316	1.66e-73	279
ERR3077546.sra.16576	NC_000907_127172_128720	82.581	155	15	7	1854	2005	1199	1054	3.66e-31	138
ERR3077546.sra.16627	CP001015	87.181	1490	95	54	1346	2771	1	1458	0.0	1669
ERR3077546.sra.16643	NC_021350_359864_361325	75.789	95	18	3	1301	1394	995	1085	5.60e-07	59.0
ERR3077546.sra.16653	NC_016809_179310_180858	82.339	436	29	23	1279	1681	1543	1123	5.54e-104	379
ERR3077546.sra.16689	NC_020450_475434_475549	82.178	101	16	2	3081	3179	15	115	7.23e-18	95.1
ERR3077546.sra.16763	gi|526118633|ref|NC_021858.1|_Pandoravirus_dulcis,_complete_genome	88.372	43	1	1	937	979	1395070	1395108	6.35e-06	55.4
ERR3077546.sra.16802	NC_021350_359864_361325	68.943	454	89	20	1347	1764	1434	997	2.05e-31	140
ERR3077546.sra.16940	NC_000907_127172_128720	92.233	103	6	2	2734	2836	1549	1449	1.22e-32	143
ERR3077546.sra.16945	NC_013961_41032_42559	86.645	1550	107	56	188	1659	1528	1	0.0	1700
ERR3077546.sra.16995	DQ201336	87.966	1529	78	57	2036	3489	1498	1	0.0	1766
ERR3077546.sra.17053	NC_016809_179310_180858	91.367	278	6	9	63	325	1273	1547	1.74e-100	369
ERR3077546.sra.17055	NC_016809_179310_180858	90.737	529	14	21	2413	2927	1549	1042	0.0	670
ERR3077546.sra.17111	gi|313843970|ref|NC_014766.1|_Ostreococcus_lucimarinus_virus_OlV1,_complete_genome	69.892	186	47	7	1056	1234	16066	16249	9.67e-08	60.8
ERR3077546.sra.17117	NC_017540_397790_399343	88.865	458	19	17	61	492	1102	1553	9.07e-155	549
ERR3077546.sra.17199	NC_020450_475434_475549	83.077	65	7	2	1379	1440	90	27	4.42e-08	62.6
ERR3077546.sra.17217	AF224299	85.250	1539	119	66	220	1676	1516	4	0.0	1552
ERR3077546.sra.17257	NC_020450_475434_475549	77.528	89	8	4	1573	1649	107	19	1.15e-08	64.4
ERR3077546.sra.17308	NC_007146_193215_194753	77.168	1476	142	93	1485	2826	1528	114	0.0	899
ERR3077546.sra.17453	gi|441431943|ref|NC_020104.1|_Acanthamoeba_polyphaga_moumouvirus,_complete_genome	76.991	113	21	5	1398	1507	474859	474749	1.41e-10	69.8
ERR3077546.sra.17467	AY278611	88.429	1426	77	49	796	2145	1498	85	0.0	1687
ERR3077546.sra.17472	NC_017540_397790_399343	85.696	762	47	32	1673	2390	1541	798	0.0	794
ERR3077546.sra.17476	AY613590	81.818	1573	119	72	483	1923	1	1538	0.0	1373
ERR3077546.sra.17480	gi|508181800|ref|NC_021312.1|_Phaeocystis_globosa_virus_strain_16T,_complete_genome	78.205	78	12	3	1122	1198	409337	409264	3.18e-06	55.4
ERR3077546.sra.17529	X87976	83.221	1490	126	72	731	2144	1	1442	0.0	1348
ERR3077546.sra.17530	gi|9632388|ref|NC_002051.1|_Tomato_spotted_wilt_virus_RNA_S,_complete_sequence	80.822	73	13	1	1	72	1754	1826	1.88e-09	66.2
ERR3077546.sra.17565	gi|32453825|ref|NC_004927.1|_Halovirus_HF1,_complete_genome	81.667	60	9	1	920	979	20743	20800	8.22e-07	57.2
ERR3077546.sra.17609	NC_015678_4661_6196	89.459	370	17	13	246	601	362	1	2.28e-126	453
ERR3077546.sra.17717	gi|9964314|ref|NC_002520.1|_Amsacta_moorei_entomopoxvirus_'L',_complete_genome	75.281	89	20	2	1090	1177	109657	109744	4.86e-06	55.4
ERR3077546.sra.17767	gi|313767999|ref|NC_014765.1|_Bathycoccus_sp._RCC1105_virus_BpV1,_complete_genome	72.642	106	28	1	368	473	11561	11457	1.52e-06	57.2
ERR3077546.sra.17792	NC_016809_179310_180858	87.246	1082	60	45	102	1129	492	1549	0.0	1196
ERR3077546.sra.17897	gi|370702946|ref|NC_004156.2|_Helicoverpa_zea_nudivirus_2,_complete_genome	72.611	157	28	7	149	294	175610	175458	5.11e-11	71.6
ERR3077546.sra.17897	gi|370702946|ref|NC_004156.2|_Helicoverpa_zea_nudivirus_2,_complete_genome	71.875	160	28	7	111	258	175705	175551	1.78e-10	69.8
ERR3077546.sra.17897	gi|370702946|ref|NC_004156.2|_Helicoverpa_zea_nudivirus_2,_complete_genome	71.774	124	20	5	149	258	175733	175611	1.12e-06	57.2
ERR3077546.sra.17970	gi|340025671|ref|NC_000852.5|_Paramecium_bursaria_Chlorella_virus_1,_complete_genome	86.275	51	7	0	1193	1243	165717	165767	1.70e-07	60.8
ERR3077546.sra.17970	gi|340025671|ref|NC_000852.5|_Paramecium_bursaria_Chlorella_virus_1,_complete_genome	84.314	51	8	0	1193	1243	165338	165388	2.07e-06	57.2
ERR3077546.sra.17970	gi|340025671|ref|NC_000852.5|_Paramecium_bursaria_Chlorella_virus_1,_complete_genome	84.314	51	8	0	1193	1243	165511	165561	2.07e-06	57.2
ERR3077546.sra.17991	gi|113200752|ref|NC_008307.1|_Melon_yellow_spot_virus_segment_M,_complete_sequence	79.221	77	10	2	2376	2452	1190	1120	8.14e-09	64.4
ERR3077546.sra.18000	NC_007146_193215_194753	85.273	1555	97	71	164	1615	2	1527	0.0	1572
ERR3077546.sra.18120	gi|118496614|ref|NC_008603.1|_Paramecium_bursaria_Chlorella_virus_FR483,_complete_genome	75.431	232	44	3	2601	2830	312638	312418	1.91e-37	159
ERR3077546.sra.18120	gi|118496614|ref|NC_008603.1|_Paramecium_bursaria_Chlorella_virus_FR483,_complete_genome	75.100	249	47	6	2523	2768	312645	312409	2.33e-36	156
ERR3077546.sra.18120	gi|118496614|ref|NC_008603.1|_Paramecium_bursaria_Chlorella_virus_FR483,_complete_genome	77.228	202	43	3	2632	2830	312643	312442	1.21e-33	147
ERR3077546.sra.18120	gi|118496614|ref|NC_008603.1|_Paramecium_bursaria_Chlorella_virus_FR483,_complete_genome	76.154	130	30	1	2702	2830	312643	312514	8.14e-17	91.5
ERR3077546.sra.18120	gi|118496614|ref|NC_008603.1|_Paramecium_bursaria_Chlorella_virus_FR483,_complete_genome	69.048	210	48	3	2601	2809	241852	242045	9.92e-16	87.8
ERR3077546.sra.18120	gi|118496614|ref|NC_008603.1|_Paramecium_bursaria_Chlorella_virus_FR483,_complete_genome	70.681	191	53	3	2607	2794	241834	242024	4.22e-14	82.4
ERR3077546.sra.18120	gi|118496614|ref|NC_008603.1|_Paramecium_bursaria_Chlorella_virus_FR483,_complete_genome	72.656	128	33	2	2607	2732	91653	91526	3.24e-09	66.2
ERR3077546.sra.18120	gi|118496614|ref|NC_008603.1|_Paramecium_bursaria_Chlorella_virus_FR483,_complete_genome	75.258	97	21	2	2573	2668	241934	242028	1.38e-07	60.8
ERR3077546.sra.18120	gi|118496614|ref|NC_008603.1|_Paramecium_bursaria_Chlorella_virus_FR483,_complete_genome	68.590	156	36	3	2689	2831	241846	242001	4.81e-07	59.0
ERR3077546.sra.18134	gi|118496614|ref|NC_008603.1|_Paramecium_bursaria_Chlorella_virus_FR483,_complete_genome	84.746	59	8	1	421	478	142385	142327	3.40e-08	62.6
ERR3077546.sra.18134	gi|118496614|ref|NC_008603.1|_Paramecium_bursaria_Chlorella_virus_FR483,_complete_genome	83.051	59	9	1	421	478	142288	142230	4.15e-07	59.0
ERR3077546.sra.18142	NC_021009_505857_508732	74.016	254	53	7	3081	3325	186	435	5.50e-32	141
ERR3077546.sra.18157	gi|509139559|ref|NC_021320.1|_Halovirus_HRTV-5,_complete_genome	87.273	55	6	1	3012	3066	55935	55882	1.21e-08	64.4
ERR3077546.sra.18214	NC_016809_179310_180858	83.740	123	8	8	97	212	118	1	1.07e-21	107
ERR3077546.sra.18236	gi|410428375|ref|NC_019029.1|_Diuris_virus_A_isolate_SW3.3,_complete_genome	77.778	72	15	1	2550	2621	2513	2583	6.29e-06	55.4
ERR3077546.sra.18244	AF366266	84.381	493	29	17	1256	1705	2	489	1.32e-143	511
ERR3077546.sra.18276	NC_021350_359864_361325	69.811	477	101	21	916	1366	993	1452	1.78e-36	156
ERR3077546.sra.18277	gi|448824857|ref|NC_020231.1|_Caviid_herpesvirus_2_strain_21222,_complete_genome	93.846	65	3	1	42	106	223337	223400	2.05e-18	96.9
ERR3077546.sra.18298	NC_021009_505857_508732	71.705	258	47	11	491	730	435	186	6.94e-23	111
ERR3077546.sra.18322	NC_021350_359864_361325	76.349	241	48	4	121	355	1222	1459	3.31e-40	168
ERR3077546.sra.18375	NC_021040_348381_351031	82.857	105	15	3	1125	1228	2478	2580	5.19e-19	98.7
ERR3077546.sra.18405	NC_021040_348381_351031	74.038	104	15	4	243	338	2499	2598	3.39e-07	59.0
ERR3077546.sra.18412	NC_020450_475434_475549	75.610	82	14	2	1697	1772	101	20	4.05e-06	55.4
ERR3077546.sra.18418	NC_016809_179310_180858	89.213	343	15	13	2579	2900	3	344	4.61e-114	414
ERR3077546.sra.18427	NC_015964_438409_439961	83.975	1585	124	57	1377	2866	4	1553	0.0	1573
ERR3077546.sra.18519	NC_018706_214504_216058	80.208	96	15	2	137	229	6	100	3.80e-14	82.4
ERR3077546.sra.18586	gi|313768203|ref|NC_014767.1|_Micromonas_sp._RCC1109_virus_MpV1,_complete_genome	72.535	142	32	6	1600	1736	11867	11728	1.43e-07	60.8
ERR3077546.sra.18618	NC_021350_359864_361325	72.893	439	92	15	790	1208	1428	997	2.24e-53	212
ERR3077546.sra.18668	NC_016809_179310_180858	84.506	981	71	40	49	980	953	5	0.0	976
ERR3077546.sra.18712	AY485603	78.704	1559	145	97	904	2366	1	1468	0.0	1047
ERR3077546.sra.18717	AY584476	77.087	1126	131	68	93	1148	191	1259	0.0	675
ERR3077546.sra.18797	NC_015964_438409_439961	87.113	613	29	25	33	607	601	1	0.0	682
ERR3077546.sra.18916	gi|363539767|ref|NC_016072.1|_Megavirus_chiliensis,_complete_genome	89.362	47	4	1	3742	3788	542724	542679	7.20e-07	59.0
ERR3077546.sra.18921	NC_009567_443072_444611	91.068	1198	46	39	39	1187	355	1540	0.0	1557
ERR3077546.sra.18972	NC_021040_348381_351031	82.143	112	14	5	213	323	2478	2584	5.37e-18	95.1
ERR3077546.sra.19094	NC_021040_348381_351031	83.077	65	7	3	404	464	2526	2590	4.65e-07	59.0
ERR3077546.sra.19102	AF287810	87.953	938	45	42	2112	3000	1491	573	0.0	1054
ERR3077546.sra.19132	NC_021350_359864_361325	70.068	294	60	13	2270	2541	997	1284	1.39e-19	100
ERR3077546.sra.19191	NC_021350_359864_361325	69.565	483	111	19	1129	1591	986	1452	1.26e-36	156
ERR3077546.sra.19219	gi|441431943|ref|NC_020104.1|_Acanthamoeba_polyphaga_moumouvirus,_complete_genome	73.944	142	32	3	3589	3729	474728	474865	1.81e-13	80.6
ERR3077546.sra.19226	gi|363539767|ref|NC_016072.1|_Megavirus_chiliensis,_complete_genome	75.188	133	31	1	3456	3586	550535	550403	3.21e-16	89.7
ERR3077546.sra.19230	gi|9964314|ref|NC_002520.1|_Amsacta_moorei_entomopoxvirus_'L',_complete_genome	85.246	61	9	0	314	374	193714	193654	1.91e-10	69.8
ERR3077546.sra.19247	NC_016809_179310_180858	83.333	654	44	32	26	621	648	2	4.71e-171	603
ERR3077546.sra.19254	L06168	87.384	1514	87	57	388	1825	1	1486	0.0	1718
ERR3077546.sra.19259	gi|482650988|ref|NC_021095.1|_White_clover_cryptic_virus_2_isolate_IPP_Lirepa_segment_RNA_2,_complete_sequence	81.720	93	8	1	37	129	2344	2261	4.57e-18	95.1
ERR3077546.sra.19268	NC_020450_475434_475549	78.723	94	17	2	909	1002	23	113	1.74e-11	73.4
ERR3077546.sra.19283	gi|310830989|ref|NC_014637.1|_Cafeteria_roenbergensis_virus_BV-PW1,_complete_genome	74.400	125	28	2	1923	2043	451443	451319	2.12e-12	77.0
ERR3077546.sra.19297	gi|441431943|ref|NC_020104.1|_Acanthamoeba_polyphaga_moumouvirus,_complete_genome	70.968	186	37	8	4475	4652	474689	474865	1.04e-10	71.6
ERR3077546.sra.19305	NC_018706_214504_216058	81.013	79	10	4	957	1030	10	88	3.38e-08	62.6
ERR3077546.sra.19441	NC_021350_359864_361325	71.042	480	100	18	651	1104	1452	986	8.11e-48	194
ERR3077546.sra.19480	gi|113195177|ref|NC_008291.1|_Taterapox_virus,_complete_genome	73.810	168	37	5	361	526	184824	184986	1.92e-16	89.7
ERR3077546.sra.19480	gi|113195177|ref|NC_008291.1|_Taterapox_virus,_complete_genome	75.309	162	25	10	842	999	184835	184985	9.97e-14	80.6
ERR3077546.sra.19480	gi|113195177|ref|NC_008291.1|_Taterapox_virus,_complete_genome	72.358	123	23	4	402	523	184821	184933	9.33e-08	60.8
ERR3077546.sra.19494	gi|113195177|ref|NC_008291.1|_Taterapox_virus,_complete_genome	80.488	123	18	4	912	1031	184869	184988	3.06e-20	102
ERR3077546.sra.19494	gi|113195177|ref|NC_008291.1|_Taterapox_virus,_complete_genome	79.167	144	20	9	2101	2244	184820	184953	1.58e-17	93.3
ERR3077546.sra.19494	gi|113195177|ref|NC_008291.1|_Taterapox_virus,_complete_genome	75.581	172	32	9	536	704	184819	184983	1.93e-16	89.7
ERR3077546.sra.19494	gi|113195177|ref|NC_008291.1|_Taterapox_virus,_complete_genome	74.457	184	25	13	2039	2222	184825	184986	2.86e-14	82.4
ERR3077546.sra.19494	gi|113195177|ref|NC_008291.1|_Taterapox_virus,_complete_genome	77.500	120	21	4	912	1028	184879	184995	2.86e-14	82.4
ERR3077546.sra.19494	gi|113195177|ref|NC_008291.1|_Taterapox_virus,_complete_genome	72.928	181	27	10	950	1127	184820	184981	9.99e-14	80.6
ERR3077546.sra.19494	gi|113195177|ref|NC_008291.1|_Taterapox_virus,_complete_genome	72.678	183	29	10	685	867	184824	184985	3.49e-13	78.8
ERR3077546.sra.19494	gi|113195177|ref|NC_008291.1|_Taterapox_virus,_complete_genome	73.653	167	22	11	1000	1159	184822	184973	1.48e-11	73.4
ERR3077546.sra.19494	gi|113195177|ref|NC_008291.1|_Taterapox_virus,_complete_genome	71.508	179	21	11	613	791	184820	184968	5.17e-11	71.6
ERR3077546.sra.19494	gi|113195177|ref|NC_008291.1|_Taterapox_virus,_complete_genome	74.815	135	23	8	193	325	184825	184950	7.68e-09	64.4
ERR3077546.sra.19494	gi|113195177|ref|NC_008291.1|_Taterapox_virus,_complete_genome	71.429	161	23	10	161	317	184841	184982	3.26e-07	59.0
ERR3077546.sra.19515	NC_009566_376402_377942	85.324	293	16	15	2655	2932	1	281	3.83e-77	291
ERR3077546.sra.19609	AY005033	85.150	1569	109	57	88	1575	3	1528	0.0	1635
ERR3077546.sra.19639	gi|448824857|ref|NC_020231.1|_Caviid_herpesvirus_2_strain_21222,_complete_genome	86.111	72	2	2	30	101	223337	223400	5.88e-15	84.2
ERR3077546.sra.19653	AF016390	84.416	154	9	6	57	204	145	1	1.94e-36	156
ERR3077546.sra.19682	gi|509139559|ref|NC_021320.1|_Halovirus_HRTV-5,_complete_genome	81.034	58	11	0	1471	1528	55880	55937	3.59e-06	55.4
ERR3077546.sra.19727	gi|441431943|ref|NC_020104.1|_Acanthamoeba_polyphaga_moumouvirus,_complete_genome	72.581	186	42	7	820	1002	474689	474868	3.44e-14	82.4
ERR3077546.sra.19727	gi|441431943|ref|NC_020104.1|_Acanthamoeba_polyphaga_moumouvirus,_complete_genome	69.767	172	44	5	821	989	291002	290836	1.12e-07	60.8
ERR3077546.sra.19727	gi|441431943|ref|NC_020104.1|_Acanthamoeba_polyphaga_moumouvirus,_complete_genome	75.949	79	17	1	1807	1885	476078	476154	4.78e-06	55.4
ERR3077546.sra.19728	NC_009436_250882_252426	75.758	198	34	8	1135	1322	2	195	2.20e-25	118
ERR3077546.sra.19754	gi|441431943|ref|NC_020104.1|_Acanthamoeba_polyphaga_moumouvirus,_complete_genome	75.000	108	25	2	2017	2123	474840	474734	2.01e-09	66.2
ERR3077546.sra.19754	gi|441431943|ref|NC_020104.1|_Acanthamoeba_polyphaga_moumouvirus,_complete_genome	76.623	77	16	1	1131	1205	476154	476078	3.64e-06	55.4
ERR3077546.sra.19759	NC_021350_359864_361325	70.564	479	108	18	1396	1859	1452	992	7.47e-43	178
ERR3077546.sra.19789	NC_021009_505857_508732	74.286	140	24	5	471	604	319	186	3.79e-13	78.8
ERR3077546.sra.19805	NC_017451_357249_358787	88.065	1173	61	48	54	1177	397	1539	0.0	1339
ERR3077546.sra.19880	gi|488870550|ref|NC_021178.1|_Canine_picodicistrovirus_strain_209,_complete_genome	82.353	51	1	1	844	894	8785	8743	5.77e-06	55.4
ERR3077546.sra.19885	NC_017451_357249_358787	87.928	1168	60	44	1547	2644	1535	379	0.0	1346
ERR3077546.sra.19923	NC_016809_179310_180858	89.749	517	19	16	78	562	1035	1549	0.0	652
ERR3077546.sra.19927	NC_017451_357249_358787	83.961	823	59	35	88	849	811	1	0.0	798
ERR3077546.sra.19959	NC_021040_348381_351031	76.744	129	18	6	2460	2578	2604	2478	3.26e-14	82.4
ERR3077546.sra.19969	NC_016809_179310_180858	88.826	1593	81	57	826	2365	1549	1	0.0	1902
ERR3077546.sra.19991	NC_015964_438409_439961	85.049	923	49	42	2152	2996	64	975	0.0	933
ERR3077546.sra.20025	AY879305	81.935	310	25	15	2386	2667	1518	1212	3.98e-70	268
ERR3077546.sra.20044	NC_016809_179310_180858	90.411	730	35	20	51	759	832	1547	0.0	942
ERR3077546.sra.20089	gi|441431943|ref|NC_020104.1|_Acanthamoeba_polyphaga_moumouvirus,_complete_genome	74.096	166	35	7	1710	1872	474849	474689	5.18e-14	82.4
ERR3077546.sra.20089	gi|441431943|ref|NC_020104.1|_Acanthamoeba_polyphaga_moumouvirus,_complete_genome	70.303	165	43	5	1709	1871	290842	291002	1.69e-07	60.8
ERR3077546.sra.20095	NC_021350_359864_361325	73.016	441	92	16	564	990	986	1413	2.13e-53	212
ERR3077546.sra.20118	gi|509139559|ref|NC_021320.1|_Halovirus_HRTV-5,_complete_genome	86.207	58	4	3	2246	2301	55882	55937	5.74e-07	59.0
ERR3077546.sra.20142	NC_021350_359864_361325	72.439	410	82	17	545	935	1395	998	5.30e-44	181
ERR3077546.sra.20189	NC_021040_348381_351031	78.832	137	17	6	3801	3928	2584	2451	1.90e-19	100
ERR3077546.sra.20281	NC_017595_14961_16496	84.762	315	17	17	2952	3243	1535	1229	6.74e-81	304
ERR3077546.sra.20325	AY613590	89.277	1576	84	49	1165	2693	1	1538	0.0	1936
ERR3077546.sra.20355	NC_020450_475434_475549	80.952	84	13	2	1701	1783	101	20	2.11e-11	73.4
ERR3077546.sra.20378	NC_003028_15344_16903	87.463	678	50	20	72	731	900	1560	0.0	782
ERR3077546.sra.20399	gi|448824857|ref|NC_020231.1|_Caviid_herpesvirus_2_strain_21222,_complete_genome	93.846	65	3	1	14	78	223337	223400	1.53e-18	96.9
ERR3077546.sra.20442	gi|379765013|ref|NC_016959.1|_Ndumu_virus,_complete_genome	77.215	79	7	3	3001	3077	11688	11619	5.40e-07	59.0
ERR3077546.sra.20456	gi|313767999|ref|NC_014765.1|_Bathycoccus_sp._RCC1105_virus_BpV1,_complete_genome	72.727	132	28	4	2686	2810	11367	11497	2.88e-09	66.2
ERR3077546.sra.20469	gi|363539767|ref|NC_016072.1|_Megavirus_chiliensis,_complete_genome	75.000	112	25	3	3156	3266	550521	550412	3.53e-09	66.2
ERR3077546.sra.20507	gi|163954976|ref|NC_010191.1|_Ostreococcus_virus_OsV5,_complete_genome	74.150	147	34	4	1328	1471	9911	10056	1.16e-13	80.6
ERR3077546.sra.20511	NC_016809_179310_180858	85.560	741	44	26	51	737	816	1547	0.0	794
ERR3077546.sra.20525	gi|506497718|ref|NC_021246.1|_Mythimna_separata_entomopoxvirus_'L',_complete_genome	77.778	81	15	3	1077	1156	38166	38088	4.76e-06	55.4
ERR3077546.sra.20565	AF287809	87.362	1543	82	60	1054	2516	2	1511	0.0	1736
ERR3077546.sra.20587	DQ344915	87.443	1529	83	56	1094	2568	1	1474	0.0	1737
ERR3077546.sra.20644	NC_021350_359864_361325	72.152	158	34	7	36	189	1128	977	8.65e-09	64.4
ERR3077546.sra.20647	NC_016809_179310_180858	84.936	624	41	25	60	645	941	1549	0.0	637
ERR3077546.sra.20673	NC_021350_359864_361325	71.306	467	102	15	1646	2090	1452	996	2.22e-49	199
ERR3077546.sra.20776	gi|370702946|ref|NC_004156.2|_Helicoverpa_zea_nudivirus_2,_complete_genome	69.274	179	38	7	1553	1731	175712	175551	4.32e-07	59.0
ERR3077546.sra.20830	gi|448824857|ref|NC_020231.1|_Caviid_herpesvirus_2_strain_21222,_complete_genome	93.846	65	3	1	43	107	223337	223400	1.47e-18	96.9
ERR3077546.sra.20886	NC_021040_348381_351031	74.286	140	25	6	1762	1891	2586	2448	1.31e-11	73.4
ERR3077546.sra.21068	gi|363539767|ref|NC_016072.1|_Megavirus_chiliensis,_complete_genome	86.957	46	6	0	411	456	918094	918049	1.36e-06	57.2
ERR3077546.sra.21080	NC_000907_127172_128720	95.690	232	3	5	49	276	1321	1549	3.44e-97	358
ERR3077546.sra.21291	gi|157953191|ref|NC_009899.1|_Paramecium_bursaria_Chlorella_virus_AR158,_complete_genome	81.818	55	10	0	4641	4695	172269	172215	8.54e-06	55.4
ERR3077546.sra.21293	NC_009567_443072_444611	85.035	1577	93	78	760	2233	4	1540	0.0	1557
ERR3077546.sra.21352	NC_016809_179310_180858	90.390	385	17	14	1576	1948	12	388	7.29e-135	482
ERR3077546.sra.21462	NC_003454_451529_453030	91.262	309	13	10	2808	3110	1497	1197	8.95e-111	403
ERR3077546.sra.21529	NC_007146_193215_194753	89.182	758	45	21	58	793	743	1	0.0	937
ERR3077546.sra.21568	AF224299	83.398	1548	128	65	1323	2778	1516	6	0.0	1456
ERR3077546.sra.21638	NC_021040_348381_351031	83.962	106	14	2	734	839	2478	2580	3.85e-22	109
ERR3077546.sra.21646	NC_017451_357249_358787	85.073	1581	112	76	286	1788	1	1535	0.0	1557
ERR3077546.sra.21757	AY613590	82.887	1157	80	51	47	1103	1139	1	0.0	1070
ERR3077546.sra.21792	AY613590	83.954	1558	111	75	821	2277	1538	19	0.0	1471
ERR3077546.sra.21831	NC_007146_193215_194753	85.897	468	26	25	2164	2600	4	462	6.15e-131	470
ERR3077546.sra.21833	NC_021350_359864_361325	70.411	365	80	14	1869	2214	1004	1359	8.61e-30	134
ERR3077546.sra.21885	NC_021350_359864_361325	71.822	472	106	13	1024	1479	992	1452	5.17e-55	217
ERR3077546.sra.21946	AF224299	81.367	1551	155	81	462	1934	22	1516	0.0	1251
ERR3077546.sra.21976	gi|506497718|ref|NC_021246.1|_Mythimna_separata_entomopoxvirus_'L',_complete_genome	77.500	80	15	3	320	397	38088	38166	8.33e-06	53.6
ERR3077546.sra.21983	gi|441431943|ref|NC_020104.1|_Acanthamoeba_polyphaga_moumouvirus,_complete_genome	75.949	158	34	4	393	548	474844	474689	8.22e-20	100
ERR3077546.sra.21983	gi|441431943|ref|NC_020104.1|_Acanthamoeba_polyphaga_moumouvirus,_complete_genome	73.874	111	27	2	393	502	290848	290957	2.06e-08	62.6
ERR3077546.sra.21994	gi|506497718|ref|NC_021246.1|_Mythimna_separata_entomopoxvirus_'L',_complete_genome	83.607	61	7	2	1531	1589	7388	7329	2.79e-07	59.0
