ERR3077520.sra.473	gi|601447416|ref|NC_023841.1|_Dunaliella_viridis_virus_SI2_genomic_sequence	72.297	148	30	6	68	204	31316	31169	6.20e-10	66.2
ERR3077520.sra.2916	NC_020912_694257_695795	93.458	107	3	4	46	148	107	1	4.28e-34	147
ERR3077520.sra.3223	NC_023149_705843_707378	78.846	104	13	4	49	143	105	2	1.31e-13	78.8
ERR3077520.sra.4042	NC_022738_191891_193429	79.121	91	10	5	52	133	107	17	2.78e-09	64.4
ERR3077520.sra.4072	gi|601447416|ref|NC_023841.1|_Dunaliella_viridis_virus_SI2_genomic_sequence	77.914	163	27	5	53	207	31330	31169	1.79e-25	118
ERR3077520.sra.4956	gi|601447416|ref|NC_023841.1|_Dunaliella_viridis_virus_SI2_genomic_sequence	77.124	153	25	6	61	203	31320	31168	2.16e-20	100
ERR3077520.sra.6015	NC_020912_694257_695795	87.611	113	4	7	51	159	107	1	2.84e-25	118
ERR3077520.sra.6033	NC_022738_191891_193429	86.916	107	4	6	45	141	107	1	1.36e-23	113
ERR3077520.sra.6733	NC_020912_694257_695795	85.786	401	25	21	572	943	122	519	9.26e-111	401
ERR3077520.sra.7559	NC_002516_722096_723631	89.503	886	36	34	77	914	877	1	0.0	1077
