ERR3077547.sra.13	L06168	84.282	808	52	34	58	805	793	1	0.0	809
ERR3077547.sra.20	gi|448824968|ref|NC_020232.1|_Megavirus_lba_isolate_LBA111,_complete_genome	71.739	138	33	3	3670	3802	684614	684750	4.01e-09	66.2
ERR3077547.sra.39	NC_013203_1457029_1458528	83.159	671	52	28	80	701	663	5	3.34e-179	630
ERR3077547.sra.74	AF543300	80.282	1491	149	76	1331	2710	1479	23	0.0	1151
ERR3077547.sra.93	NC_021040_348381_351031	73.571	140	24	6	3623	3749	2583	2444	9.43e-11	71.6
ERR3077547.sra.153	gi|531034792|ref|NC_022098.1|_Pandoravirus_salinus,_complete_genome	85.185	54	8	0	575	628	431921	431868	5.49e-08	62.6
ERR3077547.sra.241	gi|441431943|ref|NC_020104.1|_Acanthamoeba_polyphaga_moumouvirus,_complete_genome	75.248	101	18	5	330	424	741475	741376	6.10e-06	53.6
ERR3077547.sra.254	AB053947	87.208	1415	64	62	54	1372	1394	1	0.0	1563
ERR3077547.sra.304	CP000725	82.210	1321	116	62	2386	3622	1510	225	0.0	1151
ERR3077547.sra.344	AJ583190	85.632	522	38	16	59	546	519	1	1.08e-159	565
ERR3077547.sra.345	L14326	86.718	1551	92	74	460	1931	1529	14	0.0	1638
ERR3077547.sra.356	NC_009567_443072_444611	86.714	1415	69	59	42	1367	156	1540	0.0	1546
ERR3077547.sra.406	AY613590	84.121	1121	59	53	50	1098	461	1534	0.0	1088
ERR3077547.sra.460	NC_016809_179310_180858	87.726	774	39	34	97	820	782	1549	0.0	865
ERR3077547.sra.492	NC_018706_214504_216058	78.495	93	16	2	1670	1761	11	100	1.56e-11	73.4
ERR3077547.sra.502	NC_021350_359864_361325	73.232	198	46	4	57	249	1407	1212	1.05e-21	107
ERR3077547.sra.538	NC_021350_359864_361325	76.699	103	21	2	1918	2018	1332	1231	6.11e-11	71.6
ERR3077547.sra.624	NC_020450_475434_475549	85.714	84	10	2	1504	1586	19	101	5.32e-17	91.5
ERR3077547.sra.634	AF543300	86.759	1518	81	68	700	2136	1	1479	0.0	1633
ERR3077547.sra.664	NC_000907_127172_128720	82.134	403	29	23	51	430	1167	1549	2.38e-91	338
ERR3077547.sra.666	AJ006965	89.692	1135	61	38	1563	2660	15	1130	0.0	1398
ERR3077547.sra.667	NC_013715_1592163_1593688	86.102	921	43	40	61	928	889	1	0.0	980
ERR3077547.sra.749	NC_003454_451529_453030	87.121	264	19	7	62	315	1243	1501	1.35e-81	306
ERR3077547.sra.819	NC_021040_348381_351031	75.472	106	16	6	2426	2525	2599	2498	1.52e-06	57.2
ERR3077547.sra.905	AY584476	88.505	1505	77	53	1753	3197	1469	1	0.0	1783
ERR3077547.sra.924	NC_021281_93861_95367	87.549	257	17	9	3168	3411	1466	1212	1.29e-77	293
ERR3077547.sra.935	NC_013715_1592163_1593688	82.910	433	29	21	2682	3079	1	423	4.58e-108	394
ERR3077547.sra.957	NC_003454_451529_453030	84.257	343	28	13	52	380	1155	1485	6.16e-92	340
ERR3077547.sra.960	AM420075	79.838	1483	103	72	86	1441	1414	1	0.0	1178
ERR3077547.sra.970	AF287810	86.935	199	11	10	58	249	1307	1497	6.96e-53	210
ERR3077547.sra.993	NC_021350_359864_361325	68.035	341	82	13	475	809	1127	1446	1.15e-16	89.7
ERR3077547.sra.995	gi|700075100|ref|NC_025375.1|_Stygiolobus_rod-shaped_virus,_complete_genome	84.615	52	7	1	436	487	25244	25194	5.37e-06	55.4
ERR3077547.sra.1002	NC_009566_376402_377942	89.185	1461	70	51	1431	2837	5	1431	0.0	1772
ERR3077547.sra.1060	NC_021350_359864_361325	71.518	481	112	13	2404	2867	986	1458	1.21e-53	214
ERR3077547.sra.1064	AJ810277	77.330	1116	131	70	100	1124	1086	2	0.0	666
ERR3077547.sra.1124	gi|441431943|ref|NC_020104.1|_Acanthamoeba_polyphaga_moumouvirus,_complete_genome	76.692	133	24	2	371	496	474740	474872	3.40e-19	98.7
ERR3077547.sra.1191	NC_021281_93861_95367	92.571	175	2	6	69	237	1338	1507	5.71e-62	241
ERR3077547.sra.1234	gi|506497718|ref|NC_021246.1|_Mythimna_separata_entomopoxvirus_'L',_complete_genome	81.159	69	9	3	1110	1176	13641	13575	6.02e-07	57.2
ERR3077547.sra.1346	AF543300	89.540	1501	71	51	1549	2985	1479	1	0.0	1847
ERR3077547.sra.1442	NC_020450_475434_475549	85.526	76	8	3	209	281	26	101	1.54e-12	77.0
ERR3077547.sra.1493	AF543300	87.064	1492	79	61	2021	3430	6	1465	0.0	1649
ERR3077547.sra.1556	gi|363539767|ref|NC_016072.1|_Megavirus_chiliensis,_complete_genome	72.807	114	31	0	471	584	353574	353461	2.50e-09	66.2
ERR3077547.sra.1598	gi|441431943|ref|NC_020104.1|_Acanthamoeba_polyphaga_moumouvirus,_complete_genome	82.500	120	16	5	252	369	474844	474728	6.25e-21	104
ERR3077547.sra.1598	gi|441431943|ref|NC_020104.1|_Acanthamoeba_polyphaga_moumouvirus,_complete_genome	76.190	84	18	2	252	333	290848	290931	2.84e-06	55.4
ERR3077547.sra.1639	AF224299	84.720	1538	117	67	3212	4655	1515	2	0.0	1519
ERR3077547.sra.1685	AY613590	86.298	1591	93	68	1039	2557	1	1538	0.0	1692
ERR3077547.sra.1706	NC_021350_359864_361325	71.111	225	37	11	772	974	1242	1460	1.92e-16	89.7
ERR3077547.sra.1754	NC_016809_179310_180858	77.376	884	85	54	100	890	685	1546	6.48e-156	553
ERR3077547.sra.1846	NC_014498_31096_32654	89.675	862	29	33	86	903	714	1559	0.0	1059
ERR3077547.sra.1859	NC_021350_359864_361325	73.373	169	33	6	1690	1851	1157	1320	1.88e-15	86.0
ERR3077547.sra.1865	AY613590	84.151	1426	100	75	134	1461	1398	1	0.0	1328
ERR3077547.sra.1883	gi|506498026|ref|NC_021247.1|_Adoxophyes_honmai_enomopoxvirus_'L',_complete_genome	87.234	47	6	0	2111	2157	43577	43623	3.96e-07	59.0
ERR3077547.sra.1892	NC_021020_589522_591540	71.250	240	50	11	2140	2363	1	237	2.16e-16	89.7
ERR3077547.sra.1901	gi|363539767|ref|NC_016072.1|_Megavirus_chiliensis,_complete_genome	84.615	52	6	1	932	983	866510	866559	4.22e-06	55.4
ERR3077547.sra.1982	gi|506498026|ref|NC_021247.1|_Adoxophyes_honmai_enomopoxvirus_'L',_complete_genome	75.000	96	20	3	2307	2399	125555	125461	6.22e-06	55.4
ERR3077547.sra.2004	NC_009566_376402_377942	73.017	1538	203	88	302	1666	1536	38	0.0	697
ERR3077547.sra.2024	NC_021350_359864_361325	70.402	473	108	16	91	543	992	1452	1.88e-43	179
ERR3077547.sra.2030	NC_021281_93861_95367	86.240	625	37	24	58	659	909	1507	0.0	675
ERR3077547.sra.2058	NC_002940_10643_12179	80.468	1582	190	54	321	1835	6	1535	0.0	1324
ERR3077547.sra.2141	AY613590	85.284	863	45	41	1848	2658	1538	706	0.0	874
ERR3077547.sra.2172	NC_021350_359864_361325	72.297	444	95	15	2704	3129	995	1428	6.51e-51	205
ERR3077547.sra.2273	AB355602	84.187	1347	118	58	70	1368	101	1400	0.0	1294
ERR3077547.sra.2325	NC_021040_348381_351031	69.668	211	52	8	1842	2043	2651	2444	7.07e-10	68.0
ERR3077547.sra.2333	NC_021350_359864_361325	72.822	482	109	15	184	654	1456	986	2.51e-59	232
ERR3077547.sra.2418	AJ006965	84.887	1502	97	72	2998	4420	6	1456	0.0	1478
ERR3077547.sra.2421	AJ234040	72.896	1236	160	86	1259	2376	1179	1	9.99e-137	489
ERR3077547.sra.2432	gi|119953744|ref|NC_008724.1|_Acanthocystis_turfacea_Chlorella_virus_1,_complete_genome	84.314	51	8	0	270	320	84093	84143	1.56e-06	57.2
ERR3077547.sra.2432	gi|119953744|ref|NC_008724.1|_Acanthocystis_turfacea_Chlorella_virus_1,_complete_genome	84.314	51	8	0	270	320	84188	84238	1.56e-06	57.2
ERR3077547.sra.2456	NC_021350_359864_361325	73.517	472	104	15	1698	2154	993	1458	1.72e-61	239
ERR3077547.sra.2520	NC_016809_179310_180858	87.083	480	26	20	804	1260	1547	1081	5.73e-149	529
ERR3077547.sra.2520	NC_016809_179310_180858	78.788	660	64	37	1381	1990	995	362	2.44e-128	461
ERR3077547.sra.2564	gi|32453825|ref|NC_004927.1|_Halovirus_HF1,_complete_genome	83.607	61	7	3	3144	3204	20743	20800	7.06e-06	55.4
ERR3077547.sra.2573	gi|506498274|ref|NC_021248.1|_Choristoneura_biennis_entomopoxvirus_'L',_complete_genome	85.965	57	4	3	2974	3029	15764	15711	1.79e-06	57.2
ERR3077547.sra.2573	gi|506498274|ref|NC_021248.1|_Choristoneura_biennis_entomopoxvirus_'L',_complete_genome	85.965	57	4	3	2974	3029	291928	291981	1.79e-06	57.2
ERR3077547.sra.2582	NC_021350_359864_361325	69.347	199	50	5	69	261	1259	1452	6.38e-11	71.6
ERR3077547.sra.2660	NC_021350_359864_361325	71.458	480	109	18	3018	3482	986	1452	3.63e-47	192
ERR3077547.sra.2677	NC_022655_1696703_1698247	76.118	1118	128	69	2448	3483	4	1064	4.82e-178	627
ERR3077547.sra.2765	NC_015964_438409_439961	88.401	638	26	22	2840	3443	3	626	0.0	762
ERR3077547.sra.2803	NC_009566_376402_377942	71.941	1283	162	90	1864	3023	2	1209	3.09e-129	464
ERR3077547.sra.2809	AY689228	84.458	1512	103	69	608	2026	1474	2	0.0	1476
ERR3077547.sra.2879	NC_021040_348381_351031	87.500	48	3	1	57	101	2537	2584	3.23e-07	59.0
ERR3077547.sra.2901	CP001015	88.509	1462	72	60	2206	3589	1458	15	0.0	1696
ERR3077547.sra.2944	AM887529	87.073	1199	66	47	1477	2612	1	1173	0.0	1333
ERR3077547.sra.2949	gi|57753434|ref|NC_006633.1|_Cotesia_congregata_virus_complete_genome,_segment_Circle1	97.143	35	1	0	3417	3451	12576	12542	5.01e-07	59.0
ERR3077547.sra.2988	gi|9625955|ref|NC_001350.1|_Saimiriine_herpesvirus_2_complete_genome	75.258	97	19	3	1355	1446	106699	106603	3.05e-07	59.0
ERR3077547.sra.3082	gi|311977355|ref|NC_014649.1|_Acanthamoeba_polyphaga_mimivirus,_complete_genome	80.645	93	17	1	2087	2179	517259	517350	1.01e-14	84.2
ERR3077547.sra.3298	gi|531034792|ref|NC_022098.1|_Pandoravirus_salinus,_complete_genome	88.889	45	3	1	1737	1779	372108	372152	1.78e-06	57.2
ERR3077547.sra.3301	NC_003454_451529_453030	88.068	176	11	6	4105	4279	1489	1323	6.37e-51	205
ERR3077547.sra.3310	NC_004070_17066_18620	90.123	81	3	3	50	129	1467	1543	3.70e-20	102
ERR3077547.sra.3333	CP001015	83.254	1475	107	59	2158	3510	1457	1	0.0	1407
ERR3077547.sra.3398	gi|441431943|ref|NC_020104.1|_Acanthamoeba_polyphaga_moumouvirus,_complete_genome	69.006	171	42	5	2688	2849	753219	753051	1.85e-06	57.2
ERR3077547.sra.3433	Y13366	86.822	129	4	7	77	197	1385	1508	1.96e-30	136
ERR3077547.sra.3453	AF287791	79.733	1273	123	72	2219	3407	1	1222	0.0	930
ERR3077547.sra.3463	NC_021350_359864_361325	73.913	230	45	9	2378	2601	1443	1223	6.60e-25	118
ERR3077547.sra.3478	NC_000907_127172_128720	87.640	178	16	4	2405	2579	1549	1375	9.09e-53	210
ERR3077547.sra.3487	gi|441431943|ref|NC_020104.1|_Acanthamoeba_polyphaga_moumouvirus,_complete_genome	71.127	142	29	4	1242	1371	474869	474728	7.08e-09	64.4
ERR3077547.sra.3576	gi|32453825|ref|NC_004927.1|_Halovirus_HF1,_complete_genome	86.207	58	8	0	1327	1384	20743	20800	1.41e-10	69.8
ERR3077547.sra.3672	GU414239	91.111	360	8	10	3031	3373	1	353	1.26e-134	482
ERR3077547.sra.3712	gi|9631294|ref|NC_001993.1|_Melanoplus_sanguinipes_entomopoxvirus,_complete_genome	82.456	57	9	1	1761	1817	94340	94285	3.59e-06	55.4
ERR3077547.sra.3741	AF287809	77.529	1562	137	85	3070	4471	4	1511	0.0	1045
ERR3077547.sra.3840	NC_007146_193215_194753	85.220	1387	89	59	1555	2851	1536	176	0.0	1416
ERR3077547.sra.3886	NC_018706_214504_216058	82.474	97	15	1	3318	3412	3	99	1.97e-18	96.9
ERR3077547.sra.3986	CP001015	79.878	1481	135	76	646	1986	1458	1	0.0	1131
ERR3077547.sra.3994	gi|821316663|ref|NC_023876.2|_Andrographis_yellow_vein_leaf_curl_betasatellite_clone_bt-2,_complete_sequence	77.500	80	15	2	10	88	832	755	1.44e-06	57.2
ERR3077547.sra.3995	NC_022584_1536869_1538421	89.815	216	7	5	81	287	211	2	1.29e-74	282
ERR3077547.sra.4048	NC_021040_348381_351031	79.570	93	13	4	1409	1495	2583	2491	1.61e-10	69.8
ERR3077547.sra.4049	gi|660515655|ref|NC_024451.1|_Armadillidium_vulgare_iridescent_virus_complete_genome	79.710	69	12	1	1781	1849	77921	77987	4.22e-07	59.0
ERR3077547.sra.4050	NC_021018_3070260_3072809	86.885	61	5	3	953	1012	237	179	3.94e-09	64.4
ERR3077547.sra.4068	NC_021350_359864_361325	75.439	228	44	6	1406	1623	1368	1143	9.27e-33	143
ERR3077547.sra.4235	gi|51874225|ref|NC_001716.2|_Human_herpesvirus_7,_complete_genome	81.034	58	11	0	3028	3085	129569	129512	5.43e-06	55.4
ERR3077547.sra.4318	NC_021009_505857_508732	79.487	78	11	3	143	216	282	206	9.39e-08	60.8
ERR3077547.sra.4336	gi|582973099|ref|NC_023426.1|_Anomala_cuprea_entomopoxvirus_DNA,_complete_genome,_strain:_CV6M	81.967	61	9	1	60	118	31306	31366	3.16e-07	59.0
ERR3077547.sra.4351	NC_013715_1592163_1593688	87.136	894	50	40	74	933	882	20	0.0	973
ERR3077547.sra.4365	gi|113200747|ref|NC_008300.1|_Melon_yellow_spot_virus_segment_S,_complete_sequence	80.882	68	9	2	1655	1718	2062	1995	4.83e-07	59.0
ERR3077547.sra.4366	NC_020450_475434_475549	80.000	85	11	5	1156	1234	19	103	6.86e-08	60.8
ERR3077547.sra.4367	NC_016809_179310_180858	90.308	454	19	15	3	442	1105	1547	2.66e-163	576
ERR3077547.sra.4433	AF287785	82.412	1501	144	67	954	2354	1513	33	0.0	1323
ERR3077547.sra.4450	AY349380	86.308	650	24	28	1673	2289	3	620	0.0	704
ERR3077547.sra.4557	NC_021350_359864_361325	68.539	356	87	14	1856	2195	1452	1106	1.23e-18	96.9
ERR3077547.sra.4583	gi|157953191|ref|NC_009899.1|_Paramecium_bursaria_Chlorella_virus_AR158,_complete_genome	83.607	61	8	2	865	924	172274	172215	4.57e-07	59.0
ERR3077547.sra.4585	CP000725	79.806	1545	157	86	810	2240	1504	1	0.0	1131
ERR3077547.sra.4594	AY613590	85.861	1563	93	69	744	2210	1531	1	0.0	1627
ERR3077547.sra.4630	NC_009566_376402_377942	88.540	1562	76	53	514	1993	1541	1	0.0	1864
ERR3077547.sra.4668	gi|56694721|ref|NC_006560.1|_Cercopithecine_herpesvirus_2,_complete_genome	75.000	88	13	3	10	97	9174	9096	2.04e-06	55.4
ERR3077547.sra.4672	NC_007146_193215_194753	88.288	1110	60	38	908	1959	1	1098	0.0	1308
ERR3077547.sra.4744	gi|9630966|ref|NC_001973.1|_Lymantria_dispar_MNPV,_complete_genome	74.138	116	19	4	872	986	76046	76151	2.24e-09	66.2
ERR3077547.sra.4848	gi|441431943|ref|NC_020104.1|_Acanthamoeba_polyphaga_moumouvirus,_complete_genome	76.821	151	28	4	3021	3167	474727	474874	1.52e-20	104
ERR3077547.sra.5050	NC_021350_359864_361325	68.201	478	113	21	2312	2767	992	1452	5.12e-25	118
ERR3077547.sra.5160	NC_009567_443072_444611	78.070	1026	87	61	1828	2754	4	990	0.0	686
ERR3077547.sra.5214	AJ006965	87.339	1477	74	62	787	2171	1456	1	0.0	1644
ERR3077547.sra.5293	NC_021009_505857_508732	70.588	255	57	9	3252	3493	186	435	5.76e-19	98.7
ERR3077547.sra.5308	gi|441431943|ref|NC_020104.1|_Acanthamoeba_polyphaga_moumouvirus,_complete_genome	73.333	150	30	7	565	707	474873	474727	6.00e-10	68.0
ERR3077547.sra.5397	NC_022111_1520371_1521887	88.765	988	34	41	75	1005	968	1	0.0	1166
ERR3077547.sra.5512	NC_020450_475434_475549	81.928	83	11	3	2827	2906	100	19	2.26e-11	73.4
ERR3077547.sra.5833	NC_021281_93861_95367	84.707	1504	87	74	723	2131	1507	52	0.0	1471
ERR3077547.sra.5887	AY613590	85.246	1159	49	51	88	1141	397	1538	0.0	1200
ERR3077547.sra.5930	AY485603	87.234	564	31	23	3342	3871	1468	912	5.35e-178	627
ERR3077547.sra.5982	AY613590	85.468	1569	91	76	116	1583	1533	1	0.0	1582
ERR3077547.sra.6043	NC_021350_359864_361325	73.069	479	103	16	1962	2432	992	1452	1.22e-59	233
ERR3077547.sra.6044	gi|62422552|ref|NC_006966.1|_Deerpox_virus_W-848-83,_complete_genome	79.221	77	14	2	2469	2545	75659	75585	1.12e-07	60.8
ERR3077547.sra.6054	GU470910	78.288	479	51	25	54	506	1022	1473	6.54e-89	331
ERR3077547.sra.6272	AF385525	88.378	413	25	17	1672	2077	5	401	1.15e-132	475
ERR3077547.sra.6369	gi|32453825|ref|NC_004927.1|_Halovirus_HF1,_complete_genome	83.051	59	8	2	1512	1569	20800	20743	4.56e-06	55.4
ERR3077547.sra.6418	DQ160208	88.612	1484	72	55	774	2179	1465	1	0.0	1755
ERR3077547.sra.6497	NC_000907_127172_128720	80.000	525	48	29	1567	2045	1544	1031	3.02e-108	394
ERR3077547.sra.6504	gi|582973099|ref|NC_023426.1|_Anomala_cuprea_entomopoxvirus_DNA,_complete_genome,_strain:_CV6M	84.615	52	7	1	1495	1546	131716	131766	3.67e-06	55.4
ERR3077547.sra.6532	AM238669	84.431	334	26	16	3925	4240	1471	1146	1.14e-85	320
ERR3077547.sra.6557	AY613590	83.822	1057	60	52	69	1030	495	1535	0.0	1002
ERR3077547.sra.6642	gi|363539767|ref|NC_016072.1|_Megavirus_chiliensis,_complete_genome	84.746	59	3	3	646	699	783238	783295	4.63e-07	59.0
ERR3077547.sra.6679	gi|158380386|ref|NC_009552.2|_Geobacillus_virus_E2,_complete_genome	68.205	195	48	5	858	1043	37920	37731	3.27e-08	62.6
ERR3077547.sra.6784	NC_021281_93861_95367	87.688	398	21	17	1687	2063	1505	1115	5.54e-124	446
ERR3077547.sra.6812	NC_021350_359864_361325	70.539	482	110	17	2102	2563	986	1455	4.65e-44	181
ERR3077547.sra.6887	NC_021281_93861_95367	89.761	752	36	27	56	773	745	1	0.0	924
ERR3077547.sra.6893	NC_021350_359864_361325	77.124	153	32	2	802	953	1221	1371	1.82e-23	113
ERR3077547.sra.6901	AM887529	87.259	1036	55	40	1863	2847	1	1010	0.0	1164
ERR3077547.sra.6959	AY323523	92.603	365	13	7	2631	2982	1	364	1.55e-145	518
ERR3077547.sra.6993	NC_022516_18896_20437	84.416	154	8	8	81	220	1391	1542	3.37e-34	149
ERR3077547.sra.7117	AY277941	92.232	1519	41	42	280	1732	1508	1	0.0	2087
ERR3077547.sra.7201	gi|314055095|ref|NC_014789.1|_Ostreococcus_tauri_virus_2,_complete_genome	75.163	153	26	7	2988	3134	9334	9188	1.43e-14	84.2
ERR3077547.sra.7224	NC_018706_214504_216058	78.481	79	7	4	1034	1104	120	44	1.16e-06	57.2
ERR3077547.sra.7398	NC_021350_359864_361325	73.333	270	54	11	575	837	1445	1187	4.06e-28	129
ERR3077547.sra.7453	gi|310830989|ref|NC_014637.1|_Cafeteria_roenbergensis_virus_BV-PW1,_complete_genome	79.452	73	9	3	2525	2592	513487	513558	2.15e-06	57.2
ERR3077547.sra.7515	NC_000907_127172_128720	80.964	415	26	20	510	893	1549	1157	1.37e-95	351
ERR3077547.sra.7542	NC_021040_348381_351031	80.769	130	22	3	2289	2418	2604	2478	6.42e-23	111
ERR3077547.sra.7591	AF543300	86.294	1503	92	73	757	2187	1	1461	0.0	1555
ERR3077547.sra.7631	NC_021020_589522_591540	88.000	50	4	1	56	103	188	237	2.07e-07	60.8
ERR3077547.sra.7683	gi|635546946|ref|NC_024112.1|_Jingmen_Tick_Virus_isolate_SY84_segment_2,_complete_sequence	83.544	79	1	2	1153	1231	2781	2847	3.71e-15	86.0
ERR3077547.sra.7708	NC_021040_348381_351031	74.534	161	27	8	2057	2205	2602	2444	2.80e-14	82.4
ERR3077547.sra.7718	NC_016809_179310_180858	87.552	482	28	25	1403	1856	1549	1072	1.18e-144	515
ERR3077547.sra.7747	gi|441431943|ref|NC_020104.1|_Acanthamoeba_polyphaga_moumouvirus,_complete_genome	76.923	91	20	1	167	257	474859	474770	3.79e-09	66.2
ERR3077547.sra.7748	NC_021350_359864_361325	71.359	206	35	13	84	270	1260	1460	2.77e-10	69.8
ERR3077547.sra.7815	NC_007146_193215_194753	91.285	1113	24	37	970	2020	1	1102	0.0	1469
ERR3077547.sra.7892	gi|314055095|ref|NC_014789.1|_Ostreococcus_tauri_virus_2,_complete_genome	94.286	35	2	0	184	218	9371	9405	2.60e-06	55.4
ERR3077547.sra.7899	gi|441431943|ref|NC_020104.1|_Acanthamoeba_polyphaga_moumouvirus,_complete_genome	84.746	59	6	3	249	305	135866	135809	3.00e-06	55.4
ERR3077547.sra.7906	NC_021040_348381_351031	73.611	144	24	6	328	463	2448	2585	4.49e-12	75.2
ERR3077547.sra.7986	AY485603	86.672	1358	64	59	90	1363	142	1466	0.0	1472
ERR3077547.sra.8002	gi|363539767|ref|NC_016072.1|_Megavirus_chiliensis,_complete_genome	92.105	38	3	0	1762	1799	687882	687919	5.05e-06	55.4
ERR3077547.sra.8119	NC_021281_93861_95367	88.739	222	15	7	3450	3664	3	221	1.90e-69	266
ERR3077547.sra.8128	NC_007146_193215_194753	84.881	1131	81	48	45	1112	1104	1	0.0	1133
ERR3077547.sra.8129	NC_000907_127172_128720	78.704	324	33	18	3767	4067	1470	1160	6.44e-57	224
ERR3077547.sra.8130	gi|441431943|ref|NC_020104.1|_Acanthamoeba_polyphaga_moumouvirus,_complete_genome	85.455	55	7	1	2523	2577	101063	101010	1.11e-07	60.8
ERR3077547.sra.8156	gi|472342562|ref|NC_020864.1|_Micromonas_pusilla_virus_12T_genomic_sequence	72.626	179	34	7	583	748	195799	195975	8.91e-15	84.2
ERR3077547.sra.8157	AF125199	85.266	638	49	25	37	638	629	1	0.0	657
ERR3077547.sra.8161	AY613590	85.411	1556	88	68	1041	2478	1535	1	0.0	1602
ERR3077547.sra.8195	AF287783	87.970	133	5	8	112	239	127	1	4.12e-32	141
ERR3077547.sra.8243	AF538856	78.533	1500	179	64	733	2150	1	1439	0.0	1094
ERR3077547.sra.8375	NC_021281_93861_95367	89.791	382	8	16	3590	3941	1506	1126	9.26e-131	470
ERR3077547.sra.8450	AJ006965	84.667	1487	97	73	570	1962	6	1455	0.0	1443
ERR3077547.sra.8483	NC_021350_359864_361325	73.348	469	103	14	2124	2578	1452	992	2.07e-61	239
ERR3077547.sra.8499	gi|162329424|ref|NC_010153.1|_Acidianus_filamentous_virus_7,_complete_genome	84.483	58	6	2	2707	2762	8638	8582	4.17e-07	59.0
ERR3077547.sra.8566	AY613590	84.673	1207	94	52	1332	2481	3	1175	0.0	1191
ERR3077547.sra.8573	gi|508181800|ref|NC_021312.1|_Phaeocystis_globosa_virus_strain_16T,_complete_genome	73.636	110	24	3	1121	1227	289230	289123	2.59e-07	59.0
ERR3077547.sra.8886	NC_021009_505857_508732	72.868	258	51	12	169	415	435	186	2.52e-23	113
ERR3077547.sra.9142	NC_021281_93861_95367	75.163	153	19	10	2706	2842	69	218	1.49e-12	77.0
ERR3077547.sra.9161	gi|310830989|ref|NC_014637.1|_Cafeteria_roenbergensis_virus_BV-PW1,_complete_genome	76.136	88	17	3	4058	4145	153955	153872	7.29e-06	55.4
ERR3077547.sra.9168	AF003929	82.887	1455	110	75	1043	2382	1435	5	0.0	1288
ERR3077547.sra.9303	NC_022124_39613_41129	82.625	1554	130	79	2683	4139	7	1517	0.0	1355
ERR3077547.sra.9483	gi|363539767|ref|NC_016072.1|_Megavirus_chiliensis,_complete_genome	74.359	117	28	1	2622	2738	550412	550526	2.30e-11	73.4
ERR3077547.sra.9485	NC_020450_475434_475549	83.146	89	13	2	1708	1794	23	111	3.08e-15	86.0
ERR3077547.sra.9522	gi|441431943|ref|NC_020104.1|_Acanthamoeba_polyphaga_moumouvirus,_complete_genome	71.613	155	38	3	1740	1892	474712	474862	2.38e-11	73.4
ERR3077547.sra.9522	gi|441431943|ref|NC_020104.1|_Acanthamoeba_polyphaga_moumouvirus,_complete_genome	79.365	63	13	0	1753	1815	290967	290905	6.40e-06	55.4
ERR3077547.sra.9568	gi|448824968|ref|NC_020232.1|_Megavirus_lba_isolate_LBA111,_complete_genome	94.595	37	2	0	2665	2701	53099	53135	4.01e-07	59.0
ERR3077547.sra.9688	NC_021040_348381_351031	81.308	107	13	5	2257	2356	2599	2493	7.76e-16	87.8
ERR3077547.sra.9696	NC_021281_93861_95367	81.034	174	19	5	3387	3554	1506	1341	2.41e-36	156
ERR3077547.sra.9706	M59055	74.847	163	13	13	2178	2323	6	157	1.21e-12	77.0
ERR3077547.sra.9720	NC_021350_359864_361325	73.881	134	27	6	1586	1716	994	1122	8.23e-09	64.4
ERR3077547.sra.9723	NC_021350_359864_361325	73.077	182	42	5	2414	2588	1401	1220	6.18e-17	91.5
ERR3077547.sra.9748	DQ087188	82.258	124	15	5	96	214	122	1	2.91e-22	109
ERR3077547.sra.9773	AY613590	81.432	1578	121	95	508	1956	1538	4	0.0	1252
ERR3077547.sra.9777	DQ160208	85.657	1485	99	66	471	1891	21	1455	0.0	1525
ERR3077547.sra.9785	NC_015875_2081382_2082934	81.717	361	28	20	58	394	354	8	2.35e-79	298
ERR3077547.sra.9820	gi|441431943|ref|NC_020104.1|_Acanthamoeba_polyphaga_moumouvirus,_complete_genome	78.676	136	24	4	1243	1376	474872	474740	2.90e-20	102
ERR3077547.sra.9926	NC_017591_15331_16889	83.828	674	53	26	107	737	899	1559	0.0	657
ERR3077547.sra.9929	NC_009567_443072_444611	84.552	1573	101	67	387	1856	1538	5	0.0	1568
ERR3077547.sra.10004	gi|165969010|ref|NC_010276.1|_Orgyia_leucostigma_NPV,_complete_genome	84.211	57	7	2	481	536	23651	23596	4.13e-06	55.4
ERR3077547.sra.10055	gi|441431943|ref|NC_020104.1|_Acanthamoeba_polyphaga_moumouvirus,_complete_genome	72.832	173	39	4	2181	2346	474723	474894	3.90e-16	89.7
ERR3077547.sra.10072	NC_009567_443072_444611	82.921	1575	110	90	303	1753	1	1540	0.0	1366
ERR3077547.sra.10092	NC_021281_93861_95367	91.265	332	22	7	3054	3380	1480	1151	1.11e-122	443
ERR3077547.sra.10103	NC_000907_127172_128720	97.059	34	1	0	56	89	1516	1549	1.44e-06	57.2
ERR3077547.sra.10120	gi|363539767|ref|NC_016072.1|_Megavirus_chiliensis,_complete_genome	86.957	46	5	1	90	135	720919	720875	9.53e-06	53.6
ERR3077547.sra.10152	NC_015875_2081382_2082934	80.903	288	31	15	2766	3036	1	281	1.40e-57	226
ERR3077547.sra.10194	AY323523	85.516	1443	86	67	71	1422	1411	1	0.0	1469
ERR3077547.sra.10296	DQ160208	80.289	1451	135	78	247	1577	1429	10	0.0	1112
ERR3077547.sra.10304	NC_003028_15344_16903	90.271	442	18	14	2129	2560	1560	1134	3.56e-159	563
ERR3077547.sra.10354	NC_009566_376402_377942	79.623	1168	82	75	89	1148	422	1541	0.0	836
ERR3077547.sra.10460	NC_018706_214504_216058	77.333	75	11	1	822	890	85	11	5.87e-08	60.8
ERR3077547.sra.10461	AY277941	81.484	1550	122	76	957	2383	1508	1	0.0	1308
ERR3077547.sra.10573	NC_008767_46638_48181	78.391	1106	99	66	53	1045	418	1496	0.0	746
ERR3077547.sra.10626	NC_014920_160651_162199	82.278	1326	102	71	1323	2547	5	1298	0.0	1131
ERR3077547.sra.10804	NC_015964_438409_439961	72.074	1239	193	75	94	1200	307	1524	2.05e-132	475
ERR3077547.sra.10857	NC_021350_359864_361325	69.018	326	70	14	748	1051	1458	1142	6.21e-19	98.7
ERR3077547.sra.10900	GQ422727	86.629	703	36	29	405	1070	860	1541	0.0	765
ERR3077547.sra.10964	AY277941	86.704	1068	69	35	1312	2317	1508	452	0.0	1195
ERR3077547.sra.11026	gi|506498026|ref|NC_021247.1|_Adoxophyes_honmai_enomopoxvirus_'L',_complete_genome	82.456	57	8	1	1701	1757	221064	221010	6.80e-06	55.4
ERR3077547.sra.11034	NC_009566_376402_377942	79.877	810	53	42	75	792	315	1106	1.27e-180	636
ERR3077547.sra.11041	gi|314055095|ref|NC_014789.1|_Ostreococcus_tauri_virus_2,_complete_genome	73.611	144	29	6	2075	2212	9334	9194	1.81e-10	69.8
ERR3077547.sra.11060	NC_000907_127172_128720	85.776	464	34	27	61	507	449	1	8.57e-124	446
ERR3077547.sra.11085	NC_009566_376402_377942	78.729	724	61	44	60	703	711	1	6.92e-139	497
ERR3077547.sra.11151	NC_021350_359864_361325	70.564	479	92	24	312	759	1452	992	2.96e-39	165
ERR3077547.sra.11273	gi|339905986|ref|NC_015780.1|_Wiseana_iridescent_virus,_complete_genome	81.667	60	10	1	603	661	116180	116121	5.67e-06	55.4
ERR3077547.sra.11353	gi|311977355|ref|NC_014649.1|_Acanthamoeba_polyphaga_mimivirus,_complete_genome	72.614	241	57	7	853	1088	518146	518382	4.14e-24	114
ERR3077547.sra.11353	gi|311977355|ref|NC_014649.1|_Acanthamoeba_polyphaga_mimivirus,_complete_genome	74.534	161	32	6	885	1039	322244	322401	5.76e-16	87.8
ERR3077547.sra.11411	gi|441431943|ref|NC_020104.1|_Acanthamoeba_polyphaga_moumouvirus,_complete_genome	82.727	110	16	3	63	170	474744	474852	3.11e-20	102
ERR3077547.sra.11411	gi|441431943|ref|NC_020104.1|_Acanthamoeba_polyphaga_moumouvirus,_complete_genome	75.962	104	25	0	71	174	290939	290836	4.32e-12	75.2
ERR3077547.sra.11436	NC_016776_3243020_3244552	88.889	81	5	2	71	151	77	1	1.20e-19	100
ERR3077547.sra.11650	NC_021040_348381_351031	81.308	107	13	6	3408	3508	2586	2481	5.17e-14	82.4
ERR3077547.sra.11689	NC_021040_348381_351031	75.000	168	28	8	2386	2544	2597	2435	6.47e-17	91.5
ERR3077547.sra.11712	gi|508181800|ref|NC_021312.1|_Phaeocystis_globosa_virus_strain_16T,_complete_genome	73.077	104	21	3	977	1073	184796	184899	4.01e-06	55.4
ERR3077547.sra.12017	gi|340025671|ref|NC_000852.5|_Paramecium_bursaria_Chlorella_virus_1,_complete_genome	78.205	78	15	1	2710	2785	165328	165405	4.10e-08	62.6
ERR3077547.sra.12017	gi|340025671|ref|NC_000852.5|_Paramecium_bursaria_Chlorella_virus_1,_complete_genome	81.034	58	11	0	2720	2777	165511	165568	6.09e-06	55.4
ERR3077547.sra.12168	AF543300	86.719	1521	70	68	299	1729	1479	1	0.0	1645
ERR3077547.sra.12196	NC_021350_359864_361325	70.040	247	62	8	2159	2398	997	1238	6.95e-16	87.8
ERR3077547.sra.12438	NC_021040_348381_351031	78.704	108	14	7	162	265	2479	2581	8.30e-10	68.0
ERR3077547.sra.12451	NC_021009_505857_508732	71.875	256	52	10	3261	3503	186	434	1.07e-22	111
ERR3077547.sra.12479	NC_021040_348381_351031	79.048	105	16	3	1926	2024	2602	2498	3.27e-14	82.4
ERR3077547.sra.12550	NC_021040_348381_351031	77.397	146	20	8	1707	1845	2583	2444	5.81e-17	91.5
ERR3077547.sra.12569	AF287809	87.281	1368	73	55	1618	2924	1511	184	0.0	1526
ERR3077547.sra.12753	NC_016809_179310_180858	71.480	1115	150	70	60	1037	466	1549	2.72e-114	414
ERR3077547.sra.12959	NC_021040_348381_351031	75.940	133	28	4	441	571	2435	2565	4.16e-14	82.4
ERR3077547.sra.13025	gi|363539767|ref|NC_016072.1|_Megavirus_chiliensis,_complete_genome	68.421	209	51	8	1098	1300	361904	361705	1.70e-06	57.2
ERR3077547.sra.13030	AF543300	85.495	1496	106	61	87	1498	1469	1	0.0	1544
ERR3077547.sra.13033	NC_016809_179310_180858	87.179	273	16	12	3038	3292	1	272	2.90e-79	298
ERR3077547.sra.13066	gi|441431943|ref|NC_020104.1|_Acanthamoeba_polyphaga_moumouvirus,_complete_genome	73.333	135	22	6	899	1022	474871	474740	1.05e-09	68.0
ERR3077547.sra.13097	gi|441431943|ref|NC_020104.1|_Acanthamoeba_polyphaga_moumouvirus,_complete_genome	83.607	61	10	0	1044	1104	475884	475944	3.54e-09	66.2
ERR3077547.sra.13100	NC_009567_443072_444611	87.185	1389	71	53	1420	2728	6	1367	0.0	1561
ERR3077547.sra.13161	NC_022237_19478_21021	83.853	1573	97	73	230	1676	1542	1	0.0	1505
ERR3077547.sra.13163	AY613590	80.348	1608	145	94	249	1762	1	1531	0.0	1205
ERR3077547.sra.13225	AY613590	80.128	1565	138	85	109	1538	1536	10	0.0	1193
ERR3077547.sra.13232	AY613590	89.738	877	29	37	2314	3152	1536	683	0.0	1065
ERR3077547.sra.13232	AY613590	84.553	492	41	20	3185	3651	498	17	1.12e-135	486
ERR3077547.sra.13336	NC_021040_348381_351031	75.000	136	32	2	291	426	2451	2584	4.44e-15	86.0
ERR3077547.sra.13343	NC_021350_359864_361325	68.595	484	86	31	1544	1994	1442	992	9.88e-22	107
ERR3077547.sra.13347	NC_021350_359864_361325	68.367	392	98	11	931	1307	1034	1414	4.02e-26	122
ERR3077547.sra.13350	NC_015964_438409_439961	88.503	461	28	15	2214	2656	3	456	2.84e-154	547
ERR3077547.sra.13379	AY008313	87.450	757	39	34	1806	2518	1517	773	0.0	838
ERR3077547.sra.13480	NC_021350_359864_361325	70.626	463	114	14	1783	2230	1452	997	2.51e-43	179
ERR3077547.sra.13489	AF543300	78.377	1540	165	91	1239	2691	1479	21	0.0	1018
ERR3077547.sra.13567	NC_020450_475434_475549	83.516	91	12	3	3202	3290	22	111	4.02e-15	86.0
ERR3077547.sra.13644	gi|33622203|ref|NC_005068.1|_Cryptophlebia_leucotreta_granulovirus,_complete_genome	81.000	100	16	1	2496	2595	22141	22045	2.19e-17	93.3
ERR3077547.sra.13644	gi|33622203|ref|NC_005068.1|_Cryptophlebia_leucotreta_granulovirus,_complete_genome	79.808	104	19	1	2494	2595	22122	22019	7.64e-17	91.5
ERR3077547.sra.13644	gi|33622203|ref|NC_005068.1|_Cryptophlebia_leucotreta_granulovirus,_complete_genome	79.245	106	18	1	2494	2595	22172	22067	7.64e-17	91.5
ERR3077547.sra.13644	gi|33622203|ref|NC_005068.1|_Cryptophlebia_leucotreta_granulovirus,_complete_genome	74.038	104	25	1	2494	2595	22071	21968	1.06e-08	64.4
ERR3077547.sra.13644	gi|33622203|ref|NC_005068.1|_Cryptophlebia_leucotreta_granulovirus,_complete_genome	73.469	98	23	1	2498	2595	21984	21890	4.52e-07	59.0
ERR3077547.sra.13644	gi|33622203|ref|NC_005068.1|_Cryptophlebia_leucotreta_granulovirus,_complete_genome	73.196	97	23	1	2499	2595	22009	21916	1.58e-06	57.2
ERR3077547.sra.13644	gi|33622203|ref|NC_005068.1|_Cryptophlebia_leucotreta_granulovirus,_complete_genome	73.196	97	23	1	2499	2595	22035	21942	1.58e-06	57.2
ERR3077547.sra.13687	gi|109255272|ref|NC_008168.1|_Choristoneura_occidentalis_granulovirus,_complete_genome	86.792	53	7	0	2037	2089	19971	20023	7.59e-09	64.4
ERR3077547.sra.13694	NC_021350_359864_361325	76.800	125	24	2	133	252	1119	995	4.27e-17	91.5
ERR3077547.sra.13711	AY613590	87.021	1410	62	59	2228	3558	1	1368	0.0	1561
ERR3077547.sra.13753	gi|441431943|ref|NC_020104.1|_Acanthamoeba_polyphaga_moumouvirus,_complete_genome	81.356	59	10	1	910	968	835397	835454	9.25e-06	53.6
ERR3077547.sra.13996	NC_021009_505857_508732	73.006	163	28	6	2787	2936	186	345	1.15e-14	84.2
ERR3077547.sra.14025	NC_021350_359864_361325	70.276	471	110	19	1501	1947	1450	986	1.66e-37	159
ERR3077547.sra.14041	AY613590	86.388	1484	77	63	1739	3116	1533	69	0.0	1595
ERR3077547.sra.14058	gi|9630816|ref|NC_001962.1|_Bombyx_mori_NPV,_complete_genome	86.667	45	6	0	1562	1606	85360	85316	6.37e-06	55.4
ERR3077547.sra.14117	AF287810	79.278	748	60	45	1518	2200	1497	780	5.17e-150	533
ERR3077547.sra.14188	D50540	87.556	225	14	9	43	256	222	1	8.54e-66	253
ERR3077547.sra.14284	gi|506498026|ref|NC_021247.1|_Adoxophyes_honmai_enomopoxvirus_'L',_complete_genome	70.833	168	30	8	135	290	98058	97898	4.52e-09	64.4
ERR3077547.sra.14322	NC_016809_179310_180858	85.492	193	13	8	2540	2727	1	183	1.72e-49	199
ERR3077547.sra.14370	gi|761895455|ref|NC_001650.2|_Equid_herpesvirus_2_strain_86_67,_complete_genome	69.412	170	34	6	533	697	145777	145933	3.65e-08	62.6
ERR3077547.sra.14473	NC_003028_15344_16903	93.750	80	1	3	98	176	1484	1560	2.09e-23	113
ERR3077547.sra.14567	NC_021350_359864_361325	69.165	467	105	18	990	1432	1449	998	8.50e-34	147
ERR3077547.sra.14646	AY323523	84.925	995	62	46	1883	2808	1478	503	0.0	991
ERR3077547.sra.14662	NC_021040_348381_351031	76.866	134	20	4	2507	2631	2598	2467	5.58e-18	95.1
ERR3077547.sra.14723	NC_009567_443072_444611	83.767	1577	123	80	300	1786	2	1535	0.0	1449
ERR3077547.sra.14784	gi|363539767|ref|NC_016072.1|_Megavirus_chiliensis,_complete_genome	78.571	70	8	2	397	463	682564	682629	1.48e-06	57.2
ERR3077547.sra.14796	NC_021040_348381_351031	72.619	168	32	6	399	558	2435	2596	5.54e-14	82.4
ERR3077547.sra.14902	AJ006965	82.213	922	58	54	1792	2625	1449	546	0.0	776
ERR3077547.sra.14938	CP001015	84.984	959	70	39	73	990	533	1458	0.0	971
ERR3077547.sra.14990	NC_021281_93861_95367	83.871	620	49	26	1243	1824	4	610	4.37e-169	596
ERR3077547.sra.14994	gi|311977355|ref|NC_014649.1|_Acanthamoeba_polyphaga_mimivirus,_complete_genome	94.286	35	2	0	2590	2624	322275	322241	6.76e-06	55.4
ERR3077547.sra.15030	NC_021281_93861_95367	87.795	254	10	11	52	292	246	1	3.39e-76	288
ERR3077547.sra.15035	AY584476	82.945	1501	113	73	89	1478	1469	1	0.0	1353
ERR3077547.sra.15072	GU361860	85.742	1038	74	42	57	1032	1026	1	0.0	1085
ERR3077547.sra.15079	AY281082	83.333	1410	115	65	72	1387	1385	2	0.0	1299
ERR3077547.sra.15102	NC_000907_127172_128720	86.024	737	48	31	2206	2906	1549	832	0.0	774
ERR3077547.sra.15121	NC_007146_193215_194753	79.445	1586	177	87	1088	2574	1539	4	0.0	1133
ERR3077547.sra.15190	AF385525	85.956	1125	77	48	2107	3173	5	1106	0.0	1175
ERR3077547.sra.15201	DQ905872	85.994	1585	95	72	1344	2851	26	1560	0.0	1647
ERR3077547.sra.15222	CP000725	80.974	1540	149	80	1140	2565	1510	1	0.0	1225
ERR3077547.sra.15284	AY277941	86.382	1454	79	62	64	1445	98	1504	0.0	1557
ERR3077547.sra.15395	AF287810	86.018	329	21	13	1078	1385	1498	1174	2.22e-95	351
ERR3077547.sra.15451	gi|441431943|ref|NC_020104.1|_Acanthamoeba_polyphaga_moumouvirus,_complete_genome	74.691	162	35	6	2170	2329	474846	474689	2.76e-15	86.0
ERR3077547.sra.15451	gi|441431943|ref|NC_020104.1|_Acanthamoeba_polyphaga_moumouvirus,_complete_genome	69.595	148	37	3	2138	2281	290814	290957	3.84e-07	59.0
ERR3077547.sra.15462	NC_021040_348381_351031	83.696	92	12	2	431	520	2499	2589	2.25e-17	93.3
ERR3077547.sra.15509	gi|310830989|ref|NC_014637.1|_Cafeteria_roenbergensis_virus_BV-PW1,_complete_genome	68.657	201	47	8	483	674	370358	370551	1.21e-06	57.2
ERR3077547.sra.15569	gi|472342562|ref|NC_020864.1|_Micromonas_pusilla_virus_12T_genomic_sequence	67.808	292	76	8	489	764	195988	195699	8.60e-15	84.2
ERR3077547.sra.15632	NC_021281_93861_95367	85.996	1014	59	40	1543	2502	1507	523	0.0	1083
ERR3077547.sra.15667	gi|56692979|ref|NC_006553.1|_Avian_sapelovirus,_complete_genome	89.474	76	2	1	1631	1706	8289	8220	3.10e-20	102
ERR3077547.sra.15671	L06168	87.669	1476	90	54	1352	2761	1	1450	0.0	1694
ERR3077547.sra.15689	CP001015	88.934	1482	55	48	1841	3237	1458	1	0.0	1815
ERR3077547.sra.15712	gi|9964314|ref|NC_002520.1|_Amsacta_moorei_entomopoxvirus_'L',_complete_genome	78.667	75	14	2	470	543	136591	136664	1.25e-06	57.2
ERR3077547.sra.15790	gi|508181800|ref|NC_021312.1|_Phaeocystis_globosa_virus_strain_16T,_complete_genome	66.667	402	99	18	1586	1957	288963	289359	8.02e-11	71.6
ERR3077547.sra.15857	FJ983115	86.558	491	32	21	79	556	444	913	6.42e-148	524
ERR3077547.sra.15932	CP001015	81.207	1309	114	66	1943	3187	1	1241	0.0	1074
ERR3077547.sra.15962	gi|50428954|ref|NC_006061.1|_Potato_yellow_vein_virus_segment_3,_complete_sequence	82.258	62	8	2	488	548	911	852	2.24e-06	57.2
ERR3077547.sra.15991	NC_021350_359864_361325	70.256	195	43	8	209	390	1331	1139	6.00e-10	68.0
ERR3077547.sra.16040	NC_021040_348381_351031	84.677	124	15	4	708	829	2478	2599	1.23e-26	123
ERR3077547.sra.16040	NC_021040_348381_351031	91.667	48	1	2	509	556	2258	2302	3.52e-08	62.6
ERR3077547.sra.16228	NC_020450_475434_475549	81.176	85	14	2	1178	1261	102	19	4.39e-12	75.2
ERR3077547.sra.16253	NC_022196_81192_82698	85.698	874	52	40	108	937	661	1505	0.0	899
ERR3077547.sra.16296	CP001015	84.144	1337	99	60	90	1349	158	1458	0.0	1287
ERR3077547.sra.16395	gi|377829940|ref|NC_016924.1|_Cotia_virus_SPAn232,_complete_genome	83.333	54	7	1	3427	3480	50015	49964	6.85e-06	55.4
ERR3077547.sra.16414	gi|441431943|ref|NC_020104.1|_Acanthamoeba_polyphaga_moumouvirus,_complete_genome	78.000	100	19	3	1452	1549	299108	299206	5.77e-11	71.6
ERR3077547.sra.16525	gi|441431943|ref|NC_020104.1|_Acanthamoeba_polyphaga_moumouvirus,_complete_genome	76.692	133	21	7	327	457	474852	474728	4.45e-13	78.8
ERR3077547.sra.16527	NC_022196_81192_82698	78.900	1564	151	93	591	2035	4	1507	0.0	1076
ERR3077547.sra.16536	DQ160208	88.754	1316	74	44	1820	3085	1	1292	0.0	1575
ERR3077547.sra.16561	NC_021839_1492052_1493604	81.000	1600	196	70	561	2099	1553	1	0.0	1297
ERR3077547.sra.16643	NC_021350_359864_361325	68.633	373	80	23	1179	1537	977	1326	5.40e-12	75.2
ERR3077547.sra.16674	NC_013715_1592163_1593688	83.076	1164	111	49	105	1209	1137	1	0.0	1068
ERR3077547.sra.16695	NC_016809_179310_180858	89.167	120	9	4	56	172	119	1	1.35e-32	143
ERR3077547.sra.16883	NC_000907_127172_128720	86.425	663	41	35	91	724	643	1	0.0	677
ERR3077547.sra.16961	gi|66391208|ref|NC_007032.1|_Microplitis_demolitor_bracovirus_segment_F,_complete_genome	80.000	70	12	2	1045	1114	328	395	1.01e-06	57.2
ERR3077547.sra.17010	AY005027	80.251	557	44	30	2460	2977	1470	941	5.06e-120	434
ERR3077547.sra.17012	NC_007146_193215_194753	84.995	953	56	41	2374	3255	1	937	0.0	967
ERR3077547.sra.17079	NC_020450_475434_475549	81.176	85	12	2	2607	2688	103	20	1.57e-12	77.0
ERR3077547.sra.17147	gi|509139559|ref|NC_021320.1|_Halovirus_HRTV-5,_complete_genome	84.615	52	7	1	354	405	55937	55887	3.22e-06	55.4
ERR3077547.sra.17180	NC_022196_81192_82698	85.432	1517	95	72	69	1509	40	1506	0.0	1528
ERR3077547.sra.17200	gi|9964314|ref|NC_002520.1|_Amsacta_moorei_entomopoxvirus_'L',_complete_genome	87.500	48	5	1	1574	1621	175130	175084	8.02e-07	57.2
ERR3077547.sra.17277	NC_000907_127172_128720	82.667	450	35	24	1892	2303	3	447	4.18e-107	390
ERR3077547.sra.17443	gi|310830989|ref|NC_014637.1|_Cafeteria_roenbergensis_virus_BV-PW1,_complete_genome	89.130	46	5	0	789	834	8428	8473	1.31e-07	60.8
ERR3077547.sra.17443	gi|310830989|ref|NC_014637.1|_Cafeteria_roenbergensis_virus_BV-PW1,_complete_genome	90.476	42	4	0	789	830	518239	518280	4.56e-07	59.0
ERR3077547.sra.17443	gi|310830989|ref|NC_014637.1|_Cafeteria_roenbergensis_virus_BV-PW1,_complete_genome	88.889	45	5	0	790	834	518339	518383	4.56e-07	59.0
ERR3077547.sra.17443	gi|310830989|ref|NC_014637.1|_Cafeteria_roenbergensis_virus_BV-PW1,_complete_genome	86.957	46	6	0	789	834	8311	8356	1.59e-06	57.2
ERR3077547.sra.17443	gi|310830989|ref|NC_014637.1|_Cafeteria_roenbergensis_virus_BV-PW1,_complete_genome	88.636	44	5	0	789	832	22669	22712	1.59e-06	57.2
ERR3077547.sra.17447	NC_021040_348381_351031	79.570	93	14	3	649	739	2513	2602	2.94e-11	73.4
ERR3077547.sra.17453	CP000725	90.000	960	42	31	90	1003	558	1509	0.0	1207
ERR3077547.sra.17501	NC_021350_359864_361325	78.571	336	59	8	96	420	1460	1127	7.43e-67	257
ERR3077547.sra.17509	AY613590	84.682	1508	99	70	2753	4157	1531	53	0.0	1481
ERR3077547.sra.17569	NC_021350_359864_361325	67.544	228	59	6	1973	2185	1140	1367	8.05e-09	64.4
ERR3077547.sra.17620	NC_021281_93861_95367	97.000	100	1	2	2341	2440	1507	1410	1.36e-37	159
ERR3077547.sra.17639	gi|157939776|ref|NC_009893.1|_Tomato_yellow_dwarf_disease_associated_satellite_DNA_beta-[Kochi]_virus,_complete_genome	75.758	99	17	3	630	724	855	950	6.92e-09	64.4
ERR3077547.sra.17663	AY613590	84.268	1570	117	72	457	1932	1534	1	0.0	1510
ERR3077547.sra.17743	NC_007146_193215_194753	78.125	576	51	33	3577	4105	4	551	7.46e-107	390
ERR3077547.sra.17754	gi|313767999|ref|NC_014765.1|_Bathycoccus_sp._RCC1105_virus_BpV1,_complete_genome	74.545	110	24	3	2211	2317	11561	11453	3.17e-08	62.6
ERR3077547.sra.17800	NC_021281_93861_95367	89.773	176	6	7	3397	3565	1507	1337	2.93e-54	215
ERR3077547.sra.17811	gi|363539767|ref|NC_016072.1|_Megavirus_chiliensis,_complete_genome	87.234	47	6	0	1053	1099	843121	843167	3.53e-07	59.0
ERR3077547.sra.17909	NC_020450_475434_475549	87.324	71	8	1	1018	1088	19	88	8.03e-15	84.2
ERR3077547.sra.17937	gi|363539767|ref|NC_016072.1|_Megavirus_chiliensis,_complete_genome	76.531	98	20	3	2981	3075	550503	550406	3.66e-08	62.6
ERR3077547.sra.17942	NC_022196_81192_82698	84.301	465	35	21	135	577	1058	1506	7.28e-125	450
ERR3077547.sra.18109	AY613590	85.171	762	44	41	2546	3261	1534	796	0.0	742
ERR3077547.sra.18221	NC_021350_359864_361325	75.163	459	99	10	1427	1876	995	1447	2.84e-74	282
ERR3077547.sra.18296	gi|62443971|ref|NC_006967.1|_Deerpox_virus_W-1170-84,_complete_genome	92.308	39	3	0	850	888	67712	67750	1.38e-06	57.2
ERR3077547.sra.18389	AF287809	85.332	1534	98	64	1326	2755	1	1511	0.0	1579
ERR3077547.sra.18414	gi|166851932|ref|NC_010306.1|_Gill-associated_virus,_complete_genome	78.261	69	15	0	26	94	25693	25625	1.57e-06	57.2
ERR3077547.sra.18513	gi|441431943|ref|NC_020104.1|_Acanthamoeba_polyphaga_moumouvirus,_complete_genome	71.078	204	44	8	370	564	474916	474719	1.19e-13	80.6
ERR3077547.sra.18513	gi|441431943|ref|NC_020104.1|_Acanthamoeba_polyphaga_moumouvirus,_complete_genome	72.358	123	28	4	432	552	290842	290960	1.36e-06	57.2
ERR3077547.sra.18619	AJ810277	80.613	815	74	46	55	810	802	13	2.50e-178	627
ERR3077547.sra.18636	AY613590	79.510	1430	123	81	66	1400	183	1537	0.0	1047
ERR3077547.sra.18652	NC_014920_160651_162199	81.818	880	72	42	1141	1950	7	868	0.0	756
ERR3077547.sra.18708	AJ006965	87.808	1460	63	59	481	1849	1436	1	0.0	1669
ERR3077547.sra.18766	NC_017920_19966_21544	82.609	253	22	10	91	325	250	2	7.42e-60	233
ERR3077547.sra.18781	AF543300	80.395	1520	137	87	1067	2477	2	1469	0.0	1151
ERR3077547.sra.18789	NC_021040_348381_351031	79.825	114	15	5	717	824	2480	2591	9.56e-16	87.8
ERR3077547.sra.18798	gi|441431943|ref|NC_020104.1|_Acanthamoeba_polyphaga_moumouvirus,_complete_genome	74.627	134	28	2	388	516	474740	474872	2.64e-15	86.0
ERR3077547.sra.18836	NC_020450_475434_475549	81.928	83	11	4	591	669	19	101	5.83e-10	68.0
ERR3077547.sra.18887	gi|761895455|ref|NC_001650.2|_Equid_herpesvirus_2_strain_86_67,_complete_genome	87.755	49	6	0	27	75	10772	10820	3.09e-08	62.6
ERR3077547.sra.18887	gi|761895455|ref|NC_001650.2|_Equid_herpesvirus_2_strain_86_67,_complete_genome	87.755	49	6	0	27	75	177658	177706	3.09e-08	62.6
ERR3077547.sra.18904	gi|9964314|ref|NC_002520.1|_Amsacta_moorei_entomopoxvirus_'L',_complete_genome	78.788	66	14	0	1543	1608	210099	210034	1.25e-06	57.2
ERR3077547.sra.18907	NC_020450_475434_475549	82.143	84	6	6	3399	3474	101	19	3.42e-09	66.2
ERR3077547.sra.19018	AM157441	86.053	1011	69	47	1400	2369	45	1024	0.0	1041
ERR3077547.sra.19031	gi|9625955|ref|NC_001350.1|_Saimiriine_herpesvirus_2_complete_genome	68.978	274	64	11	1140	1402	106944	106681	1.64e-13	80.6
ERR3077547.sra.19031	gi|9625955|ref|NC_001350.1|_Saimiriine_herpesvirus_2_complete_genome	68.078	307	70	15	1110	1402	107042	106750	2.96e-10	69.8
ERR3077547.sra.19031	gi|9625955|ref|NC_001350.1|_Saimiriine_herpesvirus_2_complete_genome	66.944	360	80	19	841	1188	106937	106605	4.39e-08	62.6
ERR3077547.sra.19031	gi|9625955|ref|NC_001350.1|_Saimiriine_herpesvirus_2_complete_genome	70.149	201	38	12	1206	1402	107052	106870	5.35e-07	59.0
ERR3077547.sra.19032	AM238669	80.618	1522	128	89	704	2115	1471	7	0.0	1164
ERR3077547.sra.19063	EU929084.1:2062-3374	85.714	49	7	0	1668	1716	349	301	1.29e-06	57.2
ERR3077547.sra.19068	gi|543145307|ref|NC_022332.1|_Eel_picornavirus_1_strain_F15_05,_complete_genome	89.655	58	2	1	3402	3459	7486	7539	2.19e-12	77.0
ERR3077547.sra.19231	gi|508181800|ref|NC_021312.1|_Phaeocystis_globosa_virus_strain_16T,_complete_genome	67.261	449	111	17	2387	2808	288883	289322	1.06e-20	104
ERR3077547.sra.19304	gi|193506277|ref|NC_009737.2|_Bacillus_virus_1,_complete_genome	75.309	81	20	0	385	465	12820	12740	2.23e-06	57.2
ERR3077547.sra.19322	NC_018706_214504_216058	88.889	45	4	1	3742	3785	88	44	6.48e-06	55.4
ERR3077547.sra.19405	NC_021350_359864_361325	73.753	461	88	16	1887	2329	1452	1007	4.27e-63	244
ERR3077547.sra.19495	AJ006965	86.931	1385	80	57	1197	2499	1449	84	0.0	1516
ERR3077547.sra.19582	DQ344918	88.082	537	30	22	78	592	953	1477	5.83e-174	612
ERR3077547.sra.19585	NC_021350_359864_361325	72.512	211	53	3	1405	1612	1211	1419	8.24e-23	111
ERR3077547.sra.19622	gi|340025671|ref|NC_000852.5|_Paramecium_bursaria_Chlorella_virus_1,_complete_genome	86.275	51	7	0	382	432	165717	165767	1.37e-07	60.8
ERR3077547.sra.19622	gi|340025671|ref|NC_000852.5|_Paramecium_bursaria_Chlorella_virus_1,_complete_genome	84.314	51	8	0	382	432	165338	165388	1.67e-06	57.2
ERR3077547.sra.19622	gi|340025671|ref|NC_000852.5|_Paramecium_bursaria_Chlorella_virus_1,_complete_genome	84.314	51	8	0	382	432	165511	165561	1.67e-06	57.2
ERR3077547.sra.19642	gi|9964314|ref|NC_002520.1|_Amsacta_moorei_entomopoxvirus_'L',_complete_genome	68.125	160	36	4	2550	2707	107767	107913	5.42e-06	55.4
ERR3077547.sra.19651	gi|556333860|ref|NC_022643.1|_Betacoronavirus_Erinaceus_VMC_DEU_2012_isolate_ErinaceusCoV_2012-216_GER_2012,_complete_genome	82.759	58	9	1	83	140	3092	3036	1.21e-06	57.2
ERR3077547.sra.19664	AF287809	85.752	1144	76	53	2952	4029	1512	390	0.0	1168
ERR3077547.sra.19671	NC_021040_348381_351031	74.051	158	32	5	894	1046	2451	2604	4.21e-15	86.0
ERR3077547.sra.19934	AY613590	85.733	1556	99	72	657	2110	1538	4	0.0	1591
ERR3077547.sra.19961	NC_016809_179310_180858	81.618	952	84	47	70	949	614	1546	0.0	798
ERR3077547.sra.19973	NC_020450_475434_475549	78.161	87	11	4	1976	2056	19	103	8.73e-08	60.8
ERR3077547.sra.20004	NC_013715_1592163_1593688	87.631	1528	88	56	2074	3526	1	1502	0.0	1743
ERR3077547.sra.20047	CP001015	86.546	1494	95	61	1086	2509	1	1458	0.0	1609
ERR3077547.sra.20052	NC_021350_359864_361325	74.370	238	49	7	180	414	1439	1211	7.76e-30	134
ERR3077547.sra.20136	gi|163954976|ref|NC_010191.1|_Ostreococcus_virus_OsV5,_complete_genome	69.811	159	35	6	342	494	9962	10113	7.88e-06	55.4
ERR3077547.sra.20161	NC_021040_348381_351031	76.724	116	20	3	123	234	2492	2604	1.43e-13	80.6
ERR3077547.sra.20195	gi|313843970|ref|NC_014766.1|_Ostreococcus_lucimarinus_virus_OlV1,_complete_genome	67.729	251	67	10	1962	2205	16248	16005	4.87e-06	55.4
ERR3077547.sra.20239	gi|441431943|ref|NC_020104.1|_Acanthamoeba_polyphaga_moumouvirus,_complete_genome	84.615	52	7	1	305	355	699589	699640	2.84e-06	55.4
ERR3077547.sra.20244	CP001015	86.716	1483	75	63	587	1972	1458	1	0.0	1613
ERR3077547.sra.20271	NC_022196_81192_82698	90.176	397	18	12	2454	2836	1507	1118	9.27e-142	506
ERR3077547.sra.20338	NC_016809_179310_180858	91.358	324	13	11	70	385	317	1	6.04e-117	423
ERR3077547.sra.20366	NC_021350_359864_361325	72.358	123	25	3	2314	2429	997	1117	7.99e-09	64.4
ERR3077547.sra.20403	NC_013715_1592163_1593688	88.964	1178	44	45	65	1177	359	1515	0.0	1413
ERR3077547.sra.20433	NC_021350_359864_361325	73.176	466	102	17	960	1413	1450	996	5.40e-56	221
ERR3077547.sra.20464	AF543300	88.269	878	39	33	65	907	625	1473	0.0	1029
ERR3077547.sra.20475	SEQF1614	83.113	1208	97	54	69	1185	1201	10	0.0	1112
ERR3077547.sra.20531	AF145242	79.602	1206	142	58	64	1204	339	1505	0.0	901
ERR3077547.sra.20534	gi|9635240|ref|NC_002327.1|_Rice_grassy_stunt_virus_RNA_5,_complete_sequence	80.282	71	9	1	4	74	801	866	2.37e-09	66.2
ERR3077547.sra.20549	gi|313767999|ref|NC_014765.1|_Bathycoccus_sp._RCC1105_virus_BpV1,_complete_genome	68.293	205	53	6	796	994	11221	11419	9.50e-08	60.8
ERR3077547.sra.20567	gi|363539767|ref|NC_016072.1|_Megavirus_chiliensis,_complete_genome	86.957	46	6	0	193	238	353540	353585	9.60e-07	57.2
ERR3077547.sra.20650	gi|441431943|ref|NC_020104.1|_Acanthamoeba_polyphaga_moumouvirus,_complete_genome	78.049	82	12	4	259	335	845622	845702	4.69e-06	55.4
ERR3077547.sra.20874	gi|441431943|ref|NC_020104.1|_Acanthamoeba_polyphaga_moumouvirus,_complete_genome	90.698	43	3	1	1644	1685	627888	627846	1.43e-06	57.2
ERR3077547.sra.20889	AY879305	88.654	1516	64	51	1818	3242	1505	7	0.0	1826
ERR3077547.sra.21122	gi|506498610|ref|NC_021249.1|_Choristoneura_rosaceana_entomopoxvirus_'L',_complete_genome	73.109	119	23	5	456	572	6228	6339	1.27e-06	57.2
ERR3077547.sra.21122	gi|506498610|ref|NC_021249.1|_Choristoneura_rosaceana_entomopoxvirus_'L',_complete_genome	73.109	119	23	5	456	572	276668	276557	1.27e-06	57.2
ERR3077547.sra.21143	AF287810	87.146	848	43	37	73	869	665	1497	0.0	931
ERR3077547.sra.21161	AY323523	86.512	1468	101	62	692	2099	1	1431	0.0	1563
ERR3077547.sra.21342	NC_007146_193215_194753	84.073	1262	73	60	60	1221	306	1539	0.0	1214
ERR3077547.sra.21354	gi|310830989|ref|NC_014637.1|_Cafeteria_roenbergensis_virus_BV-PW1,_complete_genome	81.250	64	9	2	908	969	223227	223289	5.17e-06	55.4
ERR3077547.sra.21369	AF003929	89.482	1236	57	40	47	1223	1226	5	0.0	1528
ERR3077547.sra.21390	gi|163954976|ref|NC_010191.1|_Ostreococcus_virus_OsV5,_complete_genome	69.697	165	45	5	1685	1844	9949	10113	4.54e-06	55.4
ERR3077547.sra.21449	AF287809	87.844	872	39	39	4419	5239	1511	656	0.0	980
ERR3077547.sra.21514	gi|270358330|ref|NC_013221.1|_Phytophthora_infestans_RNA_virus_1_RNA2A,_complete_genome	95.161	62	3	0	2593	2654	2828	2767	4.45e-19	98.7
ERR3077547.sra.21598	NC_021350_359864_361325	67.722	474	109	21	1773	2214	1447	986	5.97e-23	111
ERR3077547.sra.21629	gi|363539767|ref|NC_016072.1|_Megavirus_chiliensis,_complete_genome	87.719	57	7	0	2284	2340	903843	903787	5.52e-11	71.6
ERR3077547.sra.21629	gi|363539767|ref|NC_016072.1|_Megavirus_chiliensis,_complete_genome	76.712	73	17	0	2281	2353	903858	903786	4.24e-06	55.4
ERR3077547.sra.21653	NC_016809_179310_180858	89.695	1572	76	50	236	1756	1541	5	0.0	1957
ERR3077547.sra.21744	gi|526118633|ref|NC_021858.1|_Pandoravirus_dulcis,_complete_genome	70.395	152	40	3	162	310	1726845	1726696	3.52e-08	62.6
ERR3077547.sra.21827	NC_021020_589522_591540	75.269	93	18	3	255	343	251	160	6.13e-06	55.4
ERR3077547.sra.21834	gi|32453825|ref|NC_004927.1|_Halovirus_HF1,_complete_genome	86.207	58	6	2	723	778	20800	20743	1.76e-08	62.6
ERR3077547.sra.21846	NC_018706_214504_216058	78.205	78	12	3	1603	1676	9	85	3.61e-06	55.4
ERR3077547.sra.21854	NC_016809_179310_180858	87.306	386	20	19	54	423	377	5	1.34e-114	416
ERR3077547.sra.21867	AJ006965	78.340	1482	167	74	1647	3009	1449	3	0.0	1031
ERR3077547.sra.21890	NC_021350_359864_361325	72.895	487	106	14	79	551	1460	986	4.85e-63	244
ERR3077547.sra.22002	NC_022196_81192_82698	83.607	366	24	16	64	402	1151	1507	3.58e-95	351
ERR3077547.sra.22014	gi|343469028|ref|NC_015928.1|_Vernonia_yellow_vein_Fujian_virus_betasatellite,_complete_genome	94.286	35	2	0	412	446	840	874	4.69e-06	55.4
ERR3077547.sra.22058	gi|15078713|ref|NC_003038.1|_Invertebrate_iridescent_virus_6,_complete_genome	89.583	48	3	2	821	867	48701	48655	1.11e-06	57.2
ERR3077547.sra.22064	gi|508181800|ref|NC_021312.1|_Phaeocystis_globosa_virus_strain_16T,_complete_genome	70.725	345	75	16	261	587	289359	289023	4.43e-25	118
ERR3077547.sra.22079	AF543300	80.843	1519	117	87	1489	2878	3	1476	0.0	1193
ERR3077547.sra.22106	GU361860	87.261	1515	89	59	433	1861	1497	1	0.0	1694
ERR3077547.sra.22124	NC_018690_284015_285558	92.000	50	2	2	2912	2960	5	53	2.79e-09	66.2
ERR3077547.sra.22125	gi|506498610|ref|NC_021249.1|_Choristoneura_rosaceana_entomopoxvirus_'L',_complete_genome	79.452	73	10	3	221	292	142224	142292	7.41e-06	55.4
ERR3077547.sra.22128	Y13364	80.576	417	38	23	113	501	402	1	1.90e-86	322
ERR3077547.sra.22174	NC_021350_359864_361325	72.281	469	104	15	1032	1486	996	1452	1.78e-54	215
ERR3077547.sra.22263	DQ160208	81.740	1506	135	75	1692	3111	1	1452	0.0	1265
ERR3077547.sra.22310	gi|311977355|ref|NC_014649.1|_Acanthamoeba_polyphaga_mimivirus,_complete_genome	70.588	221	51	10	2069	2278	518375	518158	1.61e-11	73.4
