ERR3077548.sra.8	NC_015663_220089_221642	91.571	261	13	7	93	344	1294	1554	1.47e-94	349
ERR3077548.sra.19	NC_014643_985110_986624	84.192	1145	93	50	1264	2350	2	1116	0.0	1103
ERR3077548.sra.53	NC_021066_3088508_3090061	84.958	472	34	21	107	555	1094	1551	4.68e-131	470
ERR3077548.sra.98	gi|509139559|ref|NC_021320.1|_Halovirus_HRTV-5,_complete_genome	83.929	56	8	1	1008	1062	55882	55937	7.20e-07	57.2
ERR3077548.sra.204	NC_015663_220089_221642	78.652	1588	159	88	509	1963	14	1554	0.0	1101
ERR3077548.sra.276	NC_017673_449361_451191	85.147	781	41	28	1212	1932	1831	1066	0.0	827
ERR3077548.sra.369	NC_015663_220089_221642	82.389	494	49	20	56	524	481	1	4.29e-123	443
ERR3077548.sra.389	NC_007793_512890_514444	83.945	1526	110	76	1540	2972	1	1484	0.0	1427
ERR3077548.sra.446	GQ064519	83.285	1376	109	71	110	1404	1336	1	0.0	1234
ERR3077548.sra.582	NC_017673_449361_451191	88.372	1075	61	40	62	1100	785	1831	0.0	1252
ERR3077548.sra.594	NC_017343_471974_473513	78.057	1431	148	75	452	1744	1534	132	0.0	976
ERR3077548.sra.672	GQ064519	76.444	1333	177	73	797	2055	92	1361	0.0	783
ERR3077548.sra.694	gi|311977355|ref|NC_014649.1|_Acanthamoeba_polyphaga_mimivirus,_complete_genome	72.340	141	34	4	1827	1966	367124	366988	2.10e-09	66.2
ERR3077548.sra.761	NC_021009_505857_508732	81.188	101	9	4	233	331	272	180	7.67e-16	87.8
ERR3077548.sra.791	NC_015663_220089_221642	83.376	1576	131	69	636	2104	3	1554	0.0	1469
ERR3077548.sra.855	NC_017342_3586_5125	86.042	1003	62	41	589	1550	1538	573	0.0	1063
ERR3077548.sra.1052	NC_021350_359864_361325	70.901	433	94	17	605	1014	987	1410	1.60e-39	165
ERR3077548.sra.1065	GQ070628	86.194	1369	100	58	1168	2479	3	1339	0.0	1436
ERR3077548.sra.1066	NC_021066_3088508_3090061	83.785	1585	135	73	434	1936	1549	5	0.0	1481
ERR3077548.sra.1127	NC_021009_505857_508732	85.556	90	6	6	2130	2214	192	279	7.92e-15	84.2
ERR3077548.sra.1272	NC_021009_505857_508732	82.653	98	10	4	1576	1671	180	272	1.38e-16	89.7
ERR3077548.sra.1306	NC_022226_483035_484865	86.866	1835	96	66	852	2571	1813	9	0.0	2060
ERR3077548.sra.1515	gi|441431943|ref|NC_020104.1|_Acanthamoeba_polyphaga_moumouvirus,_complete_genome	75.410	183	37	4	269	446	474920	474741	1.14e-24	116
ERR3077548.sra.1515	gi|441431943|ref|NC_020104.1|_Acanthamoeba_polyphaga_moumouvirus,_complete_genome	71.066	197	51	4	311	501	290812	291008	1.92e-15	86.0
ERR3077548.sra.1549	NC_013715_1592163_1593688	85.197	635	41	30	1717	2320	1526	914	2.18e-180	634
ERR3077548.sra.1567	gi|506497718|ref|NC_021246.1|_Mythimna_separata_entomopoxvirus_'L',_complete_genome	73.333	120	21	6	1256	1372	151714	151825	3.46e-06	55.4
ERR3077548.sra.1789	gi|700075216|ref|NC_025379.1|_Mamastrovirus_3_isolate_PAstV-GX1,_complete_genome	90.909	55	5	0	32	86	6706	6652	1.15e-12	77.0
ERR3077548.sra.1795	NC_015663_220089_221642	85.042	361	24	19	36	378	1205	1553	1.64e-94	349
ERR3077548.sra.1824	NC_015663_220089_221642	87.135	342	25	12	35	365	1221	1554	1.90e-104	381
ERR3077548.sra.1841	gi|506498274|ref|NC_021248.1|_Choristoneura_biennis_entomopoxvirus_'L',_complete_genome	79.710	69	9	3	743	808	190999	191065	5.59e-06	53.6
ERR3077548.sra.1964	NC_021066_3088508_3090061	85.799	169	7	8	1898	2058	1554	1395	1.49e-42	176
ERR3077548.sra.2014	gi|441431943|ref|NC_020104.1|_Acanthamoeba_polyphaga_moumouvirus,_complete_genome	73.626	182	38	6	901	1072	474894	474713	3.89e-18	95.1
ERR3077548.sra.2021	NC_021040_348381_351031	80.000	100	15	5	546	643	2493	2589	1.13e-11	73.4
ERR3077548.sra.2117	gi|118496614|ref|NC_008603.1|_Paramecium_bursaria_Chlorella_virus_FR483,_complete_genome	80.328	61	12	0	1630	1690	142505	142565	9.12e-07	57.2
ERR3077548.sra.2170	NC_021009_505857_508732	71.967	239	49	12	1264	1495	184	411	4.49e-17	91.5
ERR3077548.sra.2242	NC_015663_220089_221642	87.249	1396	78	57	57	1390	1369	12	0.0	1548
ERR3077548.sra.2257	NC_017673_449361_451191	79.822	337	28	19	1979	2297	1623	1309	2.64e-65	251
ERR3077548.sra.2257	NC_017673_449361_451191	81.579	152	9	9	1659	1802	1831	1691	2.64e-27	125
ERR3077548.sra.2393	NC_017845_228498_230028	81.571	1286	106	66	70	1285	307	1531	0.0	1072
ERR3077548.sra.2453	gi|441431943|ref|NC_020104.1|_Acanthamoeba_polyphaga_moumouvirus,_complete_genome	77.419	93	19	1	805	895	474849	474757	4.66e-11	71.6
ERR3077548.sra.2453	gi|441431943|ref|NC_020104.1|_Acanthamoeba_polyphaga_moumouvirus,_complete_genome	71.875	128	31	4	805	928	290843	290969	3.58e-06	55.4
ERR3077548.sra.2463	NC_013203_1457029_1458528	84.186	860	51	42	59	864	672	1500	0.0	825
ERR3077548.sra.2645	NC_021066_3088508_3090061	85.145	552	43	24	1302	1827	1554	1016	4.62e-156	553
ERR3077548.sra.2707	gi|42733078|ref|NC_005497.1|_Tomato_leaf_curl_Java_virus-[Ageratum]_satellite_DNA,_complete_genome	69.343	137	41	1	11	146	954	818	3.27e-06	55.4
ERR3077548.sra.2726	gi|506497718|ref|NC_021246.1|_Mythimna_separata_entomopoxvirus_'L',_complete_genome	71.034	145	29	7	248	391	244512	244380	9.83e-06	53.6
ERR3077548.sra.2728	gi|506498026|ref|NC_021247.1|_Adoxophyes_honmai_enomopoxvirus_'L',_complete_genome	84.615	52	6	1	991	1042	95582	95533	3.44e-06	55.4
ERR3077548.sra.2730	gi|509139559|ref|NC_021320.1|_Halovirus_HRTV-5,_complete_genome	85.185	54	6	2	1579	1630	55933	55880	3.42e-06	55.4
ERR3077548.sra.2972	NC_017540_397790_399343	81.970	1553	117	81	2105	3533	1	1514	0.0	1321
ERR3077548.sra.2982	GQ114905	79.224	1083	106	59	2068	3079	3	1037	0.0	780
ERR3077548.sra.2990	NC_021009_505857_508732	73.729	118	15	6	239	341	296	180	9.55e-08	60.8
ERR3077548.sra.3078	AF104675	84.541	621	36	27	1807	2398	1519	930	4.94e-176	619
ERR3077548.sra.3176	NC_016514_237096_238638	79.658	1519	152	82	91	1507	78	1541	0.0	1119
ERR3077548.sra.3208	gi|363539767|ref|NC_016072.1|_Megavirus_chiliensis,_complete_genome	81.538	65	9	2	2086	2148	385651	385714	1.09e-06	57.2
ERR3077548.sra.3212	NC_007622_473153_474707	80.126	478	40	32	1490	1930	1	460	5.62e-92	340
ERR3077548.sra.3330	GQ064519	84.310	1211	90	62	983	2122	2	1183	0.0	1139
ERR3077548.sra.3405	NC_017351_503713_505252	89.535	1462	63	56	76	1479	108	1537	0.0	1775
ERR3077548.sra.3512	NC_015663_220089_221642	76.555	1254	113	80	87	1211	1214	13	0.0	738
ERR3077548.sra.3607	NC_021040_348381_351031	73.377	154	27	7	1612	1755	2647	2498	4.38e-12	75.2
ERR3077548.sra.3622	NC_018661_518081_519633	88.953	172	9	6	63	227	1378	1546	8.88e-52	206
ERR3077548.sra.3665	NC_017540_397790_399343	85.143	175	10	10	91	253	171	1	3.26e-40	168
ERR3077548.sra.3704	NC_017673_449361_451191	89.189	481	27	16	101	573	1189	1652	4.46e-165	583
ERR3077548.sra.3704	NC_017673_449361_451191	87.565	193	3	8	672	848	1644	1831	1.67e-56	223
ERR3077548.sra.3726	gi|158380386|ref|NC_009552.2|_Geobacillus_virus_E2,_complete_genome	66.518	672	170	27	1057	1700	37802	38446	2.72e-27	125
ERR3077548.sra.3871	NC_021009_505857_508732	72.656	128	20	5	2132	2249	184	306	7.51e-09	64.4
ERR3077548.sra.3910	NC_015663_220089_221642	83.658	771	53	29	97	821	756	13	0.0	758
ERR3077548.sra.3935	gi|508181800|ref|NC_021312.1|_Phaeocystis_globosa_virus_strain_16T,_complete_genome	81.667	60	10	1	2324	2383	410499	410557	4.23e-06	55.4
ERR3077548.sra.4071	NC_021040_348381_351031	78.261	161	28	6	520	675	2593	2435	7.94e-24	113
ERR3077548.sra.4071	NC_021040_348381_351031	84.211	57	9	0	804	860	2311	2255	1.26e-08	62.6
ERR3077548.sra.4275	gi|363539767|ref|NC_016072.1|_Megavirus_chiliensis,_complete_genome	67.539	382	100	15	1378	1747	602496	602865	6.54e-15	84.2
ERR3077548.sra.4353	AB045731	80.462	952	86	58	2492	3367	1529	602	0.0	708
ERR3077548.sra.4422	NC_015663_220089_221642	89.372	414	21	17	143	538	1	409	1.05e-138	493
ERR3077548.sra.4447	gi|311977355|ref|NC_014649.1|_Acanthamoeba_polyphaga_mimivirus,_complete_genome	72.593	135	29	6	1321	1454	366988	367115	1.08e-06	57.2
ERR3077548.sra.4451	NC_015663_220089_221642	86.180	521	29	28	2405	2904	1553	1055	2.91e-148	527
ERR3077548.sra.4582	NC_021009_505857_508732	69.776	268	62	9	2106	2366	179	434	4.90e-18	95.1
ERR3077548.sra.4643	GQ070628	88.175	981	45	44	47	963	977	4	0.0	1112
ERR3077548.sra.4748	NC_017673_449361_451191	85.290	809	40	38	1484	2229	1831	1039	0.0	823
ERR3077548.sra.5175	gi|310830989|ref|NC_014637.1|_Cafeteria_roenbergensis_virus_BV-PW1,_complete_genome	72.500	120	23	5	1346	1459	451449	451334	3.72e-06	55.4
ERR3077548.sra.5273	NC_017673_449361_451191	88.009	442	19	21	1360	1779	1652	1223	1.06e-138	495
ERR3077548.sra.5273	NC_017673_449361_451191	89.785	186	7	7	1082	1260	1831	1651	6.70e-59	230
ERR3077548.sra.5276	gi|472342562|ref|NC_020864.1|_Micromonas_pusilla_virus_12T_genomic_sequence	87.234	47	5	1	718	764	182813	182768	3.28e-06	55.4
ERR3077548.sra.5395	NC_017673_449361_451191	85.505	1090	76	43	63	1113	785	1831	0.0	1133
ERR3077548.sra.5496	NC_015567_252738_254267	83.871	1550	104	76	49	1484	1518	1	0.0	1458
ERR3077548.sra.5561	NC_007793_512890_514444	83.359	1298	91	72	66	1280	300	1555	0.0	1155
ERR3077548.sra.5673	NC_017540_397790_399343	85.792	183	13	7	2480	2652	1	180	7.16e-48	194
ERR3077548.sra.5699	gi|582973099|ref|NC_023426.1|_Anomala_cuprea_entomopoxvirus_DNA,_complete_genome,_strain:_CV6M	90.476	42	3	1	2730	2770	122909	122868	5.05e-06	55.4
ERR3077548.sra.5725	gi|675510705|ref|NC_024771.1|_Equid_herpesvirus_3_strain_AR_2007_C3A,_complete_genome	83.019	53	9	0	79	131	107536	107484	3.45e-06	55.4
ERR3077548.sra.5760	NC_015663_220089_221642	89.961	259	10	8	66	313	1301	1554	9.80e-89	329
ERR3077548.sra.5763	NC_022226_483035_484865	79.107	1881	188	89	44	1803	1797	1	0.0	1406
ERR3077548.sra.5775	gi|441431943|ref|NC_020104.1|_Acanthamoeba_polyphaga_moumouvirus,_complete_genome	79.487	117	14	4	1369	1480	474738	474849	3.85e-18	95.1
ERR3077548.sra.5775	gi|441431943|ref|NC_020104.1|_Acanthamoeba_polyphaga_moumouvirus,_complete_genome	72.973	111	22	4	1374	1480	290949	290843	3.37e-06	55.4
ERR3077548.sra.5826	gi|310830989|ref|NC_014637.1|_Cafeteria_roenbergensis_virus_BV-PW1,_complete_genome	69.492	177	49	5	619	791	451449	451274	2.68e-07	59.0
ERR3077548.sra.5980	NC_021040_348381_351031	78.986	138	23	5	2115	2248	2613	2478	2.98e-20	102
ERR3077548.sra.6047	NC_021009_505857_508732	78.571	98	17	3	134	227	291	194	1.27e-11	73.4
ERR3077548.sra.6090	NC_020450_475434_475549	94.444	36	2	0	116	151	25	60	1.31e-06	57.2
ERR3077548.sra.6275	gi|441431943|ref|NC_020104.1|_Acanthamoeba_polyphaga_moumouvirus,_complete_genome	70.000	180	38	7	972	1141	290985	290812	8.14e-09	64.4
ERR3077548.sra.6275	gi|441431943|ref|NC_020104.1|_Acanthamoeba_polyphaga_moumouvirus,_complete_genome	72.807	114	25	2	1005	1113	474740	474852	2.84e-08	62.6
ERR3077548.sra.6291	NC_017351_503713_505252	87.651	1077	66	42	1249	2275	1	1060	0.0	1214
ERR3077548.sra.6306	GQ131418	82.018	684	40	38	1289	1907	1504	839	2.83e-165	583
ERR3077548.sra.6426	NC_016514_237096_238638	86.137	1587	100	63	221	1731	1	1543	0.0	1694
ERR3077548.sra.6459	NC_021350_359864_361325	71.053	152	30	7	474	612	1217	1367	1.35e-06	57.2
ERR3077548.sra.6474	NC_007793_512890_514444	82.008	1056	73	59	83	1054	1023	1	0.0	888
ERR3077548.sra.6559	NC_017347_522050_523611	80.153	131	16	6	1874	1998	4	130	2.63e-20	102
ERR3077548.sra.6601	NC_022604_535772_537326	86.897	145	10	6	1993	2132	5	145	4.08e-37	158
ERR3077548.sra.6700	NC_021009_505857_508732	84.848	66	7	2	175	239	298	235	4.23e-10	68.0
ERR3077548.sra.6754	NC_016912_448817_450376	85.100	698	47	29	1217	1864	1560	870	0.0	711
ERR3077548.sra.6863	NC_017673_449361_451191	86.627	1189	57	55	41	1164	501	1652	0.0	1272
ERR3077548.sra.6863	NC_017673_449361_451191	84.831	178	9	7	1274	1443	1654	1821	3.37e-45	185
ERR3077548.sra.6880	NC_017845_228498_230028	87.435	1528	105	57	394	1860	30	1531	0.0	1712
ERR3077548.sra.6884	NC_021350_359864_361325	68.722	227	54	10	1322	1539	1452	1234	1.09e-07	60.8
ERR3077548.sra.6919	gi|73852470|ref|NC_007346.1|_Emiliania_huxleyi_virus_86,_complete_genome	70.732	205	48	6	876	1070	111796	111594	5.62e-15	84.2
ERR3077548.sra.6989	NC_021350_359864_361325	69.685	254	46	10	491	715	1462	1211	6.96e-18	95.1
ERR3077548.sra.7007	NC_017673_449361_451191	81.543	1089	84	57	1779	2792	1831	785	0.0	906
ERR3077548.sra.7018	NC_017351_503713_505252	85.052	970	61	48	1269	2183	3	943	0.0	955
ERR3077548.sra.7038	AE015929	85.283	1359	100	60	61	1364	234	1547	0.0	1370
ERR3077548.sra.7139	NC_017673_449361_451191	83.387	313	16	18	43	338	1358	1651	1.48e-74	282
ERR3077548.sra.7139	NC_017673_449361_451191	84.416	154	10	5	474	615	1672	1823	1.22e-37	159
ERR3077548.sra.7315	gi|66275797|ref|NC_006998.1|_Vaccinia_virus,_complete_genome	84.746	59	6	3	909	966	156108	156164	3.90e-06	55.4
ERR3077548.sra.7318	NC_013203_1457029_1458528	85.557	1087	62	54	1199	2226	1500	450	0.0	1095
ERR3077548.sra.7333	gi|42733078|ref|NC_005497.1|_Tomato_leaf_curl_Java_virus-[Ageratum]_satellite_DNA,_complete_genome	69.403	134	36	1	17	145	954	821	1.11e-06	57.2
ERR3077548.sra.7388	NC_017673_449361_451191	78.721	1720	192	96	805	2418	1	1652	0.0	1177
ERR3077548.sra.7575	NC_015663_220089_221642	74.491	1129	132	78	12	1037	1107	32	1.72e-148	527
ERR3077548.sra.7605	NC_016912_448817_450376	78.814	1029	107	64	74	1033	573	1559	0.0	684
ERR3077548.sra.7767	NC_016514_237096_238638	82.669	1004	97	47	74	1032	973	2	0.0	884
ERR3077548.sra.7976	NC_021009_505857_508732	73.016	252	52	12	1830	2076	184	424	1.85e-22	109
ERR3077548.sra.7997	NC_016514_237096_238638	87.358	1408	83	60	76	1424	172	1543	0.0	1552
ERR3077548.sra.8045	NC_017351_503713_505252	83.203	1530	113	76	970	2395	1537	48	0.0	1388
ERR3077548.sra.8080	NC_006155_12249_13794	95.745	47	1	1	110	155	48	2	1.13e-11	73.4
ERR3077548.sra.8173	NC_016514_237096_238638	87.861	865	50	31	1119	1943	1543	694	0.0	996
ERR3077548.sra.8190	NC_017347_522050_523611	86.623	456	26	18	68	502	442	1	1.09e-139	499
ERR3077548.sra.8196	NC_010079_512793_514332	87.004	1562	98	58	229	1714	3	1535	0.0	1736
ERR3077548.sra.8456	NC_013203_1457029_1458528	88.147	1527	72	57	441	1886	2	1500	0.0	1779
ERR3077548.sra.8506	gi|472342562|ref|NC_020864.1|_Micromonas_pusilla_virus_12T_genomic_sequence	86.957	46	5	1	920	964	182813	182768	7.99e-06	53.6
ERR3077548.sra.8556	NC_007793_512890_514444	81.105	1593	139	92	453	1933	11	1553	0.0	1247
ERR3077548.sra.8601	NC_021040_348381_351031	80.672	119	18	3	2097	2215	2605	2492	2.97e-20	102
ERR3077548.sra.8753	gi|441431943|ref|NC_020104.1|_Acanthamoeba_polyphaga_moumouvirus,_complete_genome	73.729	118	27	4	910	1025	474873	474758	1.60e-07	59.0
ERR3077548.sra.8767	gi|118496614|ref|NC_008603.1|_Paramecium_bursaria_Chlorella_virus_FR483,_complete_genome	85.915	71	8	2	1248	1316	19828	19758	1.09e-12	77.0
ERR3077548.sra.8839	NC_017673_449361_451191	80.658	243	16	14	1089	1313	1622	1393	1.24e-47	192
ERR3077548.sra.8839	NC_017673_449361_451191	85.271	129	11	6	787	910	1821	1696	4.34e-28	127
ERR3077548.sra.8884	NC_020450_475434_475549	94.118	34	2	0	799	832	58	25	8.54e-06	53.6
ERR3077548.sra.9062	NC_017673_449361_451191	79.750	1121	95	60	659	1696	1831	760	0.0	847
ERR3077548.sra.9093	GQ064519	88.735	1225	54	51	35	1197	1203	1	0.0	1433
ERR3077548.sra.9240	NC_007793_512890_514444	87.411	1263	57	53	36	1224	1235	1	0.0	1415
ERR3077548.sra.9399	NC_003112_60971_62514	78.213	817	82	39	45	786	749	1544	1.07e-164	581
ERR3077548.sra.9427	NC_021040_348381_351031	82.418	91	10	3	1538	1626	2598	2512	5.77e-15	84.2
ERR3077548.sra.9634	gi|441431943|ref|NC_020104.1|_Acanthamoeba_polyphaga_moumouvirus,_complete_genome	90.000	40	4	0	401	440	63086	63125	3.97e-06	55.4
ERR3077548.sra.9774	gi|363539767|ref|NC_016072.1|_Megavirus_chiliensis,_complete_genome	66.033	421	117	13	962	1367	602460	602869	9.21e-14	80.6
ERR3077548.sra.9792	gi|363539767|ref|NC_016072.1|_Megavirus_chiliensis,_complete_genome	92.500	40	2	1	872	911	380433	380471	2.79e-06	55.4
ERR3077548.sra.9858	gi|310830989|ref|NC_014637.1|_Cafeteria_roenbergensis_virus_BV-PW1,_complete_genome	73.832	107	25	3	1398	1503	81618	81514	1.03e-06	57.2
ERR3077548.sra.9923	NC_022566_236807_238345	79.612	103	8	4	64	154	102	1	2.00e-15	86.0
ERR3077548.sra.9960	NC_016514_237096_238638	87.778	810	34	39	1135	1903	1540	755	0.0	897
ERR3077548.sra.9993	AB045731	83.044	1557	136	73	544	2004	1528	4	0.0	1404
ERR3077548.sra.9996	GQ064519	83.947	760	59	36	1260	1981	1	735	0.0	715
ERR3077548.sra.10030	NC_016514_237096_238638	83.875	1569	118	75	287	1756	1533	1	0.0	1472
ERR3077548.sra.10115	NC_017673_449361_451191	86.207	145	7	8	1862	1996	1831	1690	7.49e-34	147
ERR3077548.sra.10240	NC_021009_505857_508732	85.938	64	8	1	2844	2906	235	298	6.54e-11	71.6
ERR3077548.sra.10289	NC_007793_512890_514444	87.025	1580	88	56	114	1604	1552	1	0.0	1779
ERR3077548.sra.10430	NC_017673_449361_451191	84.896	192	18	7	427	617	1648	1829	5.10e-48	194
ERR3077548.sra.10430	NC_017673_449361_451191	78.182	275	22	21	80	325	1376	1641	2.48e-39	165
ERR3077548.sra.10502	gi|9964314|ref|NC_002520.1|_Amsacta_moorei_entomopoxvirus_'L',_complete_genome	72.881	118	27	3	1642	1754	83964	84081	9.59e-08	60.8
ERR3077548.sra.10555	gi|11038431|ref|NC_001875.2|_Orgyia_pseudotsugata_MNPV,_complete_genome	75.000	96	17	4	558	649	127602	127694	8.79e-06	53.6
ERR3077548.sra.10558	gi|441431943|ref|NC_020104.1|_Acanthamoeba_polyphaga_moumouvirus,_complete_genome	78.750	80	15	2	2044	2123	81906	81983	8.85e-08	60.8
ERR3077548.sra.10776	gi|42733078|ref|NC_005497.1|_Tomato_leaf_curl_Java_virus-[Ageratum]_satellite_DNA,_complete_genome	69.014	142	36	2	18	156	954	818	1.18e-06	57.2
ERR3077548.sra.10821	NC_021350_359864_361325	70.737	475	116	10	1257	1717	1453	988	1.39e-51	206
ERR3077548.sra.10895	NC_021350_359864_361325	76.329	207	44	4	1638	1842	1414	1211	1.03e-31	140
ERR3077548.sra.10912	NC_015663_220089_221642	86.809	1175	61	56	997	2113	1554	416	0.0	1252
ERR3077548.sra.10961	NC_015663_220089_221642	87.674	430	20	13	78	478	1129	1554	2.15e-142	508
ERR3077548.sra.11023	NC_013715_1592163_1593688	83.883	273	24	13	904	1165	1526	1263	6.51e-66	253
ERR3077548.sra.11177	gi|155573622|ref|NC_006273.2|_Human_herpesvirus_5_strain_Merlin,_complete_genome	75.000	88	18	2	527	611	164584	164670	4.73e-06	55.4
ERR3077548.sra.11194	NC_016514_237096_238638	84.051	1555	75	83	721	2121	1536	1	0.0	1469
ERR3077548.sra.11199	NC_016514_237096_238638	85.534	1189	66	52	58	1167	378	1539	0.0	1231
ERR3077548.sra.11364	NC_020450_475434_475549	92.500	40	1	1	1268	1307	19	56	1.16e-06	57.2
ERR3077548.sra.11410	gi|313767999|ref|NC_014765.1|_Bathycoccus_sp._RCC1105_virus_BpV1,_complete_genome	74.286	105	14	5	638	730	11417	11314	1.39e-06	57.2
ERR3077548.sra.11487	NC_017673_449361_451191	89.313	393	19	17	1198	1579	1652	1272	1.59e-129	464
ERR3077548.sra.11487	NC_017673_449361_451191	92.994	157	3	5	941	1091	1815	1661	1.08e-55	219
ERR3077548.sra.11542	NC_015567_252738_254267	83.213	691	44	39	1599	2232	1529	854	6.75e-174	612
ERR3077548.sra.11780	gi|340025671|ref|NC_000852.5|_Paramecium_bursaria_Chlorella_virus_1,_complete_genome	73.874	111	28	1	620	730	54203	54094	2.16e-09	66.2
ERR3077548.sra.11971	NC_017673_449361_451191	78.631	1666	148	99	500	2008	1623	9	0.0	1141
ERR3077548.sra.11971	NC_017673_449361_451191	85.811	148	8	8	195	338	1829	1691	2.42e-34	149
ERR3077548.sra.12029	NC_017673_449361_451191	95.775	142	2	4	355	493	1691	1831	2.24e-54	215
ERR3077548.sra.12029	NC_017673_449361_451191	88.742	151	5	7	47	189	1477	1623	1.96e-42	176
ERR3077548.sra.12092	NC_016514_237096_238638	85.861	1563	94	78	566	2030	1542	9	0.0	1586
ERR3077548.sra.12190	NC_017351_503713_505252	79.585	1254	94	68	885	2043	20	1206	0.0	948
ERR3077548.sra.12411	gi|9632388|ref|NC_002051.1|_Tomato_spotted_wilt_virus_RNA_S,_complete_sequence	78.947	114	20	1	3	116	1727	1836	1.30e-18	96.9
ERR3077548.sra.12431	gi|531034792|ref|NC_022098.1|_Pandoravirus_salinus,_complete_genome	74.038	104	19	4	1490	1587	2175175	2175074	3.75e-06	55.4
ERR3077548.sra.12460	NC_017673_449361_451191	81.692	721	50	43	959	1614	1653	950	6.91e-166	585
ERR3077548.sra.12460	NC_017673_449361_451191	84.456	193	16	10	673	860	1831	1648	2.77e-44	181
ERR3077548.sra.12462	gi|187903037|ref|NC_010671.1|_Musca_domestica_salivary_gland_hypertrophy_virus,_complete_genome	90.000	40	4	0	1184	1223	93513	93552	3.33e-06	55.4
ERR3077548.sra.12583	NC_017845_228498_230028	80.561	1569	162	77	993	2456	1531	1	0.0	1236
ERR3077548.sra.12640	gi|42733078|ref|NC_005497.1|_Tomato_leaf_curl_Java_virus-[Ageratum]_satellite_DNA,_complete_genome	70.149	134	38	1	4	135	954	821	3.47e-07	59.0
ERR3077548.sra.12668	NC_015663_220089_221642	82.793	709	59	29	98	770	868	1549	0.0	655
ERR3077548.sra.12723	NC_017347_522050_523611	89.253	549	23	20	1620	2143	5	542	0.0	666
ERR3077548.sra.12744	NC_017673_449361_451191	87.418	1518	73	56	58	1497	175	1652	0.0	1730
ERR3077548.sra.12744	NC_017673_449361_451191	89.175	194	10	7	1587	1775	1644	1831	8.46e-60	233
ERR3077548.sra.12790	gi|90592717|ref|NC_007921.1|_Agrotis_segetum_nucleopolyhedrovirus,_complete_genome	80.000	60	12	0	1167	1226	45187	45128	3.97e-06	55.4
ERR3077548.sra.12797	NC_015663_220089_221642	90.116	516	8	23	63	548	1052	1554	0.0	636
ERR3077548.sra.12906	gi|363539767|ref|NC_016072.1|_Megavirus_chiliensis,_complete_genome	82.258	62	5	3	161	219	305538	305480	3.14e-06	55.4
ERR3077548.sra.13064	NC_022544_289178_290721	85.474	1604	118	68	591	2141	1	1542	0.0	1640
ERR3077548.sra.13085	NC_007793_512890_514444	85.921	831	44	34	541	1322	1	807	0.0	884
ERR3077548.sra.13091	NC_018079_277104_278653	85.167	209	13	6	1602	1796	1550	1346	8.28e-58	226
ERR3077548.sra.13110	gi|345107188|ref|NC_015960.1|_Yoka_poxvirus,_complete_genome	86.000	50	6	1	932	981	9869	9917	4.77e-06	55.4
ERR3077548.sra.13334	NC_021040_348381_351031	78.302	106	17	3	1734	1835	2594	2491	8.41e-14	80.6
ERR3077548.sra.13351	gi|582973099|ref|NC_023426.1|_Anomala_cuprea_entomopoxvirus_DNA,_complete_genome,_strain:_CV6M	79.167	72	11	3	727	795	88857	88927	9.89e-06	53.6
ERR3077548.sra.13438	NC_021040_348381_351031	76.154	130	19	9	710	831	2479	2604	1.21e-09	66.2
ERR3077548.sra.13473	gi|571797926|ref|NC_022563.1|_Squirrel_poxvirus_strain_Red_squirrel_UK_complete_genome	82.143	56	10	0	1213	1268	144662	144607	1.07e-06	57.2
ERR3077548.sra.13571	NC_017673_449361_451191	80.515	272	21	15	1928	2171	1603	1336	6.27e-54	214
ERR3077548.sra.13571	NC_017673_449361_451191	86.755	151	14	6	1606	1751	1831	1682	3.47e-38	161
ERR3077548.sra.13586	NC_020307_1933856_1935406	81.348	1587	127	83	199	1655	4	1551	0.0	1306
ERR3077548.sra.13743	AY879305	78.285	1248	106	75	219	1337	286	1497	0.0	839
ERR3077548.sra.13795	gi|531034792|ref|NC_022098.1|_Pandoravirus_salinus,_complete_genome	76.667	90	15	4	1520	1606	2096661	2096575	3.62e-06	55.4
ERR3077548.sra.14001	NC_015663_220089_221642	83.523	352	34	16	2010	2341	1	348	5.19e-87	324
ERR3077548.sra.14068	NC_015663_220089_221642	84.654	1603	116	73	897	2432	1554	15	0.0	1570
ERR3077548.sra.14460	NC_003197_289189_290732	84.674	261	16	11	1623	1866	1542	1289	1.18e-68	262
ERR3077548.sra.14522	NC_003197_289189_290732	82.168	286	25	16	1862	2130	1542	1266	5.42e-61	237
ERR3077548.sra.14640	NC_017673_449361_451191	97.163	141	3	1	1751	1890	1831	1691	5.95e-60	233
ERR3077548.sra.14641	NC_015663_220089_221642	85.920	625	31	27	100	677	627	13	0.0	661
ERR3077548.sra.14683	NC_015875_2081382_2082934	81.567	217	15	12	1522	1724	1	206	1.03e-43	179
ERR3077548.sra.14690	NC_021290_106184_107738	81.250	80	8	5	49	126	75	1	1.14e-07	60.8
ERR3077548.sra.14727	NC_021066_3088508_3090061	76.271	472	56	28	74	501	1024	1483	2.20e-71	271
ERR3077548.sra.14759	NC_021009_505857_508732	80.392	102	13	5	3033	3129	180	279	4.84e-13	78.8
ERR3077548.sra.14771	AF104675	82.014	1440	102	78	527	1838	1519	109	0.0	1222
ERR3077548.sra.14802	NC_017673_449361_451191	83.582	268	17	14	2524	2769	1831	1569	1.35e-63	246
ERR3077548.sra.14887	NC_017341_525714_527253	83.013	989	67	48	75	982	976	8	0.0	901
ERR3077548.sra.15065	gi|340025671|ref|NC_000852.5|_Paramecium_bursaria_Chlorella_virus_1,_complete_genome	87.273	55	7	0	1369	1423	165720	165774	3.87e-10	68.0
ERR3077548.sra.15065	gi|340025671|ref|NC_000852.5|_Paramecium_bursaria_Chlorella_virus_1,_complete_genome	85.455	55	8	0	1369	1423	165341	165395	4.71e-09	64.4
ERR3077548.sra.15065	gi|340025671|ref|NC_000852.5|_Paramecium_bursaria_Chlorella_virus_1,_complete_genome	85.455	55	8	0	1369	1423	165514	165568	4.71e-09	64.4
ERR3077548.sra.15065	gi|340025671|ref|NC_000852.5|_Paramecium_bursaria_Chlorella_virus_1,_complete_genome	84.211	57	7	1	1369	1423	165816	165872	5.74e-08	60.8
ERR3077548.sra.15125	NC_017673_449361_451191	79.730	148	12	5	79	211	1687	1831	2.68e-27	125
ERR3077548.sra.15225	NC_015663_220089_221642	82.727	220	15	8	62	269	1346	1554	8.32e-53	210
ERR3077548.sra.15241	gi|18138257|ref|NC_003349.1|_Helicoverpa_zea_SNPV,_complete_genome	90.244	41	4	0	412	452	2885	2845	1.22e-06	57.2
ERR3077548.sra.15271	NC_017845_228498_230028	79.304	1609	166	102	1213	2736	1	1527	0.0	1092
ERR3077548.sra.15290	NC_022442_495034_496588	79.362	533	51	34	98	582	1493	972	4.01e-100	365
ERR3077548.sra.15353	NC_021040_348381_351031	78.462	130	23	3	803	930	2478	2604	1.26e-19	100
ERR3077548.sra.15372	NC_017347_522050_523611	85.039	127	6	5	2051	2164	4	130	1.68e-29	132
ERR3077548.sra.15502	NC_009436_250882_252426	78.090	1602	154	91	64	1535	2	1536	0.0	1074
ERR3077548.sra.15564	NC_009632_541500_543044	81.646	1580	136	81	1818	3279	1544	1	0.0	1315
ERR3077548.sra.15585	NC_021020_589522_591540	71.915	235	50	9	362	584	237	7	8.48e-20	100
ERR3077548.sra.15594	NC_012731_16080_17619	76.718	1499	141	96	537	1860	1506	41	0.0	884
ERR3077548.sra.15706	gi|9631294|ref|NC_001993.1|_Melanoplus_sanguinipes_entomopoxvirus,_complete_genome	78.873	71	6	3	523	590	44838	44902	2.62e-06	55.4
ERR3077548.sra.15760	NC_022604_535772_537326	85.298	789	55	35	121	868	779	1547	0.0	798
ERR3077548.sra.15856	NC_022604_535772_537326	83.368	1437	98	67	528	1883	1	1377	0.0	1339
ERR3077548.sra.15963	NC_021040_348381_351031	77.027	148	26	7	2771	2914	2639	2496	2.43e-16	89.7
ERR3077548.sra.16095	gi|506498610|ref|NC_021249.1|_Choristoneura_rosaceana_entomopoxvirus_'L',_complete_genome	78.481	79	12	3	992	1070	254945	255018	1.34e-06	57.2
ERR3077548.sra.16118	NC_021009_505857_508732	75.962	104	15	6	542	639	298	199	1.18e-06	57.2
ERR3077548.sra.16155	NC_022604_535772_537326	83.095	349	32	14	47	372	345	1	1.91e-87	325
ERR3077548.sra.16178	NC_017673_449361_451191	87.766	188	11	9	1591	1770	1831	1648	7.78e-52	206
ERR3077548.sra.16262	NC_014498_31096_32654	90.323	62	4	2	91	151	61	1	3.31e-13	78.8
ERR3077548.sra.16495	NC_017347_522050_523611	100.000	39	0	0	1439	1477	1	39	3.20e-11	71.6
ERR3077548.sra.16531	gi|448824857|ref|NC_020231.1|_Caviid_herpesvirus_2_strain_21222,_complete_genome	84.906	53	6	1	920	972	4500	4450	1.49e-06	57.2
ERR3077548.sra.16578	NC_021350_359864_361325	71.000	200	43	9	1637	1826	1220	1414	1.18e-11	73.4
ERR3077548.sra.16578	NC_021350_359864_361325	75.000	92	21	2	1416	1505	992	1083	3.16e-06	55.4
ERR3077548.sra.16596	NC_017673_449361_451191	85.343	423	31	19	66	468	1241	1652	6.45e-118	426
ERR3077548.sra.16596	NC_017673_449361_451191	88.710	186	5	10	575	751	1653	1831	8.99e-53	210
ERR3077548.sra.16709	NC_015663_220089_221642	77.234	593	64	29	92	636	574	5	2.20e-108	394
ERR3077548.sra.16763	NC_010079_512793_514332	86.532	1188	65	57	1013	2125	1539	372	0.0	1251
ERR3077548.sra.16765	NC_015663_220089_221642	84.292	1095	84	54	1342	2378	1554	490	0.0	1036
ERR3077548.sra.16780	NC_010079_512793_514332	83.302	1060	82	60	1658	2652	1537	508	0.0	930
ERR3077548.sra.16851	NC_017673_449361_451191	86.897	145	4	5	714	847	1831	1691	4.05e-40	167
ERR3077548.sra.16851	NC_017673_449361_451191	91.667	48	1	1	1023	1067	1623	1576	2.92e-10	68.0
ERR3077548.sra.17051	NC_015663_220089_221642	84.667	600	35	26	44	596	965	1554	1.05e-170	601
ERR3077548.sra.17377	gi|422933791|ref|NC_019495.1|_Cyprinid_herpesvirus_2_strain_ST-J1,_complete_genome	78.462	65	9	1	2025	2084	4161	4225	4.06e-06	55.4
ERR3077548.sra.17377	gi|422933791|ref|NC_019495.1|_Cyprinid_herpesvirus_2_strain_ST-J1,_complete_genome	78.462	65	9	1	2025	2084	279432	279496	4.06e-06	55.4
ERR3077548.sra.17446	NC_017347_522050_523611	89.375	160	9	6	2801	2957	1	155	2.79e-47	192
ERR3077548.sra.17619	NC_017673_449361_451191	88.571	140	5	9	2453	2586	1831	1697	7.75e-35	150
ERR3077548.sra.17734	NC_020450_475434_475549	85.714	56	6	2	1927	1981	57	3	4.29e-07	59.0
ERR3077548.sra.17735	NC_017673_449361_451191	83.755	1108	92	49	75	1129	759	1831	0.0	1045
ERR3077548.sra.17759	EF620925	87.237	1285	91	40	105	1334	239	1505	0.0	1463
ERR3077548.sra.17776	EF620925	82.400	1250	106	55	691	1880	1	1196	0.0	1117
ERR3077548.sra.17831	NC_007622_473153_474707	82.238	715	52	38	1171	1836	1551	863	1.61e-174	614
ERR3077548.sra.17882	NC_009632_541500_543044	85.635	1086	64	44	721	1729	1544	474	0.0	1141
ERR3077548.sra.17991	NC_015663_220089_221642	85.055	823	60	41	1431	2221	1554	763	0.0	801
ERR3077548.sra.18018	NC_017673_449361_451191	78.756	193	19	9	93	272	1648	1831	7.91e-33	143
ERR3077548.sra.18069	NC_017347_522050_523611	83.136	1097	69	46	1199	2207	1562	494	0.0	1041
ERR3077548.sra.18109	NC_017540_397790_399343	85.577	104	8	3	1725	1826	2	100	1.33e-23	113
ERR3077548.sra.18244	L16469	78.593	1009	108	57	91	1026	974	1	0.0	700
ERR3077548.sra.18272	NC_002745_506161_507715	85.103	725	50	34	1465	2153	1	703	0.0	720
ERR3077548.sra.18390	NC_017673_449361_451191	78.802	651	50	28	89	676	1204	1829	5.53e-142	506
ERR3077548.sra.18402	NC_015567_252738_254267	84.710	1550	112	72	53	1527	18	1517	0.0	1516
ERR3077548.sra.18524	NC_017139_69712_71266	82.439	1099	115	43	58	1111	490	1555	0.0	989
ERR3077548.sra.18645	NC_017342_3586_5125	78.526	1588	159	97	608	2063	1538	1	0.0	1054
ERR3077548.sra.18703	NC_021040_348381_351031	74.854	171	31	8	2163	2327	2645	2481	2.13e-16	89.7
ERR3077548.sra.18756	NC_017347_522050_523611	75.413	545	61	34	1009	1499	1	526	1.99e-77	291
ERR3077548.sra.18759	NC_007793_512890_514444	89.671	1123	42	39	86	1152	1105	1	0.0	1393
ERR3077548.sra.18795	AB045731	85.343	1078	67	47	83	1101	489	1534	0.0	1103
ERR3077548.sra.18928	NC_017673_449361_451191	84.709	824	52	42	1068	1839	1620	819	0.0	796
ERR3077548.sra.18928	NC_017673_449361_451191	88.591	149	4	9	755	898	1831	1691	8.45e-39	163
ERR3077548.sra.19095	NC_021009_505857_508732	70.196	255	53	12	1203	1446	193	435	6.44e-15	84.2
ERR3077548.sra.19102	gi|531034792|ref|NC_022098.1|_Pandoravirus_salinus,_complete_genome	78.351	97	17	4	656	751	2175175	2175082	2.19e-09	66.2
ERR3077548.sra.19160	NC_017351_503713_505252	79.000	1600	146	103	515	1985	1539	1	0.0	1077
ERR3077548.sra.19207	NC_017673_449361_451191	86.103	698	43	30	60	716	940	1624	0.0	735
ERR3077548.sra.19207	NC_017673_449361_451191	93.662	142	6	3	891	1030	1691	1831	3.50e-51	205
ERR3077548.sra.19233	NC_021009_505857_508732	78.906	128	23	4	38	164	304	180	3.71e-18	95.1
ERR3077548.sra.19260	gi|119953744|ref|NC_008724.1|_Acanthocystis_turfacea_Chlorella_virus_1,_complete_genome	94.595	37	2	0	861	897	247578	247542	3.22e-07	59.0
ERR3077548.sra.19263	gi|700075216|ref|NC_025379.1|_Mamastrovirus_3_isolate_PAstV-GX1,_complete_genome	80.000	70	4	3	1808	1870	6706	6640	3.01e-07	59.0
ERR3077548.sra.19305	NC_022245_16649_18192	89.152	719	35	27	1842	2527	1541	833	0.0	863
ERR3077548.sra.19335	NC_021040_348381_351031	71.779	163	33	9	125	283	2478	2631	2.82e-07	59.0
ERR3077548.sra.19588	gi|377829940|ref|NC_016924.1|_Cotia_virus_SPAn232,_complete_genome	83.582	67	5	5	144	208	57046	56984	2.30e-06	55.4
ERR3077548.sra.19658	NC_016605_58385_59951	77.186	1201	168	58	1209	2333	131	1301	0.0	765
ERR3077548.sra.19658	NC_016605_58385_59951	87.500	56	3	3	1117	1168	3	58	9.37e-08	60.8
ERR3077548.sra.19680	NC_021350_359864_361325	70.213	235	60	6	1816	2044	1184	1414	6.60e-17	91.5
ERR3077548.sra.19740	NC_015663_220089_221642	81.631	1018	80	59	87	1029	990	5	0.0	823
ERR3077548.sra.19748	NC_021350_359864_361325	71.569	204	40	9	1962	2158	1222	1414	2.79e-14	82.4
ERR3077548.sra.19928	NC_021009_505857_508732	80.000	90	12	4	1492	1578	184	270	1.24e-10	69.8
ERR3077548.sra.19957	gi|163954976|ref|NC_010191.1|_Ostreococcus_virus_OsV5,_complete_genome	70.866	127	35	2	322	446	10040	9914	2.38e-06	55.4
ERR3077548.sra.19974	NC_021040_348381_351031	77.358	106	16	2	1470	1567	2602	2497	2.22e-14	82.4
ERR3077548.sra.20007	NC_021040_348381_351031	80.147	136	21	6	2327	2459	2613	2481	3.51e-20	102
ERR3077548.sra.20060	NC_021009_505857_508732	68.061	263	49	15	449	685	441	188	1.14e-07	60.8
ERR3077548.sra.20134	NC_020307_1933856_1935406	79.260	892	93	51	1524	2333	5	886	9.29e-179	628
ERR3077548.sra.20181	NC_016941_485167_486721	83.489	1611	113	73	941	2458	5	1555	0.0	1516
ERR3077548.sra.20252	NC_017347_522050_523611	95.973	149	3	2	50	196	151	4	1.69e-60	235
ERR3077548.sra.20351	NC_021350_359864_361325	88.312	77	9	0	124	200	1062	986	3.34e-19	98.7
ERR3077548.sra.20560	gi|313767999|ref|NC_014765.1|_Bathycoccus_sp._RCC1105_virus_BpV1,_complete_genome	71.739	184	40	7	677	848	11233	11416	8.56e-13	77.0
ERR3077548.sra.20667	NC_016514_237096_238638	87.518	1386	60	55	841	2133	1538	173	0.0	1573
ERR3077548.sra.20687	NC_015663_220089_221642	85.412	425	32	16	1320	1729	1	410	5.75e-123	443
ERR3077548.sra.21031	NC_012731_16080_17619	87.199	539	33	20	64	568	537	1	2.29e-171	603
ERR3077548.sra.21179	GQ064519	74.559	1077	122	65	37	990	1085	38	1.74e-155	551
ERR3077548.sra.21229	NC_022604_535772_537326	85.409	281	21	13	1863	2131	1	273	1.45e-74	282
ERR3077548.sra.21241	NC_022113_452808_454347	81.418	1453	128	84	1002	2371	1	1394	0.0	1153
ERR3077548.sra.21300	gi|310830989|ref|NC_014637.1|_Cafeteria_roenbergensis_virus_BV-PW1,_complete_genome	85.455	55	5	2	945	997	238310	238363	9.62e-07	57.2
ERR3077548.sra.21302	NC_021009_505857_508732	78.000	100	16	5	616	709	293	194	5.10e-09	64.4
ERR3077548.sra.21315	NC_017673_449361_451191	79.473	531	51	27	59	574	1343	1830	2.49e-109	398
ERR3077548.sra.21486	NC_015968_257230_258757	84.810	316	25	9	66	361	1208	1520	3.83e-90	334
ERR3077548.sra.21504	NC_022245_16649_18192	82.625	518	43	25	1814	2306	1	496	9.85e-128	459
ERR3077548.sra.21543	NC_016514_237096_238638	83.726	1444	110	60	80	1461	163	1543	0.0	1388
ERR3077548.sra.21684	NC_015663_220089_221642	83.556	1575	122	68	54	1542	1528	5	0.0	1490
ERR3077548.sra.21858	NC_009632_541500_543044	84.857	1367	84	59	1372	2632	1544	195	0.0	1377
ERR3077548.sra.21887	gi|589287691|ref|NC_023611.1|_Invertebrate_iridescent_virus_30_complete_genome	82.540	63	6	3	890	950	176251	176310	2.21e-06	55.4
ERR3077548.sra.21957	NC_017673_449361_451191	80.769	650	62	32	63	690	1223	1831	7.27e-147	522
ERR3077548.sra.21989	NC_017673_449361_451191	84.241	698	38	30	1523	2164	1831	1150	0.0	693
ERR3077548.sra.21995	NC_021350_359864_361325	74.603	252	57	5	839	1085	1211	1460	4.21e-35	150
ERR3077548.sra.22030	NC_017845_228498_230028	84.827	1562	121	68	1541	3018	1530	1	0.0	1546
ERR3077548.sra.22062	NC_018106_130009_131504	81.440	1514	147	78	97	1499	1491	1	0.0	1232
ERR3077548.sra.22187	gi|314055095|ref|NC_014789.1|_Ostreococcus_tauri_virus_2,_complete_genome	82.456	57	9	1	779	834	38386	38442	3.90e-06	55.4
ERR3077548.sra.22222	gi|311977355|ref|NC_014649.1|_Acanthamoeba_polyphaga_mimivirus,_complete_genome	72.251	191	42	4	1275	1457	518117	518304	2.56e-19	98.7
ERR3077548.sra.22272	NC_003197_289189_290732	88.202	178	9	8	2979	3151	1542	1372	5.72e-50	201
ERR3077548.sra.22343	NC_015663_220089_221642	76.630	920	99	53	79	922	880	1	4.76e-157	556
ERR3077548.sra.22510	NC_015663_220089_221642	76.562	1600	143	95	674	2089	1	1552	0.0	976
ERR3077548.sra.22537	NC_017845_228498_230028	86.081	1286	74	49	574	1769	1523	253	0.0	1386
ERR3077548.sra.22559	NC_007793_512890_514444	79.067	750	69	47	80	756	735	1	1.73e-144	513
ERR3077548.sra.22612	NC_016514_237096_238638	85.172	816	58	36	1915	2696	1	787	0.0	821
ERR3077548.sra.22707	GQ064519	82.897	994	73	50	91	1006	975	1	0.0	888
ERR3077548.sra.22712	NC_017845_228498_230028	81.675	1588	119	87	368	1842	3	1531	0.0	1315
ERR3077548.sra.22798	NC_021009_505857_508732	76.289	97	17	3	2395	2485	199	295	9.43e-09	64.4
ERR3077548.sra.23090	gi|310830989|ref|NC_014637.1|_Cafeteria_roenbergensis_virus_BV-PW1,_complete_genome	77.500	80	16	1	1336	1415	399475	399398	1.28e-07	60.8
ERR3077548.sra.23090	gi|310830989|ref|NC_014637.1|_Cafeteria_roenbergensis_virus_BV-PW1,_complete_genome	77.500	80	16	1	1336	1415	399511	399434	1.28e-07	60.8
ERR3077548.sra.23090	gi|310830989|ref|NC_014637.1|_Cafeteria_roenbergensis_virus_BV-PW1,_complete_genome	76.543	81	17	1	1336	1416	399421	399343	4.45e-07	59.0
ERR3077548.sra.23090	gi|310830989|ref|NC_014637.1|_Cafeteria_roenbergensis_virus_BV-PW1,_complete_genome	77.632	76	15	1	1336	1411	399469	399396	4.45e-07	59.0
ERR3077548.sra.23090	gi|310830989|ref|NC_014637.1|_Cafeteria_roenbergensis_virus_BV-PW1,_complete_genome	77.215	79	16	1	1338	1416	435072	434996	4.45e-07	59.0
ERR3077548.sra.23090	gi|310830989|ref|NC_014637.1|_Cafeteria_roenbergensis_virus_BV-PW1,_complete_genome	76.250	80	17	1	1336	1415	399457	399380	1.55e-06	57.2
ERR3077548.sra.23090	gi|310830989|ref|NC_014637.1|_Cafeteria_roenbergensis_virus_BV-PW1,_complete_genome	73.958	96	20	2	1326	1416	434935	434840	1.55e-06	57.2
ERR3077548.sra.23090	gi|310830989|ref|NC_014637.1|_Cafeteria_roenbergensis_virus_BV-PW1,_complete_genome	74.490	98	16	4	1326	1416	434791	434696	5.42e-06	55.4
ERR3077548.sra.23090	gi|310830989|ref|NC_014637.1|_Cafeteria_roenbergensis_virus_BV-PW1,_complete_genome	74.725	91	20	2	1327	1416	435072	434984	5.42e-06	55.4
ERR3077548.sra.23202	NC_012731_16080_17619	83.648	1590	145	66	202	1726	1	1540	0.0	1501
ERR3077548.sra.23291	NC_015663_220089_221642	87.517	1434	77	61	77	1436	149	1554	0.0	1597
ERR3077548.sra.23387	gi|441431943|ref|NC_020104.1|_Acanthamoeba_polyphaga_moumouvirus,_complete_genome	79.630	108	22	0	100	207	474852	474745	1.45e-18	96.9
ERR3077548.sra.23387	gi|441431943|ref|NC_020104.1|_Acanthamoeba_polyphaga_moumouvirus,_complete_genome	72.973	111	30	0	103	213	290843	290953	2.45e-09	66.2
ERR3077548.sra.23444	gi|509139559|ref|NC_021320.1|_Halovirus_HRTV-5,_complete_genome	86.207	58	8	0	157	214	55937	55880	1.44e-10	69.8
ERR3077548.sra.23477	NC_016912_448817_450376	86.946	1241	67	49	720	1905	1	1201	0.0	1373
ERR3077548.sra.23511	NC_015663_220089_221642	73.990	1461	135	83	1127	2425	1554	177	0.0	769
ERR3077548.sra.23512	EF463060	87.675	1428	57	61	640	1974	1444	43	0.0	1615
ERR3077548.sra.23847	NC_017351_503713_505252	84.173	1390	83	68	61	1328	1375	1	0.0	1332
ERR3077548.sra.23900	gi|118496614|ref|NC_008603.1|_Paramecium_bursaria_Chlorella_virus_FR483,_complete_genome	82.143	56	10	0	1501	1556	142328	142383	9.65e-07	57.2
