ERR3077549.sra.7	NC_018080_699179_700716	86.977	645	36	26	78	681	638	1	0.0	711
ERR3077549.sra.127	gi|531034792|ref|NC_022098.1|_Pandoravirus_salinus,_complete_genome	75.758	99	14	4	2509	2598	106965	107062	7.20e-08	62.6
ERR3077549.sra.316	NC_018080_699179_700716	87.640	623	31	23	104	690	613	1	0.0	715
ERR3077549.sra.325	NC_021577_699401_700938	88.748	1573	61	66	4391	5882	1538	1	0.0	1846
ERR3077549.sra.353	AB021409	88.097	1361	85	45	3263	4560	1503	157	0.0	1599
ERR3077549.sra.376	gi|157952304|ref|NC_009898.1|_Paramecium_bursaria_Chlorella_virus_NY2A,_complete_genome	74.419	86	22	0	1000	1085	65610	65525	3.04e-06	57.2
ERR3077549.sra.383	NC_021577_699401_700938	79.918	1464	109	81	77	1369	1451	2	0.0	1117
ERR3077549.sra.390	NC_023066_699348_700885	88.837	851	43	31	2755	3561	1538	696	0.0	1014
ERR3077549.sra.486	NC_018080_699179_700716	89.256	1573	64	63	1283	2795	2	1529	0.0	1885
ERR3077549.sra.495	NC_021350_359864_361325	73.478	230	57	3	4629	4856	1453	1226	1.77e-28	131
ERR3077549.sra.556	NC_021577_699401_700938	89.618	1570	69	51	890	2397	1	1538	0.0	1952
ERR3077549.sra.566	NC_021350_359864_361325	84.127	63	9	1	2963	3025	986	1047	3.43e-09	66.2
ERR3077549.sra.566	NC_021350_359864_361325	75.229	109	20	5	3197	3300	1220	1326	5.09e-07	59.0
ERR3077549.sra.603	NC_021350_359864_361325	71.505	186	40	6	2456	2637	1156	1332	6.32e-14	82.4
ERR3077549.sra.621	NC_021009_505857_508732	77.228	101	20	2	2789	2886	193	293	1.83e-11	73.4
ERR3077549.sra.655	NC_008463_733095_734620	83.083	532	45	22	4399	4896	1513	993	2.89e-138	495
ERR3077549.sra.710	NC_021577_699401_700938	82.648	1556	122	76	472	1905	1530	1	0.0	1380
ERR3077549.sra.727	NC_008463_733095_734620	80.511	626	55	37	4080	4660	1526	923	8.98e-132	473
ERR3077549.sra.749	NC_002516_722096_723631	87.919	1581	86	64	3407	4930	4	1536	0.0	1797
ERR3077549.sra.780	NC_021577_699401_700938	86.867	1561	90	70	1389	2857	1	1538	0.0	1680
ERR3077549.sra.837	NC_020829_593157_594695	86.822	1586	96	63	552	2072	2	1539	0.0	1736
ERR3077549.sra.840	CP001015	86.770	1489	72	61	4375	5770	1458	2	0.0	1635
ERR3077549.sra.856	NC_023066_699348_700885	82.927	328	15	17	56	347	1216	1538	9.49e-80	300
ERR3077549.sra.870	NC_021350_359864_361325	69.937	479	119	17	4365	4829	1454	987	8.46e-38	161
ERR3077549.sra.911	NC_021350_359864_361325	71.845	206	53	4	1256	1458	1420	1217	2.60e-18	96.9
ERR3077549.sra.926	NC_017530_200280_201797	82.511	1561	131	85	2911	4372	1518	1	0.0	1330
ERR3077549.sra.966	NC_021577_699401_700938	85.841	1575	107	68	836	2331	1	1538	0.0	1633
ERR3077549.sra.974	NC_018080_699179_700716	81.610	1267	105	70	4225	5428	1	1202	0.0	1034
ERR3077549.sra.988	NC_021350_359864_361325	72.770	213	47	7	5128	5339	1419	1217	7.30e-20	102
ERR3077549.sra.1025	NC_021350_359864_361325	85.135	74	9	2	4144	4216	987	1059	3.16e-12	77.0
ERR3077549.sra.1034	NC_018080_699179_700716	83.641	379	27	19	49	405	366	1	2.69e-95	351
ERR3077549.sra.1062	CP001015	88.132	1483	61	59	365	1757	1458	1	0.0	1719
ERR3077549.sra.1069	NC_008463_733095_734620	74.752	808	79	46	2239	2965	1468	705	1.48e-122	443
ERR3077549.sra.1069	NC_008463_733095_734620	78.293	410	28	25	3150	3506	405	4	1.07e-73	280
ERR3077549.sra.1101	NC_023066_699348_700885	84.945	910	69	39	89	951	650	1538	0.0	910
ERR3077549.sra.1102	NC_018080_699179_700716	84.523	1583	96	76	2346	3828	1	1534	0.0	1543
ERR3077549.sra.1124	NC_021577_699401_700938	84.596	1188	80	63	69	1176	1165	1	0.0	1126
ERR3077549.sra.1191	NC_021577_699401_700938	83.930	1089	78	55	2390	3408	1517	456	0.0	1014
ERR3077549.sra.1195	gi|310830989|ref|NC_014637.1|_Cafeteria_roenbergensis_virus_BV-PW1,_complete_genome	82.258	62	8	2	2557	2615	510808	510747	2.56e-06	57.2
ERR3077549.sra.1195	gi|310830989|ref|NC_014637.1|_Cafeteria_roenbergensis_virus_BV-PW1,_complete_genome	82.258	62	8	2	2557	2615	511722	511661	2.56e-06	57.2
ERR3077549.sra.1205	NC_021577_699401_700938	84.632	950	65	45	118	1015	618	1538	0.0	926
ERR3077549.sra.1216	NC_021577_699401_700938	84.036	877	55	45	60	870	681	1538	0.0	825
ERR3077549.sra.1220	NC_018080_699179_700716	85.178	1572	89	70	907	2369	1537	1	0.0	1599
ERR3077549.sra.1232	NC_021577_699401_700938	87.971	1089	46	45	3688	4704	1538	463	0.0	1247
ERR3077549.sra.1244	NC_008463_733095_734620	73.787	1381	109	96	2219	3396	1489	159	0.0	654
ERR3077549.sra.1257	NC_015740_719459_721007	86.620	142	11	7	1064	1203	1521	1386	4.18e-34	147
ERR3077549.sra.1288	NC_021350_359864_361325	68.127	411	115	11	1198	1594	986	1394	2.88e-24	116
ERR3077549.sra.1293	NC_021577_699401_700938	85.732	1584	93	73	4464	5960	1	1538	0.0	1629
ERR3077549.sra.1328	gi|49487495|ref|NC_005954.1|_Nanovirus-like_particle,_complete_genome	79.221	77	10	2	38	108	1200	1124	2.04e-08	64.4
ERR3077549.sra.1357	NC_008463_733095_734620	81.308	107	3	7	5906	6001	1521	1421	1.72e-15	87.8
ERR3077549.sra.1379	NC_021009_505857_508732	73.783	267	56	11	4283	4542	194	453	4.66e-28	129
ERR3077549.sra.1446	NC_021350_359864_361325	69.087	427	111	13	2465	2878	1404	986	2.49e-30	136
ERR3077549.sra.1465	CP001015	87.754	1478	76	53	818	2210	1458	1	0.0	1705
ERR3077549.sra.1471	NC_021040_348381_351031	77.419	124	16	6	451	570	2492	2607	6.44e-14	82.4
ERR3077549.sra.1507	NC_018080_699179_700716	90.387	853	19	29	96	897	841	1	0.0	1095
ERR3077549.sra.1525	NC_017530_200280_201797	87.419	1542	93	57	3118	4590	9	1518	0.0	1741
ERR3077549.sra.1529	NC_021009_505857_508732	74.340	265	54	10	3159	3411	193	455	2.06e-31	140
ERR3077549.sra.1562	NC_021350_359864_361325	75.243	206	47	3	5202	5405	1414	1211	4.22e-29	132
ERR3077549.sra.1584	NC_023066_699348_700885	87.849	502	22	17	80	551	1046	1538	2.14e-166	589
ERR3077549.sra.1603	NC_023066_699348_700885	87.609	460	16	18	2525	2955	1538	1091	8.47e-149	529
ERR3077549.sra.1609	NC_021577_699401_700938	88.127	1516	79	58	3987	5423	1494	1	0.0	1752
ERR3077549.sra.1649	NC_019936_1128086_1129503	80.181	1438	148	76	142	1465	1418	4	0.0	1090
ERR3077549.sra.1693	NC_023066_699348_700885	75.921	1059	75	54	53	947	496	1538	0.0	679
ERR3077549.sra.1733	NC_021350_359864_361325	67.368	380	102	12	1560	1922	1371	997	3.43e-17	93.3
ERR3077549.sra.1737	NC_021577_699401_700938	90.436	1558	63	52	1248	2739	1538	1	0.0	1981
ERR3077549.sra.1738	gi|509139559|ref|NC_021320.1|_Halovirus_HRTV-5,_complete_genome	80.645	62	11	1	1595	1656	55943	55883	8.03e-06	55.4
ERR3077549.sra.1805	NC_021040_348381_351031	72.103	233	50	7	865	1086	2376	2604	5.86e-22	109
ERR3077549.sra.1827	NC_021350_359864_361325	70.000	240	58	7	3163	3392	1211	1446	7.36e-16	89.7
ERR3077549.sra.1827	NC_021350_359864_361325	82.090	67	7	2	2950	3013	992	1056	1.02e-07	62.6
ERR3077549.sra.1899	NC_021009_505857_508732	71.429	217	42	12	3377	3576	194	407	2.12e-12	77.0
ERR3077549.sra.1902	NC_021350_359864_361325	70.609	279	70	5	4931	5203	1420	1148	7.25e-26	122
ERR3077549.sra.1913	NC_021577_699401_700938	89.064	1207	51	44	94	1243	356	1538	0.0	1456
ERR3077549.sra.1927	NC_021350_359864_361325	69.070	430	116	12	3336	3756	1420	999	1.16e-30	138
ERR3077549.sra.1944	NC_008463_733095_734620	90.235	553	28	17	6011	6541	1523	975	0.0	700
ERR3077549.sra.1965	NC_018080_699179_700716	87.317	820	30	37	3761	4530	2	797	0.0	910
ERR3077549.sra.1971	NC_021577_699401_700938	83.275	568	38	33	87	619	993	1538	3.10e-139	499
ERR3077549.sra.2028	AM420234	82.594	1511	127	75	189	1589	1485	1	0.0	1324
ERR3077549.sra.2041	NC_018080_699179_700716	89.051	137	7	5	63	193	135	1	9.58e-39	165
ERR3077549.sra.2088	NC_018080_699179_700716	84.845	1577	94	80	1325	2799	1	1534	0.0	1537
ERR3077549.sra.2100	NC_021350_359864_361325	71.795	234	55	6	3423	3648	1414	1184	1.45e-21	107
ERR3077549.sra.2105	NC_021577_699401_700938	84.876	1567	91	57	108	1557	1538	1	0.0	1633
ERR3077549.sra.2120	gi|310830989|ref|NC_014637.1|_Cafeteria_roenbergensis_virus_BV-PW1,_complete_genome	83.871	62	6	3	5298	5355	510808	510747	2.74e-06	57.2
ERR3077549.sra.2120	gi|310830989|ref|NC_014637.1|_Cafeteria_roenbergensis_virus_BV-PW1,_complete_genome	83.871	62	6	3	5298	5355	511722	511661	2.74e-06	57.2
ERR3077549.sra.2148	NC_002516_722096_723631	84.765	1490	110	63	104	1509	80	1536	0.0	1485
ERR3077549.sra.2189	NC_021350_359864_361325	67.778	270	72	9	3248	3507	1453	1189	1.78e-09	68.0
ERR3077549.sra.2196	NC_015215_16481_18017	80.733	1583	158	85	3326	4808	1536	1	0.0	1229
ERR3077549.sra.2263	NC_021577_699401_700938	84.134	1582	89	82	3278	4741	1538	1	0.0	1498
ERR3077549.sra.2286	NC_015678_4661_6196	83.770	1565	125	70	2712	4179	4	1536	0.0	1478
ERR3077549.sra.2294	NC_008463_733095_734620	86.134	1327	67	53	3330	4558	1526	219	0.0	1431
ERR3077549.sra.2306	NC_021350_359864_361325	73.709	213	50	5	893	1102	1211	1420	1.16e-23	114
ERR3077549.sra.2315	NC_021577_699401_700938	78.479	1078	95	63	2502	3466	1538	485	0.0	738
ERR3077549.sra.2332	NC_021009_505857_508732	72.932	266	53	9	1595	1846	193	453	1.76e-29	132
ERR3077549.sra.2343	NC_002516_722096_723631	88.912	1416	58	60	2115	3470	1	1377	0.0	1665
ERR3077549.sra.2368	NC_018080_699179_700716	86.929	635	27	29	3949	4544	2	619	0.0	691
ERR3077549.sra.2375	NC_021350_359864_361325	68.308	325	89	7	561	884	1453	1142	2.38e-20	104
ERR3077549.sra.2376	NC_021577_699401_700938	87.270	1304	63	57	697	1925	1534	259	0.0	1440
ERR3077549.sra.2427	NC_021577_699401_700938	88.903	1568	67	55	1480	2970	1538	1	0.0	1893
ERR3077549.sra.2454	NC_018080_699179_700716	90.000	430	18	17	60	472	422	1	5.86e-148	527
ERR3077549.sra.2519	NC_021577_699401_700938	84.460	1139	59	54	3692	4729	1529	408	0.0	1119
ERR3077549.sra.2521	NC_018080_699179_700716	74.893	1629	208	98	5247	6786	2	1518	0.0	834
ERR3077549.sra.2539	NC_018080_699179_700716	83.715	786	41	44	4017	4741	2	761	0.0	720
ERR3077549.sra.2570	NC_018080_699179_700716	89.130	552	16	22	58	571	546	1	0.0	666
ERR3077549.sra.2587	gi|526118633|ref|NC_021858.1|_Pandoravirus_dulcis,_complete_genome	83.333	54	9	0	574	627	1723525	1723578	2.31e-06	57.2
ERR3077549.sra.2589	gi|509139559|ref|NC_021320.1|_Halovirus_HRTV-5,_complete_genome	87.302	63	6	2	1910	1970	55937	55875	1.24e-10	71.6
ERR3077549.sra.2598	NC_023066_699348_700885	87.582	306	22	11	97	393	1240	1538	2.33e-93	345
ERR3077549.sra.2700	NC_021577_699401_700938	87.421	1574	72	65	3527	5010	1538	1	0.0	1766
ERR3077549.sra.2710	NC_021577_699401_700938	85.193	1425	86	70	4123	5478	1	1369	0.0	1416
ERR3077549.sra.2714	NC_021350_359864_361325	70.438	274	70	7	1421	1687	1184	1453	1.03e-21	107
ERR3077549.sra.2717	AY486386	84.828	1483	116	62	3272	4673	1456	2	0.0	1480
ERR3077549.sra.2725	NC_021577_699401_700938	88.615	1458	71	63	75	1474	118	1538	0.0	1683
ERR3077549.sra.2736	NC_021577_699401_700938	86.581	1565	74	67	4036	5491	1538	1	0.0	1696
ERR3077549.sra.2782	NC_021577_699401_700938	82.453	1590	105	78	2848	4315	1538	1	0.0	1415
ERR3077549.sra.2804	gi|441431943|ref|NC_020104.1|_Acanthamoeba_polyphaga_moumouvirus,_complete_genome	71.585	183	41	7	3203	3378	474894	474716	9.24e-12	75.2
ERR3077549.sra.2804	gi|441431943|ref|NC_020104.1|_Acanthamoeba_polyphaga_moumouvirus,_complete_genome	73.109	119	30	2	3243	3361	290843	290959	1.67e-08	64.4
ERR3077549.sra.2817	NC_023066_699348_700885	91.066	347	9	15	91	421	1198	1538	1.16e-121	439
ERR3077549.sra.2849	NC_021040_348381_351031	70.270	259	55	8	3017	3257	2604	2350	1.42e-20	104
ERR3077549.sra.2885	NC_020912_694257_695795	86.410	780	28	38	80	790	771	1	0.0	829
ERR3077549.sra.2891	NC_018080_699179_700716	84.990	1559	85	59	1455	2890	1	1533	0.0	1626
ERR3077549.sra.2916	NC_021350_359864_361325	67.500	480	133	19	2487	2955	1453	986	9.10e-19	98.7
ERR3077549.sra.2935	NC_008463_733095_734620	79.444	900	71	50	23	848	664	1523	0.0	666
ERR3077549.sra.2949	NC_021577_699401_700938	82.875	1565	97	82	2391	3824	1530	6	0.0	1398
ERR3077549.sra.2974	NC_023066_699348_700885	90.234	512	27	14	3694	4193	1538	1038	0.0	655
ERR3077549.sra.3000	gi|131840030|ref|NC_009127.1|_Cyprinid_herpesvirus_3,_complete_genome	83.607	61	10	0	1425	1485	244749	244689	3.99e-09	66.2
ERR3077549.sra.3045	NC_021350_359864_361325	68.433	434	114	13	4195	4612	994	1420	2.02e-27	127
ERR3077549.sra.3109	NC_021009_505857_508732	72.119	269	58	13	4707	4967	194	453	1.97e-20	104
ERR3077549.sra.3124	NC_021350_359864_361325	72.170	212	47	7	1138	1339	1393	1184	2.56e-18	96.9
ERR3077549.sra.3150	gi|422933791|ref|NC_019495.1|_Cyprinid_herpesvirus_2_strain_ST-J1,_complete_genome	76.344	93	13	4	3541	3632	117377	117293	7.64e-07	59.0
ERR3077549.sra.3157	NC_021577_699401_700938	89.837	1102	50	37	4300	5351	1538	449	0.0	1371
ERR3077549.sra.3161	gi|73852470|ref|NC_007346.1|_Emiliania_huxleyi_virus_86,_complete_genome	85.484	62	7	2	4737	4797	203630	203570	1.77e-08	64.4
ERR3077549.sra.3167	NC_018080_699179_700716	80.512	1406	77	77	57	1293	1378	1	0.0	1131
ERR3077549.sra.3169	NC_021009_505857_508732	73.308	266	58	8	4409	4666	185	445	3.01e-30	136
ERR3077549.sra.3192	NC_018080_699179_700716	86.512	215	6	12	3008	3208	2	207	5.11e-57	224
ERR3077549.sra.3200	CP001015	85.381	1457	123	53	2466	3864	1	1425	0.0	1510
ERR3077549.sra.3214	NC_023149_705843_707378	91.150	565	20	16	185	726	6	563	0.0	749
ERR3077549.sra.3226	NC_008463_733095_734620	84.290	331	21	20	113	423	1199	1518	1.60e-79	300
ERR3077549.sra.3236	NC_021350_359864_361325	73.481	181	44	4	1478	1658	1238	1414	2.49e-18	96.9
ERR3077549.sra.3241	NC_018080_699179_700716	87.037	1512	80	64	84	1509	1482	1	0.0	1660
ERR3077549.sra.3275	NC_009785_661162_662671	87.654	81	2	2	5710	5784	14	92	2.64e-19	100
ERR3077549.sra.3285	NC_021577_699401_700938	83.879	1588	108	78	510	1999	1	1538	0.0	1492
ERR3077549.sra.3315	NC_002516_722096_723631	86.308	1563	84	59	1284	2748	1531	1	0.0	1705
ERR3077549.sra.3327	gi|571031196|ref|NC_023177.1|_Choristoneura_murinana_alphabaculovirus_strain_Darmstadt,_complete_genome	84.127	63	6	4	4585	4646	1231	1290	9.66e-06	55.4
ERR3077549.sra.3375	gi|119953744|ref|NC_008724.1|_Acanthocystis_turfacea_Chlorella_virus_1,_complete_genome	75.824	91	20	2	4671	4760	268258	268347	8.18e-07	59.0
ERR3077549.sra.3377	NC_002516_722096_723631	85.506	1235	90	55	3906	5097	339	1527	0.0	1252
ERR3077549.sra.3380	NC_021350_359864_361325	71.338	314	80	5	1163	1468	1142	1453	1.58e-33	147
ERR3077549.sra.3391	NC_018080_699179_700716	82.783	1574	111	86	3081	4531	1537	1	0.0	1373
ERR3077549.sra.3399	NC_021350_359864_361325	77.320	97	15	5	5345	5439	1077	986	2.42e-07	60.8
ERR3077549.sra.3416	gi|508181800|ref|NC_021312.1|_Phaeocystis_globosa_virus_strain_16T,_complete_genome	83.333	66	9	1	8	73	450335	450398	1.95e-09	68.0
ERR3077549.sra.3447	NC_018080_699179_700716	83.610	1568	102	82	4034	5478	1536	1	0.0	1440
ERR3077549.sra.3462	NC_002516_722096_723631	81.781	1471	115	72	83	1460	122	1532	0.0	1258
ERR3077549.sra.3542	NC_020450_475434_475549	83.721	86	6	3	4719	4796	105	20	6.20e-15	86.0
ERR3077549.sra.3605	NC_018080_699179_700716	84.111	1586	116	83	1789	3292	2	1533	0.0	1472
ERR3077549.sra.3688	NC_023066_699348_700885	87.222	180	7	5	78	244	1362	1538	2.67e-54	214
ERR3077549.sra.3754	NC_021350_359864_361325	67.026	464	121	18	2152	2601	1449	1004	1.10e-17	95.1
ERR3077549.sra.3800	NC_017592_15332_16890	85.530	387	21	16	2697	3063	1	372	2.51e-111	405
ERR3077549.sra.3910	NC_021350_359864_361325	68.342	398	102	17	1161	1546	1371	986	8.54e-18	95.1
ERR3077549.sra.3980	NC_021577_699401_700938	89.982	1128	35	41	5193	6261	5	1113	0.0	1411
ERR3077549.sra.3995	NC_015740_719459_721007	89.381	226	11	7	2865	3079	1545	1322	7.27e-74	280
ERR3077549.sra.4012	NC_021577_699401_700938	88.089	1570	87	59	3395	4896	1	1538	0.0	1813
ERR3077549.sra.4026	NC_015556_239522_241045	72.439	410	37	20	353	691	905	1309	3.28e-52	208
ERR3077549.sra.4026	NC_015556_239522_241045	75.814	215	18	12	111	295	526	736	7.23e-29	131
ERR3077549.sra.4076	NC_023066_699348_700885	72.487	1552	154	99	1178	2475	1538	6	0.0	673
ERR3077549.sra.4102	NC_008463_733095_734620	79.923	518	41	32	3746	4221	1525	1029	4.81e-103	378
ERR3077549.sra.4157	NC_021577_699401_700938	87.935	1409	69	51	88	1417	1391	5	0.0	1636
ERR3077549.sra.4158	NC_021577_699401_700938	89.017	1566	64	60	2232	3726	1534	6	0.0	1876
ERR3077549.sra.4163	NC_023066_699348_700885	78.183	1563	159	97	2472	3877	1538	1	0.0	1009
ERR3077549.sra.4253	NC_018080_699179_700716	87.132	1562	78	68	2319	3803	2	1517	0.0	1716
ERR3077549.sra.4298	gi|526118633|ref|NC_021858.1|_Pandoravirus_dulcis,_complete_genome	77.143	70	16	0	3480	3549	303023	302954	9.21e-06	55.4
ERR3077549.sra.4351	NC_021577_699401_700938	89.031	1176	64	39	72	1207	386	1536	0.0	1422
ERR3077549.sra.4354	NC_021350_359864_361325	66.438	438	114	11	1675	2088	986	1414	1.81e-21	107
ERR3077549.sra.4430	NC_015740_719459_721007	74.757	309	32	19	96	362	1241	1545	6.99e-38	161
ERR3077549.sra.4543	NC_021577_699401_700938	85.173	1241	73	55	2679	3822	1534	308	0.0	1261
ERR3077549.sra.4563	NC_021350_359864_361325	72.963	270	62	5	3765	4026	1450	1184	7.96e-33	145
ERR3077549.sra.4604	NC_018080_699179_700716	83.804	815	55	40	2502	3253	2	802	0.0	764
ERR3077549.sra.4610	NC_018080_699179_700716	91.443	783	24	23	73	817	778	1	0.0	1045
ERR3077549.sra.4713	NC_018080_699179_700716	87.217	1588	91	64	815	2345	2	1534	0.0	1761
ERR3077549.sra.4725	NC_021577_699401_700938	86.630	1264	67	53	4280	5462	1531	289	0.0	1371
ERR3077549.sra.4727	AF003930	76.903	1169	132	60	2141	3214	380	1505	0.0	746
ERR3077549.sra.4756	gi|509139559|ref|NC_021320.1|_Halovirus_HRTV-5,_complete_genome	86.207	58	7	1	1573	1630	55881	55937	5.12e-09	66.2
ERR3077549.sra.4776	NC_021577_699401_700938	84.375	1568	106	81	3073	4556	20	1532	0.0	1483
ERR3077549.sra.4779	NC_021577_699401_700938	86.207	1566	85	72	1033	2499	5	1538	0.0	1644
ERR3077549.sra.4786	CP000725	82.456	1368	121	70	4621	5888	1510	162	0.0	1177
ERR3077549.sra.4786	CP000725	76.908	498	62	24	57	510	489	1	1.58e-85	320
ERR3077549.sra.4847	NC_018080_699179_700716	86.322	1104	57	52	81	1111	1083	1	0.0	1160
ERR3077549.sra.4858	NC_021040_348381_351031	70.317	347	80	14	3714	4047	2591	2255	2.17e-25	120
ERR3077549.sra.4866	D38483	87.688	398	25	14	74	454	415	25	2.58e-126	455
ERR3077549.sra.4878	NC_021350_359864_361325	71.691	272	64	8	3386	3652	1190	1453	2.70e-25	120
ERR3077549.sra.4899	AB021409	81.830	1552	137	79	982	2437	1	1503	0.0	1308
ERR3077549.sra.4967	NC_019936_1128086_1129503	88.813	1457	76	56	119	1527	1	1418	0.0	1719
ERR3077549.sra.5070	NC_008463_733095_734620	81.463	793	81	33	3321	4076	1522	759	0.0	679
ERR3077549.sra.5076	gi|109255272|ref|NC_008168.1|_Choristoneura_occidentalis_granulovirus,_complete_genome	83.077	65	7	3	783	845	20022	19960	3.94e-07	59.0
ERR3077549.sra.5085	NC_021350_359864_361325	74.251	167	38	4	524	685	1244	1410	1.38e-17	95.1
ERR3077549.sra.5158	NC_021577_699401_700938	92.337	783	21	21	5365	6123	9	776	0.0	1083
ERR3077549.sra.5187	NC_021009_505857_508732	70.303	165	30	8	611	760	345	185	6.21e-07	59.0
ERR3077549.sra.5198	NC_021350_359864_361325	67.067	416	115	12	4077	4475	987	1397	7.62e-19	98.7
ERR3077549.sra.5213	gi|531034792|ref|NC_022098.1|_Pandoravirus_salinus,_complete_genome	80.645	62	9	1	1720	1778	481716	481655	8.97e-07	57.2
ERR3077549.sra.5255	NC_021350_359864_361325	70.000	230	54	6	819	1036	1410	1184	1.34e-16	91.5
ERR3077549.sra.5255	NC_021350_359864_361325	79.452	73	10	2	1157	1225	1057	986	2.27e-07	60.8
ERR3077549.sra.5263	NC_015740_719459_721007	84.211	95	11	3	93	183	1451	1545	1.19e-17	95.1
ERR3077549.sra.5299	NC_021040_348381_351031	70.513	234	41	15	110	323	2360	2585	4.19e-10	69.8
ERR3077549.sra.5312	NC_018080_699179_700716	86.712	1031	60	50	4581	5574	1	991	0.0	1086
ERR3077549.sra.5366	gi|441431943|ref|NC_020104.1|_Acanthamoeba_polyphaga_moumouvirus,_complete_genome	72.662	139	28	7	1495	1628	474723	474856	2.95e-06	57.2
ERR3077549.sra.5401	NC_021350_359864_361325	66.737	475	131	16	5251	5711	1453	992	3.64e-18	96.9
ERR3077549.sra.5447	NC_021350_359864_361325	71.480	277	67	7	4464	4729	1138	1413	2.53e-26	123
ERR3077549.sra.5483	NC_021350_359864_361325	72.065	247	56	6	3282	3519	1453	1211	2.59e-25	120
ERR3077549.sra.5523	NC_021577_699401_700938	91.458	1557	50	49	3004	4496	1538	1	0.0	2062
ERR3077549.sra.5585	NC_021577_699401_700938	82.532	1580	131	80	1470	2946	1538	1	0.0	1375
ERR3077549.sra.5614	NC_009434_866708_868256	78.841	794	77	42	42	765	773	1545	7.62e-160	567
ERR3077549.sra.5669	NC_018177_679689_681226	88.780	205	11	5	5835	6028	1535	1332	5.64e-66	255
ERR3077549.sra.5720	NC_021350_359864_361325	85.185	54	7	1	3196	3249	1034	982	9.33e-07	59.0
ERR3077549.sra.5731	NC_018080_699179_700716	86.270	874	50	40	5948	6783	2	843	0.0	919
ERR3077549.sra.5741	NC_002516_722096_723631	80.887	1533	131	89	5301	6740	1	1464	0.0	1189
ERR3077549.sra.5751	NC_021350_359864_361325	68.371	313	85	7	854	1153	1142	1453	1.87e-19	100
ERR3077549.sra.5782	NC_015740_719459_721007	82.051	156	9	8	83	223	1394	1545	3.31e-30	136
ERR3077549.sra.5803	NC_002516_722096_723631	85.189	898	51	40	54	891	878	3	0.0	913
ERR3077549.sra.5820	NC_021350_359864_361325	67.654	439	113	15	339	753	1414	981	1.45e-22	111
ERR3077549.sra.5825	CP001015	85.733	1493	91	66	2086	3491	1458	1	0.0	1544
ERR3077549.sra.5886	NC_021350_359864_361325	68.481	441	107	17	418	838	1414	986	6.93e-26	122
ERR3077549.sra.5908	NC_008463_733095_734620	76.017	1180	112	71	78	1114	374	1525	0.0	686
ERR3077549.sra.5977	NC_020912_694257_695795	90.556	180	6	6	6208	6384	1537	1366	6.83e-59	232
ERR3077549.sra.5986	NC_017548_699217_700752	88.278	418	21	17	3454	3849	1506	1095	1.42e-134	482
ERR3077549.sra.5996	NC_021577_699401_700938	88.144	1552	69	51	311	1761	1538	1	0.0	1844
ERR3077549.sra.6046	NC_023066_699348_700885	84.912	570	35	24	67	598	982	1538	3.45e-163	578
ERR3077549.sra.6058	CP001015	83.345	1435	114	75	3104	4468	1	1380	0.0	1285
ERR3077549.sra.6062	NC_021350_359864_361325	68.966	435	102	13	1675	2091	982	1401	1.62e-33	147
ERR3077549.sra.6075	NC_023149_705843_707378	82.934	334	23	17	70	376	1210	1536	1.07e-79	300
ERR3077549.sra.6098	NC_021577_699401_700938	79.124	1576	130	87	1143	2564	2	1532	0.0	1146
ERR3077549.sra.6106	NC_020450_475434_475549	81.579	76	13	1	1604	1679	27	101	8.44e-11	71.6
ERR3077549.sra.6131	L16473	86.916	1498	93	59	3392	4806	1	1478	0.0	1647
ERR3077549.sra.6137	gi|441431943|ref|NC_020104.1|_Acanthamoeba_polyphaga_moumouvirus,_complete_genome	71.264	174	39	4	1030	1194	474723	474894	2.22e-13	80.6
ERR3077549.sra.6139	NC_021577_699401_700938	87.770	1063	56	41	61	1059	486	1538	0.0	1213
ERR3077549.sra.6150	AF003929	87.257	1546	72	64	3224	4697	5	1497	0.0	1725
ERR3077549.sra.6205	NC_021350_359864_361325	67.391	414	105	16	176	569	992	1395	4.41e-17	93.3
ERR3077549.sra.6222	AB021409	79.379	1547	157	74	2801	4243	1	1489	0.0	1168
ERR3077549.sra.6233	NC_008463_733095_734620	90.683	161	8	5	4828	4983	1523	1365	2.12e-51	206
ERR3077549.sra.6335	NC_021350_359864_361325	70.787	178	48	3	6380	6555	1410	1235	3.42e-12	77.0
ERR3077549.sra.6383	gi|508181800|ref|NC_021312.1|_Phaeocystis_globosa_virus_strain_16T,_complete_genome	79.167	72	14	1	5988	6059	450335	450405	9.71e-07	59.0
ERR3077549.sra.6402	gi|509139559|ref|NC_021320.1|_Halovirus_HRTV-5,_complete_genome	87.500	56	5	2	796	851	55937	55884	8.08e-08	62.6
ERR3077549.sra.6417	NC_023066_699348_700885	80.806	1563	130	82	870	2287	1538	1	0.0	1251
ERR3077549.sra.6462	NC_023066_699348_700885	88.418	803	34	32	3822	4596	1538	767	0.0	939
ERR3077549.sra.6473	NC_021009_505857_508732	74.459	231	48	7	425	647	426	199	3.05e-28	129
ERR3077549.sra.6478	NC_018080_699179_700716	87.700	1561	72	59	2271	3739	2	1534	0.0	1792
ERR3077549.sra.6480	NC_021577_699401_700938	82.319	1561	98	77	968	2393	1538	21	0.0	1384
ERR3077549.sra.6522	NC_021577_699401_700938	89.447	1573	68	62	3757	5266	1	1538	0.0	1898
ERR3077549.sra.6528	NC_021350_359864_361325	71.078	204	53	4	87	287	1420	1220	4.25e-16	89.7
ERR3077549.sra.6551	NC_021577_699401_700938	90.473	1564	49	53	4538	6027	1538	1	0.0	2001
ERR3077549.sra.6637	NC_021009_505857_508732	70.698	215	48	10	3909	4116	209	415	2.64e-11	73.4
ERR3077549.sra.6665	NC_021350_359864_361325	68.299	388	92	16	858	1222	1367	988	6.94e-20	102
ERR3077549.sra.6697	NC_021040_348381_351031	81.132	106	14	3	599	701	2495	2597	2.25e-17	93.3
ERR3077549.sra.6765	NC_021577_699401_700938	88.254	1592	69	69	3790	5317	1	1538	0.0	1824
ERR3077549.sra.6787	NC_018080_699179_700716	86.926	1545	74	68	415	1863	1513	1	0.0	1685
ERR3077549.sra.6790	AB021409	87.022	1518	95	57	2983	4413	1503	1	0.0	1692
ERR3077549.sra.6906	NC_002516_722096_723631	84.812	1330	87	53	76	1317	234	1536	0.0	1353
ERR3077549.sra.6957	NC_021577_699401_700938	85.377	1566	84	72	65	1517	1534	1	0.0	1599
ERR3077549.sra.6959	AB021409	85.781	1491	124	57	1620	3049	1	1464	0.0	1563
ERR3077549.sra.6967	NC_021577_699401_700938	85.742	1557	84	75	2534	3977	1537	6	0.0	1593
ERR3077549.sra.7009	gi|448824968|ref|NC_020232.1|_Megavirus_lba_isolate_LBA111,_complete_genome	74.737	95	22	1	546	640	8805	8897	2.07e-07	60.8
ERR3077549.sra.7095	NC_021505_164022_165561	87.356	87	5	4	4525	4607	3	87	8.94e-18	95.1
ERR3077549.sra.7127	NC_021577_699401_700938	88.306	1582	74	60	2334	3848	1	1538	0.0	1849
ERR3077549.sra.7150	gi|509139559|ref|NC_021320.1|_Halovirus_HRTV-5,_complete_genome	80.282	71	12	2	1985	2054	55872	55941	7.29e-07	59.0
ERR3077549.sra.7157	NC_023149_705843_707378	86.358	865	45	41	3529	4337	1536	689	0.0	910
ERR3077549.sra.7170	gi|310830989|ref|NC_014637.1|_Cafeteria_roenbergensis_virus_BV-PW1,_complete_genome	82.759	58	9	1	3134	3190	510746	510803	2.64e-06	57.2
ERR3077549.sra.7170	gi|310830989|ref|NC_014637.1|_Cafeteria_roenbergensis_virus_BV-PW1,_complete_genome	82.759	58	9	1	3134	3190	511660	511717	2.64e-06	57.2
ERR3077549.sra.7175	gi|531034792|ref|NC_022098.1|_Pandoravirus_salinus,_complete_genome	76.190	126	26	4	32	155	118748	118625	1.11e-13	78.8
ERR3077549.sra.7219	NC_021577_699401_700938	87.985	1315	66	48	3832	5071	1	1298	0.0	1526
ERR3077549.sra.7238	NC_021577_699401_700938	86.805	1546	71	72	3576	5011	1523	1	0.0	1663
ERR3077549.sra.7240	NC_021577_699401_700938	81.445	1606	129	96	2231	3741	1	1532	0.0	1272
ERR3077549.sra.7293	NC_018080_699179_700716	90.833	1560	53	57	3066	4560	1535	1	0.0	1994
ERR3077549.sra.7296	NC_021350_359864_361325	68.966	319	83	6	4746	5055	1453	1142	3.04e-24	116
ERR3077549.sra.7326	AB021409	86.736	1538	115	55	2348	3831	1	1503	0.0	1694
ERR3077549.sra.7408	NC_008463_733095_734620	84.302	172	15	6	6170	6333	1520	1353	5.56e-41	172
ERR3077549.sra.7465	NC_021350_359864_361325	72.015	268	63	8	756	1013	1184	1449	3.43e-25	120
ERR3077549.sra.7474	NC_021577_699401_700938	89.507	1563	68	57	2338	3829	1538	1	0.0	1909
ERR3077549.sra.7484	NC_021009_505857_508732	73.930	257	54	9	1205	1454	203	453	1.35e-29	132
ERR3077549.sra.7500	CP001015	83.047	1516	121	76	2838	4275	1	1458	0.0	1355
ERR3077549.sra.7515	NC_021350_359864_361325	68.153	471	134	11	2124	2585	986	1449	1.37e-30	138
ERR3077549.sra.7515	NC_021350_359864_361325	70.044	227	57	7	5194	5413	1406	1184	9.22e-14	82.4
ERR3077549.sra.7520	NC_023149_705843_707378	88.687	495	17	20	61	521	497	8	1.82e-165	585
ERR3077549.sra.7528	NC_021350_359864_361325	69.231	429	111	14	4589	5003	986	1407	1.24e-29	134
ERR3077549.sra.7552	NC_018868_1037978_1039515	81.894	1552	181	62	3331	4799	4	1538	0.0	1342
ERR3077549.sra.7594	NC_020450_475434_475549	80.519	77	7	3	4925	4993	101	25	5.86e-09	66.2
ERR3077549.sra.7613	NC_021577_699401_700938	85.938	1600	98	72	2215	3753	5	1538	0.0	1662
ERR3077549.sra.7657	NC_021350_359864_361325	81.319	91	17	0	3925	4015	1077	987	1.72e-15	87.8
ERR3077549.sra.7668	NC_002516_722096_723631	84.665	1552	103	74	3100	4559	28	1536	0.0	1514
ERR3077549.sra.7670	NC_021009_505857_508732	81.034	116	16	3	5354	5466	193	305	7.15e-20	102
ERR3077549.sra.7691	NC_007204_660502_662086	75.633	1580	220	83	2864	4311	1584	38	0.0	888
ERR3077549.sra.7769	NC_002516_722096_723631	83.258	1559	124	78	2147	3595	5	1536	0.0	1407
ERR3077549.sra.7778	NC_021577_699401_700938	87.148	1564	75	61	3700	5163	1538	1	0.0	1754
ERR3077549.sra.7786	NC_021350_359864_361325	70.565	248	54	7	6593	6826	1453	1211	2.59e-20	104
ERR3077549.sra.7801	NC_023149_705843_707378	84.423	1560	107	77	1344	2804	10	1532	0.0	1494
ERR3077549.sra.7859	NC_021040_348381_351031	78.761	113	17	5	4984	5094	2585	2478	2.27e-13	80.6
ERR3077549.sra.7923	gi|422933791|ref|NC_019495.1|_Cyprinid_herpesvirus_2_strain_ST-J1,_complete_genome	68.205	195	35	6	518	712	32046	31879	3.47e-10	69.8
ERR3077549.sra.7923	gi|422933791|ref|NC_019495.1|_Cyprinid_herpesvirus_2_strain_ST-J1,_complete_genome	69.565	184	42	5	529	712	32760	32591	3.47e-10	69.8
ERR3077549.sra.7931	NC_002516_722096_723631	86.807	1569	94	65	231	1723	1	1532	0.0	1705
ERR3077549.sra.7936	NC_019936_1128086_1129503	85.371	1456	114	57	904	2298	1	1418	0.0	1498
ERR3077549.sra.7943	NC_021577_699401_700938	85.871	1550	109	68	3072	4541	15	1534	0.0	1600
ERR3077549.sra.7961	NC_021577_699401_700938	90.565	1558	51	54	2496	3993	5	1526	0.0	1990
ERR3077549.sra.7981	NC_023066_699348_700885	86.717	1325	66	48	3911	5138	1538	227	0.0	1480
ERR3077549.sra.7992	NC_021040_348381_351031	69.318	264	52	12	4848	5090	2604	2349	1.80e-14	84.2
ERR3077549.sra.8006	NC_023066_699348_700885	82.514	549	44	22	79	588	1003	1538	1.09e-141	506
ERR3077549.sra.8020	NC_021350_359864_361325	71.861	231	52	5	1451	1668	1184	1414	3.97e-23	113
ERR3077549.sra.8020	NC_021350_359864_361325	83.051	59	8	2	1262	1319	986	1043	9.35e-06	55.4
ERR3077549.sra.8027	NC_021350_359864_361325	69.003	371	104	7	5925	6288	1371	1005	5.90e-28	129
ERR3077549.sra.8044	gi|314055095|ref|NC_014789.1|_Ostreococcus_tauri_virus_2,_complete_genome	77.465	71	16	0	1516	1586	7284	7214	2.92e-06	57.2
ERR3077549.sra.8100	AY486386	84.912	1478	133	52	1172	2578	1460	2	0.0	1507
ERR3077549.sra.8127	NC_021040_348381_351031	81.111	90	13	4	5249	5337	2584	2498	1.18e-10	71.6
ERR3077549.sra.8229	NC_021577_699401_700938	84.408	1334	76	64	50	1288	242	1538	0.0	1299
ERR3077549.sra.8233	NC_008463_733095_734620	79.792	480	57	26	80	536	1043	1505	9.62e-94	347
ERR3077549.sra.8239	NC_021577_699401_700938	81.707	1558	117	82	1399	2830	17	1532	0.0	1306
ERR3077549.sra.8277	NC_002516_722096_723631	86.705	1572	65	67	1210	2673	1536	1	0.0	1721
ERR3077549.sra.8328	NC_021577_699401_700938	87.936	1318	71	48	4484	5741	1	1290	0.0	1523
ERR3077549.sra.8333	gi|531034792|ref|NC_022098.1|_Pandoravirus_salinus,_complete_genome	70.833	192	31	12	1988	2165	107145	106965	6.54e-08	62.6
ERR3077549.sra.8348	NC_021577_699401_700938	81.882	1424	98	70	3552	4838	1538	138	0.0	1234
ERR3077549.sra.8352	gi|27884824|ref|NC_004544.1|_Tomato_yellow_leaf_curl_China_virus_satellite_DNA_beta,_complete_genome	74.286	105	23	2	889	993	994	894	4.42e-08	62.6
ERR3077549.sra.8394	NC_021577_699401_700938	90.561	1568	63	57	4923	6435	1	1538	0.0	1981
ERR3077549.sra.8397	NC_021350_359864_361325	68.182	396	91	17	4438	4810	1371	988	6.75e-20	102
ERR3077549.sra.8400	NC_020450_475434_475549	81.579	76	9	2	3774	3844	94	19	3.12e-10	69.8
ERR3077549.sra.8439	NC_023066_699348_700885	83.773	1553	106	77	5077	6507	10	1538	0.0	1449
ERR3077549.sra.8479	gi|509139559|ref|NC_021320.1|_Halovirus_HRTV-5,_complete_genome	81.667	60	10	1	2105	2163	55879	55938	8.19e-06	55.4
ERR3077549.sra.8505	NC_021350_359864_361325	70.575	435	107	18	5397	5817	1420	993	7.86e-33	145
ERR3077549.sra.8629	gi|485191043|ref|NC_021154.1|_Rodent_pegivirus_isolate_CC61,_complete_genome	94.286	35	2	0	160	194	10314	10348	7.68e-06	55.4
ERR3077549.sra.8675	NC_018080_699179_700716	83.844	1535	108	71	2230	3670	2	1490	0.0	1456
ERR3077549.sra.8736	DQ409140	90.611	1523	56	53	4769	6239	3	1490	0.0	1941
ERR3077549.sra.8893	NC_002516_722096_723631	87.815	1231	81	49	68	1266	343	1536	0.0	1386
ERR3077549.sra.8896	NC_021350_359864_361325	70.813	209	50	5	4887	5089	1414	1211	4.45e-16	89.7
ERR3077549.sra.8915	NC_021350_359864_361325	66.742	442	116	16	472	891	982	1414	1.26e-16	91.5
ERR3077549.sra.8925	gi|310830989|ref|NC_014637.1|_Cafeteria_roenbergensis_virus_BV-PW1,_complete_genome	83.607	61	8	1	2355	2413	510747	510807	6.09e-08	62.6
ERR3077549.sra.8925	gi|310830989|ref|NC_014637.1|_Cafeteria_roenbergensis_virus_BV-PW1,_complete_genome	83.607	61	8	1	2355	2413	511661	511721	6.09e-08	62.6
ERR3077549.sra.8925	gi|310830989|ref|NC_014637.1|_Cafeteria_roenbergensis_virus_BV-PW1,_complete_genome	81.967	61	9	1	2355	2413	509512	509572	7.41e-07	59.0
ERR3077549.sra.8948	NC_021350_359864_361325	68.531	286	79	6	1921	2202	1420	1142	2.25e-17	93.3
ERR3077549.sra.8987	NC_021020_589522_591540	73.585	265	49	11	597	844	262	2	4.21e-29	132
ERR3077549.sra.9009	NC_021577_699401_700938	80.383	1565	150	83	1024	2462	1535	2	0.0	1205
ERR3077549.sra.9101	NC_021577_699401_700938	81.509	1617	117	95	3882	5395	1	1538	0.0	1305
ERR3077549.sra.9114	NC_021175_16001_17556	90.419	334	11	10	70	387	1223	1551	3.01e-119	432
ERR3077549.sra.9126	NC_002516_722096_723631	87.358	1590	77	70	287	1806	1	1536	0.0	1757
ERR3077549.sra.9133	NC_021577_699401_700938	83.301	1563	111	85	85	1550	25	1534	0.0	1395
ERR3077549.sra.9225	NC_023149_705843_707378	74.185	1534	134	86	1095	2385	1536	22	0.0	830
ERR3077549.sra.9283	NC_021040_348381_351031	72.059	204	39	10	66	254	2385	2585	6.73e-14	82.4
ERR3077549.sra.9296	NC_021350_359864_361325	67.202	436	114	16	1770	2189	992	1414	2.19e-18	96.9
ERR3077549.sra.9336	NC_018080_699179_700716	89.890	1543	50	60	1577	3032	1525	2	0.0	1905
ERR3077549.sra.9374	NC_002516_722096_723631	90.723	1175	42	42	84	1214	385	1536	0.0	1499
ERR3077549.sra.9383	NC_021350_359864_361325	68.038	316	83	13	4895	5193	1300	986	3.75e-11	73.4
ERR3077549.sra.9410	NC_018080_699179_700716	83.430	1557	108	71	1847	3281	1	1529	0.0	1460
ERR3077549.sra.9467	NC_021577_699401_700938	88.854	1570	64	56	2709	4199	1	1538	0.0	1891
ERR3077549.sra.9468	NC_019936_1128086_1129503	87.108	1435	78	56	268	1615	1415	1	0.0	1599
ERR3077549.sra.9507	gi|340025671|ref|NC_000852.5|_Paramecium_bursaria_Chlorella_virus_1,_complete_genome	67.657	303	56	15	3071	3354	197436	197715	1.08e-11	75.2
ERR3077549.sra.9507	gi|340025671|ref|NC_000852.5|_Paramecium_bursaria_Chlorella_virus_1,_complete_genome	70.199	151	21	7	3210	3354	21875	21743	2.38e-07	60.8
ERR3077549.sra.9507	gi|340025671|ref|NC_000852.5|_Paramecium_bursaria_Chlorella_virus_1,_complete_genome	68.387	155	27	5	3211	3354	197488	197631	2.89e-06	57.2
ERR3077549.sra.9520	NC_021350_359864_361325	77.778	72	15	1	5030	5101	992	1062	8.94e-06	55.4
ERR3077549.sra.9589	NC_002516_722096_723631	87.491	1375	51	59	2722	3992	1531	174	0.0	1548
ERR3077549.sra.9605	NC_021350_359864_361325	67.797	472	131	12	4288	4743	987	1453	1.40e-28	131
ERR3077549.sra.9640	AF003929	79.253	1446	164	79	2769	4137	127	1513	0.0	1021
ERR3077549.sra.9713	NC_002516_722096_723631	91.397	1546	48	46	729	2202	1533	1	0.0	2058
ERR3077549.sra.9720	NC_021577_699401_700938	87.698	1138	61	45	1641	2715	1538	417	0.0	1290
ERR3077549.sra.9720	NC_021577_699401_700938	89.941	338	12	16	2737	3060	330	1	5.30e-111	405
ERR3077549.sra.9726	NC_020912_694257_695795	91.992	487	14	18	3257	3721	1539	1056	0.0	645
ERR3077549.sra.9770	NC_018080_699179_700716	88.588	1551	77	59	1254	2723	1532	1	0.0	1824
ERR3077549.sra.9782	NC_008463_733095_734620	84.291	1114	62	49	2260	3278	1524	429	0.0	1101
ERR3077549.sra.9894	NC_021577_699401_700938	87.205	1524	67	52	2594	3998	1515	1	0.0	1750
ERR3077549.sra.9900	NC_018080_699179_700716	88.523	1577	55	76	3345	4843	2	1530	0.0	1799
ERR3077549.sra.9935	AY281080	77.626	1247	127	65	968	2109	1	1200	0.0	836
ERR3077549.sra.9960	NC_021350_359864_361325	82.716	81	12	1	4138	4218	1065	987	2.69e-13	80.6
ERR3077549.sra.10013	NC_021577_699401_700938	85.981	1555	76	75	843	2286	15	1538	0.0	1611
ERR3077549.sra.10014	NC_021577_699401_700938	82.714	1238	104	63	97	1256	309	1514	0.0	1083
ERR3077549.sra.10016	NC_021009_505857_508732	72.892	166	33	7	196	358	341	185	2.19e-12	77.0
ERR3077549.sra.10052	NC_021577_699401_700938	84.832	1279	65	64	3291	4462	1538	282	0.0	1260
ERR3077549.sra.10060	NC_018080_699179_700716	80.567	1163	113	61	4406	5481	2	1138	0.0	906
ERR3077549.sra.10062	AY584476	87.057	1468	97	48	1780	3166	1456	1	0.0	1658
ERR3077549.sra.10078	GU361860	86.373	998	58	44	4670	5605	1	982	0.0	1059
ERR3077549.sra.10123	NC_021577_699401_700938	82.009	1573	110	85	2134	3575	2	1532	0.0	1333
ERR3077549.sra.10139	NC_021577_699401_700938	87.325	1570	84	67	5286	6778	7	1538	0.0	1736
ERR3077549.sra.10161	NC_021577_699401_700938	88.813	1171	52	50	51	1171	397	1538	0.0	1368
ERR3077549.sra.10165	NC_021350_359864_361325	71.981	207	48	7	2788	2987	1211	1414	3.65e-16	89.7
ERR3077549.sra.10173	NC_018080_699179_700716	79.535	215	24	10	4211	4412	2	209	2.01e-38	163
ERR3077549.sra.10277	NC_021577_699401_700938	88.395	1551	68	60	2200	3656	1533	1	0.0	1817
ERR3077549.sra.10321	NC_020912_694257_695795	77.968	758	55	41	5441	6110	1537	804	5.00e-149	531
ERR3077549.sra.10412	AM238669	83.176	1480	129	70	473	1873	1449	11	0.0	1339
ERR3077549.sra.10419	NC_018080_699179_700716	83.636	165	7	8	54	200	163	1	1.04e-36	158
ERR3077549.sra.10430	NC_018080_699179_700716	85.234	1578	101	69	4448	5942	1	1529	0.0	1604
ERR3077549.sra.10449	NC_021577_699401_700938	87.899	909	45	35	61	926	652	1538	0.0	1045
ERR3077549.sra.10492	NC_023066_699348_700885	89.446	758	34	27	4213	4936	1538	793	0.0	926
ERR3077549.sra.10505	NC_021577_699401_700938	86.570	1586	72	74	2783	4275	1	1538	0.0	1694
ERR3077549.sra.10522	CP000725	77.054	1582	189	89	2958	4441	1506	1	0.0	973
ERR3077549.sra.10527	NC_019936_1128086_1129503	85.714	1463	104	59	1142	2544	1	1418	0.0	1525
ERR3077549.sra.10543	NC_021577_699401_700938	85.375	1559	85	70	1893	3329	1538	1	0.0	1597
ERR3077549.sra.10616	NC_021577_699401_700938	87.872	907	35	45	67	925	653	1532	0.0	1005
ERR3077549.sra.10638	NC_021350_359864_361325	67.284	486	135	11	2353	2819	973	1453	2.55e-29	132
ERR3077549.sra.10683	NC_021350_359864_361325	69.952	416	106	15	225	627	1404	995	3.65e-30	136
ERR3077549.sra.10722	gi|761895455|ref|NC_001650.2|_Equid_herpesvirus_2_strain_86_67,_complete_genome	71.978	182	37	9	2800	2973	145951	145776	7.08e-11	71.6
ERR3077549.sra.10735	gi|508181800|ref|NC_021312.1|_Phaeocystis_globosa_virus_strain_16T,_complete_genome	75.342	73	9	1	76	148	450335	450398	9.13e-06	55.4
ERR3077549.sra.10762	NC_023066_699348_700885	88.156	895	37	29	56	896	659	1538	0.0	1068
ERR3077549.sra.10777	AF506987	78.151	1341	175	67	100	1367	182	1477	0.0	902
ERR3077549.sra.10872	NC_021577_699401_700938	86.181	1592	94	70	80	1599	1	1538	0.0	1678
ERR3077549.sra.10889	NC_021577_699401_700938	88.993	1599	58	61	2129	3670	1	1538	0.0	1921
ERR3077549.sra.10939	NC_021350_359864_361325	67.907	430	117	10	4088	4497	986	1414	1.96e-27	127
ERR3077549.sra.10958	NC_021577_699401_700938	85.882	765	44	40	81	798	791	1538	0.0	771
ERR3077549.sra.10966	NC_021009_505857_508732	70.000	230	52	8	600	819	431	209	1.76e-14	84.2
ERR3077549.sra.10968	NC_021577_699401_700938	88.582	1559	77	58	2257	3735	1538	1	0.0	1838
ERR3077549.sra.10981	NC_021577_699401_700938	85.745	926	48	43	63	918	621	1532	0.0	957
ERR3077549.sra.11021	NC_018080_699179_700716	91.807	415	8	13	64	456	411	1	8.40e-158	560
ERR3077549.sra.11029	gi|113195177|ref|NC_008291.1|_Taterapox_virus,_complete_genome	76.023	171	12	11	6497	6666	184820	184962	3.05e-19	100
ERR3077549.sra.11029	gi|113195177|ref|NC_008291.1|_Taterapox_virus,_complete_genome	74.444	180	21	11	6440	6616	184825	184982	1.58e-16	91.5
ERR3077549.sra.11029	gi|113195177|ref|NC_008291.1|_Taterapox_virus,_complete_genome	75.000	180	26	11	6403	6578	184819	184983	5.52e-16	89.7
ERR3077549.sra.11029	gi|113195177|ref|NC_008291.1|_Taterapox_virus,_complete_genome	73.418	158	23	9	3059	3215	184846	184985	4.24e-11	73.4
ERR3077549.sra.11029	gi|113195177|ref|NC_008291.1|_Taterapox_virus,_complete_genome	77.670	103	9	6	6564	6666	184824	184912	1.80e-09	68.0
ERR3077549.sra.11029	gi|113195177|ref|NC_008291.1|_Taterapox_virus,_complete_genome	72.021	193	28	14	2973	3161	184820	184990	6.30e-09	66.2
ERR3077549.sra.11029	gi|113195177|ref|NC_008291.1|_Taterapox_virus,_complete_genome	70.256	195	22	13	3688	3880	184820	184980	2.20e-08	64.4
ERR3077549.sra.11029	gi|113195177|ref|NC_008291.1|_Taterapox_virus,_complete_genome	69.118	204	24	13	3092	3292	184821	184988	2.68e-07	60.8
ERR3077549.sra.11029	gi|113195177|ref|NC_008291.1|_Taterapox_virus,_complete_genome	71.006	169	35	9	3779	3940	184826	184987	3.26e-06	57.2
ERR3077549.sra.11031	NC_021577_699401_700938	86.709	1249	56	65	75	1233	1229	1	0.0	1310
ERR3077549.sra.11083	NC_021040_348381_351031	73.793	145	31	5	63	204	2505	2645	1.07e-11	75.2
ERR3077549.sra.11091	NC_021577_699401_700938	86.097	1568	74	78	2547	4006	1	1532	0.0	1624
ERR3077549.sra.11095	NC_009656_807093_808589	72.944	924	110	63	48	873	448	1329	5.53e-104	381
ERR3077549.sra.11102	NC_021577_699401_700938	82.522	1562	119	72	549	1998	13	1532	0.0	1400
ERR3077549.sra.11112	NC_021577_699401_700938	88.755	1574	92	52	2374	3898	1	1538	0.0	1884
ERR3077549.sra.11171	gi|21426071|ref|NC_004002.1|_Sheeppox_virus_17077-99,_complete_genome	90.476	42	4	0	553	594	59470	59511	2.97e-07	59.0
ERR3077549.sra.11215	NC_018080_699179_700716	86.879	503	24	22	56	526	493	1	1.57e-154	549
ERR3077549.sra.11251	NC_021350_359864_361325	74.803	127	22	6	4095	4218	1211	1330	1.40e-09	68.0
ERR3077549.sra.11251	NC_021350_359864_361325	79.730	74	13	2	3881	3952	986	1059	7.27e-07	59.0
ERR3077549.sra.11261	gi|190643491|ref|NC_010990.1|_Alternaria_alternata_dsRNA_mycovirus_segment_M2,_complete_sequence	87.500	48	0	1	3520	3567	2535	2576	1.84e-07	60.8
ERR3077549.sra.11271	NC_021577_699401_700938	75.383	1568	143	86	2518	3872	1538	1	0.0	919
ERR3077549.sra.11352	gi|448824968|ref|NC_020232.1|_Megavirus_lba_isolate_LBA111,_complete_genome	81.538	65	7	3	2930	2994	1228354	1228295	5.41e-06	55.4
ERR3077549.sra.11367	NC_023066_699348_700885	86.637	1579	81	64	1518	3007	1	1538	0.0	1725
ERR3077549.sra.11412	NC_018080_699179_700716	87.147	1556	59	67	1085	2525	1530	1	0.0	1730
ERR3077549.sra.11431	NC_021350_359864_361325	71.930	171	34	7	2478	2637	1420	1253	3.05e-11	73.4
ERR3077549.sra.11434	NC_021577_699401_700938	79.074	1577	137	88	2424	3847	1537	1	0.0	1133
ERR3077549.sra.11443	NC_021577_699401_700938	82.767	853	70	42	4882	5670	1531	692	0.0	756
ERR3077549.sra.11444	NC_019936_1128086_1129503	80.668	988	96	54	4246	5168	1392	435	0.0	764
ERR3077549.sra.11478	NC_020912_694257_695795	86.782	870	59	27	5740	6565	1532	675	0.0	980
ERR3077549.sra.11500	NC_021577_699401_700938	81.655	834	68	46	873	1647	1515	708	0.0	684
ERR3077549.sra.11544	AY486386	80.429	1492	159	74	1548	2943	2	1456	0.0	1160
ERR3077549.sra.11547	NC_023066_699348_700885	80.102	392	34	22	90	447	1157	1538	1.23e-78	297
ERR3077549.sra.11607	NC_021577_699401_700938	88.277	998	53	40	57	1000	988	1	0.0	1150
ERR3077549.sra.11612	NC_018080_699179_700716	89.130	1564	77	58	1718	3215	1	1537	0.0	1876
ERR3077549.sra.11621	NC_018080_699179_700716	80.064	1570	136	75	4526	5951	1537	1	0.0	1242
ERR3077549.sra.11633	NC_021350_359864_361325	66.526	475	135	17	705	1162	986	1453	5.34e-15	86.0
ERR3077549.sra.11751	AF145242	85.900	922	60	36	4178	5043	1504	597	0.0	980
ERR3077549.sra.11787	NC_021577_699401_700938	86.662	1402	70	63	88	1407	172	1538	0.0	1507
ERR3077549.sra.11821	NC_021350_359864_361325	81.250	64	11	1	2692	2754	1046	983	7.19e-07	59.0
ERR3077549.sra.11832	NC_021040_348381_351031	72.589	197	33	10	5402	5579	2584	2390	5.72e-15	86.0
ERR3077549.sra.11845	NC_021350_359864_361325	65.890	472	124	22	3772	4219	995	1453	1.89e-07	60.8
ERR3077549.sra.11849	NC_021350_359864_361325	72.727	187	40	7	2428	2605	1211	1395	6.88e-15	86.0
ERR3077549.sra.11849	NC_021350_359864_361325	76.667	90	17	3	2215	2301	983	1071	9.56e-07	59.0
ERR3077549.sra.11925	NC_018080_699179_700716	90.327	1561	51	50	1238	2723	1537	2	0.0	1999
ERR3077549.sra.11935	NC_021350_359864_361325	82.667	75	12	1	2699	2772	987	1061	2.02e-11	73.4
ERR3077549.sra.11953	NC_023066_699348_700885	84.788	1558	108	68	1517	2969	5	1538	0.0	1552
ERR3077549.sra.11980	gi|14250967|ref|NC_002794.1|_Tupaiid_herpesvirus_1,_complete_genome	92.308	39	3	0	3579	3617	161091	161129	2.49e-06	57.2
ERR3077549.sra.11997	NC_021350_359864_361325	65.502	458	135	12	3457	3898	1449	999	2.30e-13	80.6
ERR3077549.sra.12037	NC_021577_699401_700938	85.165	937	60	41	62	944	917	6	0.0	949
ERR3077549.sra.12056	NC_021350_359864_361325	74.510	204	42	7	5306	5499	1217	1420	1.80e-22	111
ERR3077549.sra.12079	NC_008463_733095_734620	80.645	744	62	40	4197	4882	43	762	5.92e-166	587
ERR3077549.sra.12092	NC_021350_359864_361325	74.611	193	43	4	6881	7071	1211	1399	1.50e-23	114
ERR3077549.sra.12156	NC_019902_3560018_3561620	76.000	175	27	8	102	266	170	1	2.42e-20	104
ERR3077549.sra.12178	NC_002516_722096_723631	89.077	1062	43	43	3481	4493	1532	495	0.0	1265
ERR3077549.sra.12191	gi|310830989|ref|NC_014637.1|_Cafeteria_roenbergensis_virus_BV-PW1,_complete_genome	80.000	65	8	2	4592	4654	510808	510747	9.52e-06	55.4
ERR3077549.sra.12191	gi|310830989|ref|NC_014637.1|_Cafeteria_roenbergensis_virus_BV-PW1,_complete_genome	80.000	65	8	2	4592	4654	511722	511661	9.52e-06	55.4
ERR3077549.sra.12212	NC_008463_733095_734620	89.356	761	40	26	56	793	782	1524	0.0	928
ERR3077549.sra.12262	NC_021350_359864_361325	71.239	226	54	6	231	447	1187	1410	8.98e-19	98.7
ERR3077549.sra.12288	gi|671723033|ref|NC_024625.1|_Peridroma_alphabaculovirus_isolate_GR_167,_complete_genome	78.462	65	14	0	277	341	149311	149247	8.21e-06	55.4
ERR3077549.sra.12290	NC_008463_733095_734620	82.156	269	16	15	4040	4285	1526	1267	1.60e-58	230
ERR3077549.sra.12371	NC_021577_699401_700938	85.980	1562	96	65	1118	2580	1538	1	0.0	1647
ERR3077549.sra.12388	NC_021350_359864_361325	68.675	166	39	5	2091	2244	1253	1417	8.83e-06	55.4
ERR3077549.sra.12413	NC_021577_699401_700938	88.326	1559	64	64	3589	5050	1538	1	0.0	1810
ERR3077549.sra.12415	NC_021040_348381_351031	71.429	168	36	6	288	447	2479	2642	8.38e-11	71.6
ERR3077549.sra.12416	NC_021350_359864_361325	68.161	446	110	16	2419	2850	1419	992	8.65e-26	122
ERR3077549.sra.12436	NC_018080_699179_700716	88.924	1571	75	59	2589	4103	2	1529	0.0	1873
ERR3077549.sra.12438	NC_021040_348381_351031	71.429	238	48	10	5720	5939	2584	2349	3.43e-18	96.9
ERR3077549.sra.12553	NC_021577_699401_700938	76.933	1539	145	90	3655	5029	1533	41	0.0	958
ERR3077549.sra.12555	NC_021577_699401_700938	87.069	928	58	37	41	922	627	1538	0.0	1021
ERR3077549.sra.12568	AB175652	82.812	832	63	42	87	884	661	1446	0.0	738
ERR3077549.sra.12576	NC_021577_699401_700938	87.772	1562	62	63	1251	2709	1536	1	0.0	1788
ERR3077549.sra.12601	AM238669	81.004	1474	117	73	1803	3150	1446	10	0.0	1214
ERR3077549.sra.12607	NC_021040_348381_351031	72.197	223	42	10	4587	4792	2604	2385	2.82e-18	96.9
ERR3077549.sra.12622	NC_021350_359864_361325	69.959	243	62	8	596	833	1420	1184	1.87e-14	84.2
ERR3077549.sra.12651	NC_021577_699401_700938	86.577	1557	103	66	769	2248	11	1538	0.0	1663
ERR3077549.sra.12679	NC_021350_359864_361325	75.000	188	41	4	2949	3132	1229	1414	1.30e-23	114
ERR3077549.sra.12679	NC_021350_359864_361325	82.609	69	10	2	2720	2786	986	1054	2.07e-08	64.4
ERR3077549.sra.12684	gi|370702946|ref|NC_004156.2|_Helicoverpa_zea_nudivirus_2,_complete_genome	79.710	69	9	2	593	659	178575	178640	3.12e-06	57.2
ERR3077549.sra.12684	gi|370702946|ref|NC_004156.2|_Helicoverpa_zea_nudivirus_2,_complete_genome	79.412	68	13	1	593	660	178848	178914	3.12e-06	57.2
ERR3077549.sra.12709	NC_021577_699401_700938	89.308	1590	60	65	1179	2710	1	1538	0.0	1907
ERR3077549.sra.12725	NC_018080_699179_700716	87.524	1563	105	56	178	1678	2	1536	0.0	1768
ERR3077549.sra.12758	NC_021577_699401_700938	76.754	1368	126	89	71	1334	253	1532	0.0	805
ERR3077549.sra.12818	NC_021577_699401_700938	85.673	1389	88	62	119	1446	200	1538	0.0	1429
ERR3077549.sra.12858	NC_021577_699401_700938	88.128	1533	65	63	3345	4783	1534	25	0.0	1766
ERR3077549.sra.12884	NC_021577_699401_700938	86.214	972	39	44	79	978	590	1538	0.0	1036
ERR3077549.sra.12935	NC_023066_699348_700885	87.569	362	27	10	136	481	1179	1538	5.72e-116	421
ERR3077549.sra.12943	NC_023066_699348_700885	87.923	886	39	33	59	895	672	1538	0.0	1029
ERR3077549.sra.12944	NC_021350_359864_361325	73.029	241	56	5	3079	3313	1184	1421	1.64e-27	127
ERR3077549.sra.12957	NC_017530_200280_201797	84.427	1554	126	61	1501	2976	1	1516	0.0	1541
ERR3077549.sra.12973	NC_021577_699401_700938	89.537	1577	78	61	177	1705	1	1538	0.0	1903
ERR3077549.sra.13026	NC_021577_699401_700938	87.075	1029	47	45	74	1039	1008	3	0.0	1131
ERR3077549.sra.13098	NC_019670_111178_112701	84.379	1562	132	66	1305	2792	1524	1	0.0	1521
ERR3077549.sra.13105	gi|340025671|ref|NC_000852.5|_Paramecium_bursaria_Chlorella_virus_1,_complete_genome	85.417	48	7	0	867	914	165718	165765	9.26e-06	55.4
ERR3077549.sra.13144	NC_008463_733095_734620	89.286	924	41	39	3358	4239	1521	614	0.0	1097
ERR3077549.sra.13187	AB021409	84.850	1538	108	65	235	1682	1503	1	0.0	1550
ERR3077549.sra.13240	NC_021577_699401_700938	80.505	1585	169	79	2712	4203	1538	1	0.0	1236
ERR3077549.sra.13250	AY879305	89.691	1523	61	53	2040	3485	1509	6	0.0	1887
ERR3077549.sra.13261	NC_018080_699179_700716	85.714	1582	106	65	209	1718	1	1534	0.0	1649
ERR3077549.sra.13263	NC_021350_359864_361325	69.388	196	43	5	562	744	1229	1420	1.97e-12	77.0
ERR3077549.sra.13292	NC_021577_699401_700938	88.832	1567	62	65	2824	4306	1538	1	0.0	1846
ERR3077549.sra.13317	AF506987	77.502	1529	219	70	1688	3133	5	1491	0.0	1003
ERR3077549.sra.13322	NC_018080_699179_700716	88.312	616	18	22	79	644	612	1	0.0	737
ERR3077549.sra.13343	AB021409	86.911	1528	108	61	1525	2985	1503	1	0.0	1669
ERR3077549.sra.13402	NC_023066_699348_700885	89.619	578	25	21	49	606	976	1538	0.0	710
ERR3077549.sra.13451	NC_021350_359864_361325	66.525	236	60	6	3591	3815	1453	1226	2.36e-07	60.8
ERR3077549.sra.13467	NC_021350_359864_361325	68.397	443	120	9	596	1027	1420	987	8.65e-33	145
ERR3077549.sra.13470	NC_021350_359864_361325	82.258	62	8	1	2877	2938	989	1047	2.06e-07	60.8
ERR3077549.sra.13492	NC_021350_359864_361325	73.801	271	65	5	559	824	1184	1453	4.61e-35	152
ERR3077549.sra.13498	NC_002516_722096_723631	88.137	1315	70	48	2881	4122	1533	232	0.0	1530
ERR3077549.sra.13505	NC_015875_2081382_2082934	82.268	626	52	32	73	664	613	13	3.07e-151	538
ERR3077549.sra.13510	NC_018080_699179_700716	85.522	1561	78	70	3563	5001	1535	1	0.0	1615
ERR3077549.sra.13530	NC_021020_589522_591540	72.659	267	55	13	104	356	264	2	9.43e-23	111
ERR3077549.sra.13564	NC_021350_359864_361325	68.750	480	124	15	4529	4995	986	1452	6.40e-33	145
ERR3077549.sra.13572	NC_021350_359864_361325	83.099	71	10	1	3431	3499	986	1056	1.22e-10	71.6
ERR3077549.sra.13596	NC_021577_699401_700938	86.449	1594	90	69	3904	5427	1	1538	0.0	1703
ERR3077549.sra.13603	gi|441431943|ref|NC_020104.1|_Acanthamoeba_polyphaga_moumouvirus,_complete_genome	75.936	187	39	4	1360	1540	474898	474712	6.19e-26	122
ERR3077549.sra.13735	NC_021350_359864_361325	70.379	422	108	13	6194	6607	1401	989	1.68e-35	154
ERR3077549.sra.13767	NC_021020_589522_591540	69.432	229	43	12	539	744	231	7	1.24e-09	68.0
ERR3077549.sra.13883	gi|531034792|ref|NC_022098.1|_Pandoravirus_salinus,_complete_genome	71.429	189	40	7	1834	2015	107146	106965	9.06e-13	78.8
ERR3077549.sra.13979	NC_002516_722096_723631	87.168	1582	83	64	3476	4989	7	1536	0.0	1757
ERR3077549.sra.13983	NC_018080_699179_700716	85.994	714	29	34	99	748	707	1	0.0	747
ERR3077549.sra.14000	NC_008463_733095_734620	88.516	923	41	37	3101	3969	1520	609	0.0	1079
ERR3077549.sra.14008	NC_021040_348381_351031	72.137	262	57	11	726	975	2385	2642	4.40e-22	109
ERR3077549.sra.14016	gi|509139559|ref|NC_021320.1|_Halovirus_HRTV-5,_complete_genome	87.931	58	3	3	4873	4928	55883	55938	2.12e-08	64.4
ERR3077549.sra.14029	NC_021577_699401_700938	85.950	1210	85	48	60	1211	356	1538	0.0	1276
ERR3077549.sra.14048	NC_018080_699179_700716	85.185	1512	89	72	89	1506	1472	2	0.0	1514
ERR3077549.sra.14056	NC_019936_1128086_1129503	85.341	1453	107	54	2446	3827	1	1418	0.0	1512
ERR3077549.sra.14062	gi|508181800|ref|NC_021312.1|_Phaeocystis_globosa_virus_strain_16T,_complete_genome	75.342	73	9	1	50	122	450335	450398	8.16e-06	55.4
ERR3077549.sra.14132	NC_018080_699179_700716	88.130	1567	73	65	3087	4571	1536	1	0.0	1797
ERR3077549.sra.14150	AB021409	83.651	1523	132	68	3400	4836	1492	1	0.0	1431
ERR3077549.sra.14212	NC_021350_359864_361325	70.000	440	103	12	1529	1946	1414	982	1.72e-40	170
ERR3077549.sra.14260	NC_021577_699401_700938	83.375	1209	97	62	104	1269	385	1532	0.0	1088
ERR3077549.sra.14284	NC_021350_359864_361325	70.638	235	56	9	2250	2475	1184	1414	1.95e-14	84.2
ERR3077549.sra.14302	gi|310830989|ref|NC_014637.1|_Cafeteria_roenbergensis_virus_BV-PW1,_complete_genome	77.778	81	16	2	1006	1085	451418	451339	4.90e-07	59.0
ERR3077549.sra.14313	NC_018080_699179_700716	81.237	1423	111	74	49	1356	1383	2	0.0	1169
ERR3077549.sra.14323	NC_018080_699179_700716	86.554	1532	72	59	3487	4897	1519	1	0.0	1689
ERR3077549.sra.14360	NC_022584_1536869_1538421	84.473	1623	134	68	2666	4240	1	1553	0.0	1591
ERR3077549.sra.14365	NC_021350_359864_361325	67.586	435	126	8	4069	4489	987	1420	1.88e-27	127
ERR3077549.sra.14405	NC_021577_699401_700938	82.149	1619	127	79	4373	5910	1	1538	0.0	1407
ERR3077549.sra.14411	NC_021350_359864_361325	70.892	213	53	4	1067	1273	1420	1211	8.42e-18	95.1
ERR3077549.sra.14500	NC_020912_694257_695795	94.309	123	3	2	5090	5212	2	120	7.27e-45	185
ERR3077549.sra.14525	NC_021009_505857_508732	74.157	267	50	11	3479	3733	194	453	6.84e-31	138
ERR3077549.sra.14532	NC_009439_1141980_1143527	84.734	583	44	29	2806	3358	1544	977	5.68e-158	560
ERR3077549.sra.14559	NC_021577_699401_700938	84.669	1585	104	78	937	2430	2	1538	0.0	1537
ERR3077549.sra.14628	NC_021009_505857_508732	84.615	65	7	3	6468	6529	231	295	7.69e-08	62.6
ERR3077549.sra.14646	NC_023066_699348_700885	90.000	240	11	10	4290	4522	1538	1305	5.90e-77	291
ERR3077549.sra.14680	CP001015	85.183	1478	96	62	1649	3023	1458	1	0.0	1510
ERR3077549.sra.14717	NC_021350_359864_361325	68.254	252	56	9	1224	1458	1176	1420	1.20e-11	75.2
ERR3077549.sra.14729	NC_017548_699217_700752	78.456	1049	92	60	28	968	477	1499	0.0	724
ERR3077549.sra.14733	NC_018080_699179_700716	89.767	1505	67	55	2263	3724	2	1462	0.0	1851
ERR3077549.sra.14744	gi|509139559|ref|NC_021320.1|_Halovirus_HRTV-5,_complete_genome	89.286	56	5	1	3172	3227	55936	55882	9.61e-11	71.6
ERR3077549.sra.14751	NC_021577_699401_700938	81.606	1582	135	86	4506	5975	1	1538	0.0	1294
ERR3077549.sra.14893	NC_020450_475434_475549	77.907	86	13	3	4916	4998	101	19	6.39e-08	62.6
ERR3077549.sra.14894	NC_021577_699401_700938	88.571	1155	46	47	5052	6128	1529	383	0.0	1353
ERR3077549.sra.14930	NC_021577_699401_700938	90.285	1544	52	51	2590	4041	1538	1	0.0	1966
ERR3077549.sra.14984	gi|119953744|ref|NC_008724.1|_Acanthocystis_turfacea_Chlorella_virus_1,_complete_genome	66.406	256	66	8	2664	2906	268258	268506	2.25e-06	57.2
ERR3077549.sra.15027	NC_021040_348381_351031	73.134	201	44	8	538	732	2449	2645	4.07e-17	93.3
ERR3077549.sra.15032	NC_018080_699179_700716	87.879	297	14	15	49	325	295	1	3.99e-87	325
ERR3077549.sra.15047	NC_008463_733095_734620	90.296	371	12	14	91	441	1158	1524	1.48e-129	466
ERR3077549.sra.15048	gi|310830989|ref|NC_014637.1|_Cafeteria_roenbergensis_virus_BV-PW1,_complete_genome	83.929	56	7	1	2313	2366	510746	510801	6.47e-07	59.0
ERR3077549.sra.15048	gi|310830989|ref|NC_014637.1|_Cafeteria_roenbergensis_virus_BV-PW1,_complete_genome	83.929	56	7	1	2313	2366	511660	511715	6.47e-07	59.0
ERR3077549.sra.15048	gi|310830989|ref|NC_014637.1|_Cafeteria_roenbergensis_virus_BV-PW1,_complete_genome	83.636	55	7	1	2313	2365	509511	509565	2.26e-06	57.2
ERR3077549.sra.15187	NC_021009_505857_508732	76.351	148	23	8	457	599	347	207	4.74e-15	84.2
ERR3077549.sra.15197	NC_021350_359864_361325	69.703	472	129	10	630	1093	1453	988	1.02e-41	174
ERR3077549.sra.15217	NC_021577_699401_700938	86.381	1564	75	74	3552	5003	1538	1	0.0	1651
ERR3077549.sra.15268	NC_021009_505857_508732	70.290	276	63	11	425	688	453	185	1.77e-18	96.9
ERR3077549.sra.15285	CP001015	85.333	1500	102	66	3492	4915	1	1458	0.0	1523
ERR3077549.sra.15374	gi|441431943|ref|NC_020104.1|_Acanthamoeba_polyphaga_moumouvirus,_complete_genome	73.913	184	36	7	5336	5509	474894	474713	1.30e-17	95.1
ERR3077549.sra.15394	NC_002516_722096_723631	87.587	1579	77	63	2639	4143	1534	1	0.0	1788
ERR3077549.sra.15438	NC_008463_733095_734620	87.500	104	8	5	69	170	1415	1515	1.22e-22	111
ERR3077549.sra.15471	NC_021350_359864_361325	69.296	469	128	11	1281	1740	992	1453	7.99e-38	161
ERR3077549.sra.15495	NC_008463_733095_734620	91.824	318	5	13	4449	4756	1524	1218	6.19e-115	417
ERR3077549.sra.15518	NC_021009_505857_508732	74.118	255	48	11	5958	6200	183	431	6.07e-28	129
ERR3077549.sra.15560	NC_022738_191891_193429	88.679	106	0	4	54	147	121	16	9.08e-29	131
ERR3077549.sra.15623	NC_021040_348381_351031	74.803	127	25	5	541	663	2479	2602	4.35e-10	69.8
ERR3077549.sra.15628	NC_018080_699179_700716	85.625	480	17	25	5688	6133	2	463	1.53e-136	489
ERR3077549.sra.15636	NC_018080_699179_700716	76.933	1604	155	101	1987	3444	1535	1	0.0	964
ERR3077549.sra.15637	NC_008463_733095_734620	77.617	898	75	61	3193	3994	1525	658	1.00e-155	553
ERR3077549.sra.15646	gi|327409465|ref|NC_015323.1|_Fowl_adenovirus_C,_complete_genome	70.303	165	25	8	2632	2794	44162	44020	4.95e-08	62.6
ERR3077549.sra.15683	NC_018080_699179_700716	89.443	1563	64	60	2620	4115	1	1529	0.0	1896
ERR3077549.sra.15703	NC_018080_699179_700716	84.699	1562	102	68	3270	4723	2	1534	0.0	1557
ERR3077549.sra.15759	NC_023066_699348_700885	83.079	786	62	43	62	807	784	1538	0.0	688
ERR3077549.sra.15796	NC_021009_505857_508732	74.453	274	56	11	628	892	453	185	3.00e-32	141
ERR3077549.sra.15843	NC_013715_1592163_1593688	86.766	1549	97	59	914	2378	2	1526	0.0	1701
ERR3077549.sra.15857	NC_018080_699179_700716	87.555	1583	76	76	2597	4107	1	1534	0.0	1734
ERR3077549.sra.15871	NC_019936_1128086_1129503	87.396	1444	78	57	1081	2446	1418	1	0.0	1620
ERR3077549.sra.15889	NC_021009_505857_508732	69.858	282	62	14	3377	3646	183	453	1.38e-14	84.2
ERR3077549.sra.15898	NC_021020_589522_591540	72.350	217	45	7	394	596	222	7	1.16e-20	104
ERR3077549.sra.15913	NC_021577_699401_700938	84.133	1563	102	72	1874	3322	1531	1	0.0	1508
ERR3077549.sra.16057	NC_021577_699401_700938	83.694	1018	67	42	4487	5417	1538	533	0.0	987
ERR3077549.sra.16070	NC_021577_699401_700938	84.150	1571	113	65	2519	3996	1528	1	0.0	1541
ERR3077549.sra.16090	NC_018080_699179_700716	90.505	990	37	33	3905	4854	2	974	0.0	1265
ERR3077549.sra.16120	NC_021577_699401_700938	85.842	1568	90	80	2386	3851	1538	1	0.0	1586
ERR3077549.sra.16151	NC_018080_699179_700716	82.672	1587	120	77	892	2374	1536	1	0.0	1415
ERR3077549.sra.16181	NC_023066_699348_700885	85.345	464	31	20	4103	4542	1538	1088	8.77e-132	473
ERR3077549.sra.16186	NC_021350_359864_361325	67.870	277	75	8	3110	3379	1453	1184	7.39e-12	75.2
ERR3077549.sra.16226	NC_023149_705843_707378	76.505	1528	112	90	771	2089	2	1491	0.0	955
ERR3077549.sra.16244	gi|531034792|ref|NC_022098.1|_Pandoravirus_salinus,_complete_genome	70.718	181	33	11	1821	1989	107140	106968	2.14e-06	57.2
ERR3077549.sra.16269	NC_018080_699179_700716	84.756	1581	101	75	478	1963	1536	1	0.0	1553
ERR3077549.sra.16301	gi|526118633|ref|NC_021858.1|_Pandoravirus_dulcis,_complete_genome	83.019	53	9	0	2167	2219	509934	509882	8.39e-06	55.4
ERR3077549.sra.16334	NC_002516_722096_723631	85.052	1552	75	75	254	1668	1532	1	0.0	1557
ERR3077549.sra.16408	NC_009439_1141980_1143527	83.507	576	41	29	60	598	986	1544	1.30e-148	529
ERR3077549.sra.16413	NC_002516_722096_723631	86.004	1579	101	70	1107	2610	3	1536	0.0	1644
ERR3077549.sra.16429	NC_021350_359864_361325	68.015	272	68	9	454	713	1409	1145	7.41e-12	75.2
ERR3077549.sra.16498	NC_002516_722096_723631	81.278	1549	100	76	1667	3045	1534	6	0.0	1315
ERR3077549.sra.16504	NC_018080_699179_700716	79.928	279	22	12	64	311	276	1	5.84e-58	228
ERR3077549.sra.16624	NC_008463_733095_734620	86.531	542	33	23	5132	5647	1525	998	2.91e-164	581
ERR3077549.sra.16663	NC_018080_699179_700716	83.846	1560	95	78	3405	4833	1534	1	0.0	1467
ERR3077549.sra.16669	NC_021577_699401_700938	88.501	1574	68	58	899	2395	1	1538	0.0	1864
ERR3077549.sra.16685	NC_021040_348381_351031	79.570	93	10	4	377	465	2493	2580	4.08e-11	73.4
ERR3077549.sra.16687	NC_018080_699179_700716	85.106	564	32	26	371	895	551	1	1.79e-160	569
ERR3077549.sra.16687	NC_018080_699179_700716	85.494	324	19	14	57	359	990	674	6.69e-90	334
ERR3077549.sra.16742	NC_008463_733095_734620	76.797	918	101	57	85	919	630	1518	7.77e-152	540
ERR3077549.sra.16772	AF003929	86.581	775	46	29	1046	1777	5	764	0.0	850
ERR3077549.sra.16813	gi|157952304|ref|NC_009898.1|_Paramecium_bursaria_Chlorella_virus_NY2A,_complete_genome	75.904	83	18	1	2002	2082	65610	65528	2.18e-06	57.2
ERR3077549.sra.16824	AF003929	83.821	1434	87	65	3865	5180	1513	107	0.0	1379
ERR3077549.sra.16858	AB021409	83.513	1395	123	64	113	1428	137	1503	0.0	1294
ERR3077549.sra.16878	NC_018080_699179_700716	80.835	1414	121	70	76	1367	1386	1	0.0	1148
ERR3077549.sra.16914	NC_023066_699348_700885	83.690	1588	113	74	2036	3528	2	1538	0.0	1494
ERR3077549.sra.16922	NC_023149_705843_707378	83.923	622	39	34	37	610	609	1	1.27e-161	572
ERR3077549.sra.16975	NC_021040_348381_351031	75.362	138	26	6	256	388	2451	2585	2.41e-12	77.0
ERR3077549.sra.17002	NC_021009_505857_508732	70.000	250	56	13	468	707	440	200	1.33e-10	71.6
ERR3077549.sra.17018	gi|49237297|ref|NC_005946.1|_Frog_virus_3,_complete_genome	66.990	206	56	4	1305	1506	51007	51204	7.66e-07	59.0
ERR3077549.sra.17077	NC_009439_1141980_1143527	81.913	575	53	33	50	594	992	1545	1.25e-129	466
ERR3077549.sra.17133	gi|526118633|ref|NC_021858.1|_Pandoravirus_dulcis,_complete_genome	87.500	48	5	1	1808	1855	1849227	1849273	2.15e-06	57.2
ERR3077549.sra.17137	NC_021040_348381_351031	71.193	243	54	8	5046	5277	2597	2360	7.52e-20	102
ERR3077549.sra.17191	NC_021577_699401_700938	89.454	1574	74	62	628	2145	1	1538	0.0	1894
ERR3077549.sra.17214	NC_021577_699401_700938	87.765	1226	62	38	2671	3819	1517	303	0.0	1443
ERR3077549.sra.17234	NC_019936_1128086_1129503	84.435	1452	99	62	1862	3220	1418	1	0.0	1434
ERR3077549.sra.17261	NC_008463_733095_734620	80.833	240	19	13	106	332	1293	1518	5.59e-47	192
ERR3077549.sra.17331	NC_021577_699401_700938	81.904	1597	139	67	2325	3830	1	1538	0.0	1411
ERR3077549.sra.17363	gi|14250967|ref|NC_002794.1|_Tupaiid_herpesvirus_1,_complete_genome	75.510	98	24	0	2531	2628	3616	3519	4.60e-10	69.8
ERR3077549.sra.17374	AB021409	84.711	1524	117	64	3283	4714	1500	1	0.0	1521
ERR3077549.sra.17406	NC_021577_699401_700938	82.419	1604	114	91	302	1803	1	1538	0.0	1362
ERR3077549.sra.17459	NC_021350_359864_361325	67.355	484	124	14	499	971	1446	986	3.42e-28	129
ERR3077549.sra.17472	AB021409	84.565	1529	132	59	1110	2560	1	1503	0.0	1528
ERR3077549.sra.17474	NC_021577_699401_700938	87.294	425	24	20	4070	4473	1532	1117	5.45e-128	461
ERR3077549.sra.17499	NC_018080_699179_700716	88.689	1556	58	64	1976	3439	1530	1	0.0	1831
ERR3077549.sra.17507	NC_018080_699179_700716	87.284	637	24	32	703	1311	2	609	0.0	691
ERR3077549.sra.17521	NC_009439_1141980_1143527	85.515	718	40	32	66	740	848	1544	0.0	740
ERR3077549.sra.17539	NC_021577_699401_700938	87.907	1596	66	73	1420	2946	1	1538	0.0	1793
ERR3077549.sra.17556	NC_015215_16481_18017	80.708	1581	142	76	1678	3140	1536	1	0.0	1281
ERR3077549.sra.17563	NC_021350_359864_361325	71.098	173	42	5	6420	6585	1211	1382	1.46e-10	71.6
ERR3077549.sra.17592	NC_021350_359864_361325	77.901	181	36	4	788	965	1218	1397	3.10e-29	132
ERR3077549.sra.17607	NC_021350_359864_361325	71.500	200	52	5	4039	4236	1407	1211	7.04e-15	86.0
ERR3077549.sra.17617	NC_023149_705843_707378	85.705	1546	80	62	1931	3350	1	1531	0.0	1640
ERR3077549.sra.17633	NC_018080_699179_700716	84.997	1573	91	76	1770	3237	1533	1	0.0	1561
ERR3077549.sra.17639	NC_021020_589522_591540	71.300	223	28	16	4264	4458	7	221	8.98e-12	75.2
ERR3077549.sra.17669	NC_018080_699179_700716	84.416	1585	83	78	604	2074	1535	1	0.0	1541
ERR3077549.sra.17687	NC_020912_694257_695795	83.797	790	54	39	1508	2258	1	755	0.0	738
ERR3077549.sra.17691	NC_017530_200280_201797	82.957	1549	122	61	4650	6089	1516	1	0.0	1456
ERR3077549.sra.17730	NC_021350_359864_361325	67.679	461	121	14	1813	2249	1453	997	6.86e-26	122
ERR3077549.sra.17847	gi|363539767|ref|NC_016072.1|_Megavirus_chiliensis,_complete_genome	72.477	109	27	2	3243	3349	602855	602748	9.41e-06	55.4
ERR3077549.sra.17854	NC_021020_589522_591540	83.099	71	11	1	65	135	71	2	1.05e-10	71.6
ERR3077549.sra.17918	NC_021040_348381_351031	77.070	157	26	8	5348	5499	2604	2453	1.07e-17	95.1
ERR3077549.sra.17925	gi|526118633|ref|NC_021858.1|_Pandoravirus_dulcis,_complete_genome	77.941	68	15	0	29	96	1096800	1096867	6.72e-06	55.4
ERR3077549.sra.17938	NC_018080_699179_700716	88.152	844	38	35	5483	6282	1	826	0.0	969
ERR3077549.sra.17959	CP001015	89.502	1486	75	52	1641	3082	1	1449	0.0	1815
ERR3077549.sra.17965	NC_018706_214504_216058	76.289	97	18	2	128	220	97	2	1.63e-09	68.0
ERR3077549.sra.17972	NC_021350_359864_361325	70.260	269	64	9	247	503	1397	1133	6.41e-19	98.7
ERR3077549.sra.18009	NC_018080_699179_700716	87.707	1570	64	67	962	2435	1537	1	0.0	1775
ERR3077549.sra.18027	NC_021350_359864_361325	76.087	92	17	1	3687	3773	1275	1184	1.71e-09	68.0
ERR3077549.sra.18048	NC_023066_699348_700885	87.778	180	9	8	4936	5110	1538	1367	9.25e-50	201
ERR3077549.sra.18058	NC_021350_359864_361325	74.051	158	38	3	4601	4757	1366	1211	4.89e-16	89.7
ERR3077549.sra.18094	NC_019936_1128086_1129503	87.586	1458	88	57	1927	3331	1	1418	0.0	1640
ERR3077549.sra.18096	gi|119953744|ref|NC_008724.1|_Acanthocystis_turfacea_Chlorella_virus_1,_complete_genome	69.945	183	44	6	1802	1981	268432	268258	3.79e-09	66.2
ERR3077549.sra.18148	NC_008463_733095_734620	88.836	627	16	21	1784	2359	1522	899	0.0	769
ERR3077549.sra.18180	NC_018080_699179_700716	81.702	1563	106	76	1180	2590	1535	1	0.0	1350
ERR3077549.sra.18182	NC_021577_699401_700938	81.321	787	58	48	4653	5386	1	751	3.17e-176	621
ERR3077549.sra.18222	NC_023066_699348_700885	84.856	766	50	39	75	809	808	1538	0.0	742
ERR3077549.sra.18228	NC_018080_699179_700716	89.094	1568	71	60	1285	2787	2	1534	0.0	1876
ERR3077549.sra.18234	NC_018080_699179_700716	85.339	723	31	36	726	1416	2	681	0.0	731
ERR3077549.sra.18234	NC_018080_699179_700716	85.258	407	23	21	1788	2172	1141	1532	1.87e-110	403
ERR3077549.sra.18246	gi|509139559|ref|NC_021320.1|_Halovirus_HRTV-5,_complete_genome	80.328	61	12	0	2227	2287	55943	55883	2.56e-06	57.2
ERR3077549.sra.18252	NC_023149_705843_707378	71.554	341	50	17	77	382	329	1	2.20e-32	143
ERR3077549.sra.18267	NC_022361_721980_723503	84.000	550	39	27	5090	5605	1522	988	2.89e-145	518
ERR3077549.sra.18280	NC_017530_200280_201797	84.228	1528	119	59	1276	2693	1516	1	0.0	1514
ERR3077549.sra.18292	NC_021020_589522_591540	70.852	223	48	10	441	655	218	5	2.49e-13	80.6
ERR3077549.sra.18304	gi|422933791|ref|NC_019495.1|_Cyprinid_herpesvirus_2_strain_ST-J1,_complete_genome	69.143	175	39	6	580	753	32736	32576	6.87e-07	59.0
ERR3077549.sra.18356	NC_021009_505857_508732	69.820	222	42	13	450	648	428	209	7.74e-08	62.6
ERR3077549.sra.18435	NC_023066_699348_700885	88.209	1586	71	64	849	2366	1	1538	0.0	1833
ERR3077549.sra.18473	NC_023149_705843_707378	72.182	683	44	35	65	603	681	1	6.84e-95	349
ERR3077549.sra.18479	NC_017595_14961_16496	87.945	365	13	13	54	397	1181	1535	1.27e-118	430
ERR3077549.sra.18497	NC_018080_699179_700716	86.612	1576	98	67	1542	3052	2	1529	0.0	1691
ERR3077549.sra.18544	NC_021577_699401_700938	84.933	1573	108	70	399	1883	1	1532	0.0	1570
ERR3077549.sra.18624	NC_021350_359864_361325	68.646	421	108	18	1774	2178	1393	981	6.78e-21	105
ERR3077549.sra.18627	NC_017548_699217_700752	80.132	755	54	44	84	763	295	1028	6.01e-163	574
ERR3077549.sra.18649	NC_021350_359864_361325	67.355	484	126	17	4809	5277	987	1453	5.03e-23	113
ERR3077549.sra.18662	NC_023066_699348_700885	87.925	530	25	21	4843	5348	1538	1024	1.99e-172	609
ERR3077549.sra.18665	NC_021350_359864_361325	74.897	243	58	2	547	789	1214	1453	9.73e-37	158
ERR3077549.sra.18674	NC_021577_699401_700938	84.230	1598	104	75	2379	3893	1	1533	0.0	1541
ERR3077549.sra.18677	NC_018080_699179_700716	87.722	562	19	20	4251	4773	2	552	0.0	657
ERR3077549.sra.18749	gi|9629210|ref|NC_001782.1|_Saccharomyces_cerevisiae_killer_virus_M1,_complete_genome	87.500	64	6	1	3467	3530	1123	1184	2.19e-12	77.0
ERR3077549.sra.18777	NC_023066_699348_700885	86.510	1023	58	38	64	1030	540	1538	0.0	1124
ERR3077549.sra.18825	NC_015740_719459_721007	83.521	267	27	9	93	348	1285	1545	4.41e-67	259
ERR3077549.sra.18873	NC_023066_699348_700885	90.959	365	13	11	5867	6213	1538	1176	2.81e-133	479
ERR3077549.sra.18907	NC_018177_679689_681226	87.356	1566	102	55	2912	4409	1538	1	0.0	1770
ERR3077549.sra.18917	NC_020912_694257_695795	77.857	280	31	17	55	309	1266	1539	1.05e-42	178
ERR3077549.sra.18946	NC_021350_359864_361325	69.421	242	58	11	4580	4810	1420	1184	1.44e-09	68.0
ERR3077549.sra.18991	NC_021350_359864_361325	73.810	168	39	2	1436	1598	1247	1414	2.75e-19	100
ERR3077549.sra.19004	NC_021020_589522_591540	70.943	265	52	14	502	747	264	6	1.09e-16	91.5
ERR3077549.sra.19028	AB021409	86.088	1531	112	59	1199	2658	1	1501	0.0	1633
ERR3077549.sra.19034	NC_021577_699401_700938	88.790	1579	64	63	2191	3697	1	1538	0.0	1867
ERR3077549.sra.19041	NC_021350_359864_361325	68.553	477	123	14	569	1027	1453	986	8.11e-33	145
ERR3077549.sra.19080	NC_021350_359864_361325	68.033	488	125	15	2818	3295	987	1453	8.21e-31	138
ERR3077549.sra.19153	NC_019936_1128086_1129503	87.707	1448	72	56	1389	2760	1	1418	0.0	1653
ERR3077549.sra.19157	NC_008463_733095_734620	85.923	547	27	31	62	573	331	862	1.57e-153	545
ERR3077549.sra.19161	NC_021577_699401_700938	88.217	1587	71	64	3646	5165	1	1538	0.0	1835
ERR3077549.sra.19179	NC_021009_505857_508732	71.970	264	53	12	4529	4774	193	453	1.54e-21	107
ERR3077549.sra.19183	NC_023066_699348_700885	83.818	550	35	30	100	611	1005	1538	4.99e-141	504
ERR3077549.sra.19370	NC_023066_699348_700885	84.080	402	30	16	5955	6329	1538	1144	2.69e-108	396
ERR3077549.sra.19388	NC_021577_699401_700938	83.134	1589	89	86	1251	2712	2	1538	0.0	1431
ERR3077549.sra.19467	NC_023066_699348_700885	89.930	1569	58	63	156	1659	5	1538	0.0	1923
ERR3077549.sra.19474	gi|531034792|ref|NC_022098.1|_Pandoravirus_salinus,_complete_genome	81.034	58	11	0	403	460	106970	107027	4.38e-06	55.4
ERR3077549.sra.19481	NC_021040_348381_351031	68.872	257	61	9	693	935	2353	2604	2.25e-13	80.6
ERR3077549.sra.19486	NC_018080_699179_700716	86.943	1570	87	63	1821	3304	1538	1	0.0	1730
ERR3077549.sra.19522	NC_021020_589522_591540	77.551	98	19	1	154	248	246	149	2.74e-12	77.0
ERR3077549.sra.19556	AM157420	86.443	1549	85	61	839	2298	1544	32	0.0	1685
ERR3077549.sra.19566	NC_021350_359864_361325	68.706	425	118	11	1298	1714	1414	997	1.54e-28	131
ERR3077549.sra.19586	gi|148828660|ref|NC_009560.1|_Tomato_yellow_leaf_curl_Vietnam_virus_satellite_DNA_beta,_complete_genome	76.471	85	17	1	2	86	1006	925	5.73e-08	62.6
ERR3077549.sra.19591	NC_023066_699348_700885	86.946	1578	91	61	3034	4537	1	1537	0.0	1746
ERR3077549.sra.19606	NC_018080_699179_700716	88.817	1556	72	55	1007	2483	1533	1	0.0	1865
ERR3077549.sra.19718	gi|391738075|ref|NC_018072.1|_Bean_necrotic_mosaic_virus_segment_M,_complete_sequence	80.000	65	8	1	4568	4632	1091	1150	6.76e-07	59.0
ERR3077549.sra.19753	CP000725	89.516	1240	64	44	3560	4754	1510	292	0.0	1512
ERR3077549.sra.19763	gi|508181800|ref|NC_021312.1|_Phaeocystis_globosa_virus_strain_16T,_complete_genome	82.759	58	8	1	1	58	450343	450398	2.89e-06	57.2
ERR3077549.sra.19837	NC_021009_505857_508732	71.348	178	35	8	59	222	412	237	4.75e-10	69.8
ERR3077549.sra.19871	AM157441	78.387	1550	154	92	865	2271	1555	44	0.0	1034
ERR3077549.sra.19873	NC_015410_3043007_3044555	85.162	1604	111	70	991	2526	1549	5	0.0	1618
ERR3077549.sra.19892	gi|15078713|ref|NC_003038.1|_Invertebrate_iridescent_virus_6,_complete_genome	86.667	45	6	0	2618	2662	95412	95456	9.66e-06	55.4
ERR3077549.sra.19959	gi|441431943|ref|NC_020104.1|_Acanthamoeba_polyphaga_moumouvirus,_complete_genome	75.309	162	27	7	1183	1335	474894	474737	2.44e-17	93.3
ERR3077549.sra.19964	NC_023066_699348_700885	89.844	896	28	34	5517	6383	3	864	0.0	1110
ERR3077549.sra.19975	NC_021350_359864_361325	69.154	201	46	8	3230	3422	1228	1420	7.23e-08	62.6
ERR3077549.sra.20060	NC_021350_359864_361325	79.730	74	11	3	4768	4841	1061	992	2.41e-06	57.2
ERR3077549.sra.20062	NC_021040_348381_351031	73.684	209	39	7	4230	4425	2599	2394	3.38e-23	113
ERR3077549.sra.20073	NC_008463_733095_734620	85.989	885	63	38	47	892	664	1526	0.0	921
ERR3077549.sra.20076	NC_008463_733095_734620	90.493	568	13	20	111	649	968	1523	0.0	728
ERR3077549.sra.20103	gi|531034792|ref|NC_022098.1|_Pandoravirus_salinus,_complete_genome	81.250	64	11	1	4037	4100	106965	107027	8.56e-07	59.0
ERR3077549.sra.20152	NC_021009_505857_508732	76.838	272	48	10	3352	3620	194	453	3.00e-42	176
ERR3077549.sra.20170	gi|314055095|ref|NC_014789.1|_Ostreococcus_tauri_virus_2,_complete_genome	73.154	149	25	7	1249	1390	9194	9334	1.29e-10	71.6
ERR3077549.sra.20186	NC_021350_359864_361325	73.182	220	52	6	3436	3650	1184	1401	1.00e-22	111
ERR3077549.sra.20186	NC_021350_359864_361325	83.333	54	7	1	3245	3298	987	1038	6.76e-06	55.4
ERR3077549.sra.20188	NC_018080_699179_700716	88.795	473	24	19	4291	4747	2	461	3.43e-156	554
ERR3077549.sra.20192	NC_017548_699217_700752	83.295	874	66	41	2724	3527	1525	662	0.0	805
ERR3077549.sra.20211	AY485603	87.671	1460	77	46	4171	5540	1453	7	0.0	1707
ERR3077549.sra.20242	NC_023149_705843_707378	86.970	637	37	29	4473	5079	1	621	0.0	686
ERR3077549.sra.20273	NC_021009_505857_508732	76.220	164	30	5	7163	7318	193	355	8.04e-21	105
ERR3077549.sra.20326	NC_021577_699401_700938	83.441	930	68	47	127	991	588	1496	0.0	848
ERR3077549.sra.20365	NC_021577_699401_700938	84.493	1567	98	74	375	1835	1533	6	0.0	1528
ERR3077549.sra.20380	AM157441	89.962	797	37	23	54	822	828	47	0.0	1012
ERR3077549.sra.20419	NC_018080_699179_700716	85.733	778	41	35	94	819	760	1	0.0	809
ERR3077549.sra.20420	NC_021577_699401_700938	81.882	1562	123	95	47	1532	55	1532	0.0	1258
ERR3077549.sra.20421	NC_021577_699401_700938	76.265	1601	177	104	4478	5948	1535	8	0.0	888
ERR3077549.sra.20460	gi|441431943|ref|NC_020104.1|_Acanthamoeba_polyphaga_moumouvirus,_complete_genome	81.356	59	9	1	2872	2928	474737	474795	9.90e-06	55.4
ERR3077549.sra.20467	NC_018177_679689_681226	85.725	1345	110	47	48	1349	233	1538	0.0	1422
ERR3077549.sra.20478	NC_021577_699401_700938	82.846	1574	128	75	704	2171	1	1538	0.0	1411
ERR3077549.sra.20490	NC_018080_699179_700716	88.953	344	21	11	5916	6254	2	333	2.84e-114	416
ERR3077549.sra.20500	NC_018080_699179_700716	87.712	1416	50	62	5591	6923	1	1375	0.0	1602
ERR3077549.sra.20558	NC_021577_699401_700938	87.249	1545	73	73	3029	4468	1528	3	0.0	1682
ERR3077549.sra.20595	gi|9625955|ref|NC_001350.1|_Saimiriine_herpesvirus_2_complete_genome	67.582	182	48	4	558	734	106681	106856	7.51e-06	55.4
ERR3077549.sra.20629	NC_008463_733095_734620	90.851	940	44	27	77	989	599	1523	0.0	1223
ERR3077549.sra.20635	NC_021577_699401_700938	83.527	1378	91	75	59	1363	213	1527	0.0	1247
ERR3077549.sra.20649	NC_021577_699401_700938	86.885	1586	87	64	3015	4527	1	1538	0.0	1743
ERR3077549.sra.20651	NC_021040_348381_351031	74.545	165	29	6	5604	5758	2597	2436	4.25e-17	93.3
ERR3077549.sra.20664	NC_021577_699401_700938	89.053	1553	63	57	990	2455	1533	1	0.0	1874
ERR3077549.sra.20669	NC_015740_719459_721007	76.879	173	15	13	44	198	1378	1543	3.71e-18	96.9
ERR3077549.sra.20727	NC_021350_359864_361325	68.987	474	121	14	6127	6579	1454	986	5.72e-35	152
ERR3077549.sra.20750	gi|508181800|ref|NC_021312.1|_Phaeocystis_globosa_virus_strain_16T,_complete_genome	83.333	66	9	1	33	98	450335	450398	1.65e-09	68.0
ERR3077549.sra.20761	NC_018080_699179_700716	87.500	160	9	7	4557	4711	2	155	9.74e-43	178
ERR3077549.sra.20772	NC_021350_359864_361325	66.752	391	106	17	2313	2690	992	1371	2.23e-08	64.4
ERR3077549.sra.20774	gi|119953744|ref|NC_008724.1|_Acanthocystis_turfacea_Chlorella_virus_1,_complete_genome	69.274	179	47	5	3291	3465	268432	268258	2.24e-07	60.8
ERR3077549.sra.20781	NC_021350_359864_361325	66.597	479	138	16	2387	2854	1453	986	1.33e-16	91.5
ERR3077549.sra.20786	NC_018080_699179_700716	82.127	1326	53	59	635	1795	1307	1	0.0	1223
ERR3077549.sra.20786	NC_018080_699179_700716	92.593	54	3	1	534	586	1538	1485	3.03e-12	77.0
ERR3077549.sra.20805	NC_018080_699179_700716	89.827	865	35	32	4103	4934	2	846	0.0	1067
ERR3077549.sra.20836	gi|310830989|ref|NC_014637.1|_Cafeteria_roenbergensis_virus_BV-PW1,_complete_genome	82.540	63	8	2	924	984	510808	510747	6.59e-07	59.0
ERR3077549.sra.20836	gi|310830989|ref|NC_014637.1|_Cafeteria_roenbergensis_virus_BV-PW1,_complete_genome	82.540	63	8	2	924	984	511722	511661	6.59e-07	59.0
ERR3077549.sra.20887	NC_023066_699348_700885	89.831	177	5	7	4470	4634	1538	1363	3.13e-55	219
ERR3077549.sra.20888	NC_019936_1128086_1129503	84.931	1440	99	65	2704	4049	1418	3	0.0	1433
ERR3077549.sra.20932	NC_008463_733095_734620	87.607	936	37	37	215	1096	615	1525	0.0	1070
ERR3077549.sra.20932	NC_008463_733095_734620	83.893	149	19	4	65	209	130	277	8.69e-34	147
ERR3077549.sra.20956	NC_021577_699401_700938	86.433	1570	76	69	1852	3316	1538	1	0.0	1683
ERR3077549.sra.21017	NC_021009_505857_508732	70.260	269	57	12	3733	3986	193	453	1.00e-16	91.5
ERR3077549.sra.21037	CP001015	84.097	1484	111	75	1736	3137	1	1441	0.0	1388
ERR3077549.sra.21042	NC_021577_699401_700938	87.404	1556	80	59	1750	3220	6	1530	0.0	1761
ERR3077549.sra.21057	NC_018080_699179_700716	90.682	1481	57	52	4945	6390	1	1435	0.0	1887
ERR3077549.sra.21064	gi|526118633|ref|NC_021858.1|_Pandoravirus_dulcis,_complete_genome	71.200	125	32	2	2389	2509	96566	96690	5.50e-07	59.0
ERR3077549.sra.21115	NC_018080_699179_700716	90.392	1478	43	52	3075	4502	2	1430	0.0	1880
ERR3077549.sra.21148	NC_021350_359864_361325	73.514	185	45	4	1321	1504	1365	1184	1.01e-18	98.7
ERR3077549.sra.21156	NC_021350_359864_361325	73.913	161	34	4	1180	1339	1364	1211	1.46e-16	91.5
ERR3077549.sra.21156	NC_021350_359864_361325	78.750	80	13	1	1484	1559	1065	986	1.67e-09	68.0
ERR3077549.sra.21165	NC_021577_699401_700938	85.499	1593	84	79	795	2295	1	1538	0.0	1608
ERR3077549.sra.21303	NC_018080_699179_700716	84.841	1570	79	68	1946	3392	1	1534	0.0	1595
ERR3077549.sra.21352	NC_021040_348381_351031	71.548	239	51	9	3312	3535	2585	2349	1.87e-19	100
ERR3077549.sra.21358	NC_021009_505857_508732	76.048	167	31	7	6071	6232	183	345	9.91e-19	98.7
ERR3077549.sra.21362	NC_021577_699401_700938	84.758	1509	104	63	70	1488	66	1538	0.0	1514
ERR3077549.sra.21363	NC_017530_200280_201797	82.129	1550	145	70	1011	2460	1	1518	0.0	1350
ERR3077549.sra.21378	NC_021350_359864_361325	70.833	216	52	6	1631	1836	1398	1184	4.21e-16	89.7
ERR3077549.sra.21401	NC_021577_699401_700938	86.450	1476	85	68	26	1434	106	1533	0.0	1557
ERR3077549.sra.21403	GU361860	84.107	969	68	47	2658	3569	1	940	0.0	921
ERR3077549.sra.21455	NC_002516_722096_723631	87.916	1564	62	60	2899	4363	1536	1	0.0	1813
ERR3077549.sra.21484	NC_018080_699179_700716	85.782	1259	66	63	72	1258	1218	1	0.0	1281
ERR3077549.sra.21557	NC_002516_722096_723631	82.954	1537	99	83	339	1744	1505	1	0.0	1364
ERR3077549.sra.21602	NC_021577_699401_700938	90.695	1064	32	38	3401	4422	10	1048	0.0	1362
ERR3077549.sra.21604	NC_021350_359864_361325	69.676	432	113	10	2968	3386	1413	987	3.55e-37	159
ERR3077549.sra.21628	NC_021350_359864_361325	77.246	167	31	6	4015	4175	1397	1232	4.56e-22	109
ERR3077549.sra.21633	gi|14250967|ref|NC_002794.1|_Tupaiid_herpesvirus_1,_complete_genome	76.667	90	11	5	2082	2162	177931	177843	7.17e-06	55.4
ERR3077549.sra.21667	NC_018080_699179_700716	89.083	1548	51	61	540	1984	1533	1	0.0	1862
ERR3077549.sra.21688	NC_021577_699401_700938	89.315	1563	74	58	4027	5521	1538	1	0.0	1889
ERR3077549.sra.21720	NC_008463_733095_734620	79.237	1180	99	71	88	1182	399	1517	0.0	836
ERR3077549.sra.21721	gi|119953744|ref|NC_008724.1|_Acanthocystis_turfacea_Chlorella_virus_1,_complete_genome	71.296	108	31	0	2155	2262	56378	56485	8.51e-06	55.4
ERR3077549.sra.21725	NC_008463_733095_734620	70.763	1481	113	78	1872	3041	1513	42	0.0	655
ERR3077549.sra.21771	NC_020829_593157_594695	86.022	372	22	14	6172	6530	1531	1177	6.52e-110	401
ERR3077549.sra.21866	NC_021577_699401_700938	80.747	1579	121	91	2585	4029	1531	2	0.0	1232
ERR3077549.sra.21970	NC_008463_733095_734620	71.429	294	37	19	5400	5658	1526	1245	5.00e-22	109
ERR3077549.sra.22025	gi|508181800|ref|NC_021312.1|_Phaeocystis_globosa_virus_strain_16T,_complete_genome	76.389	72	9	1	10	81	450335	450398	2.14e-06	57.2
ERR3077549.sra.22071	NC_021009_505857_508732	72.285	267	56	14	70	324	445	185	5.45e-20	102
ERR3077549.sra.22076	NC_019936_1128086_1129503	87.535	1444	85	50	880	2254	1418	1	0.0	1653
ERR3077549.sra.22094	gi|526118633|ref|NC_021858.1|_Pandoravirus_dulcis,_complete_genome	83.333	54	7	1	97	150	823287	823236	7.65e-06	55.4
ERR3077549.sra.22112	NC_021577_699401_700938	82.941	680	50	38	79	722	889	1538	1.38e-167	592
