ERR3077550.sra.70	AY840553	77.204	1452	108	93	239	1488	1453	23	0.0	908
ERR3077550.sra.284	gi|441431943|ref|NC_020104.1|_Acanthamoeba_polyphaga_moumouvirus,_complete_genome	74.432	176	26	8	486	642	474895	474720	1.25e-18	96.9
ERR3077550.sra.375	NC_022245_16649_18192	83.969	262	14	16	1606	1847	1532	1279	4.70e-61	237
ERR3077550.sra.385	NC_013853_16701_18238	75.319	1491	130	96	873	2147	1	1469	0.0	812
ERR3077550.sra.551	NC_009443_16967_18518	79.876	323	29	17	1939	2227	1549	1229	1.08e-63	246
ERR3077550.sra.558	NC_020450_475434_475549	86.538	52	4	1	1488	1536	24	75	8.10e-08	60.8
ERR3077550.sra.601	gi|440285302|ref|NC_020067.1|_Cardioderma_polyomavirus_isolate_KY336,_complete_genome	84.211	57	9	0	2813	2869	2297	2353	4.13e-08	62.6
ERR3077550.sra.604	NC_015875_2081382_2082934	82.941	340	20	22	57	368	333	4	3.95e-76	288
ERR3077550.sra.628	gi|9629210|ref|NC_001782.1|_Saccharomyces_cerevisiae_killer_virus_M1,_complete_genome	90.411	73	6	1	220	291	1107	1035	1.44e-18	96.9
ERR3077550.sra.691	AY281082	81.761	1442	119	76	1573	2892	1428	9	0.0	1202
ERR3077550.sra.825	NC_013853_16701_18238	83.597	695	52	34	76	723	850	1529	0.0	643
ERR3077550.sra.891	gi|20153336|ref|NC_003624.1|_Impatiens_necrotic_spot_virus_segment_S,_complete_sequence	78.571	84	18	0	3	86	1728	1811	5.69e-11	71.6
ERR3077550.sra.948	AY986764	82.060	1544	115	73	1876	3288	1	1513	0.0	1353
ERR3077550.sra.1141	NC_021040_348381_351031	79.121	91	14	4	75	161	2508	2597	2.45e-09	66.2
ERR3077550.sra.1209	NC_021175_16001_17556	86.813	364	15	18	67	406	1197	1551	1.84e-106	389
ERR3077550.sra.1235	NC_009443_16967_18518	82.906	468	35	22	77	505	1084	1545	2.44e-117	425
ERR3077550.sra.1332	AF003929	86.307	1519	86	68	1436	2849	1506	5	0.0	1606
ERR3077550.sra.1416	CP001015	86.620	1136	52	54	1213	2284	1	1100	0.0	1211
ERR3077550.sra.1540	CP001015	78.833	1422	124	87	1318	2570	1414	1	0.0	975
ERR3077550.sra.1557	NC_021040_348381_351031	85.263	95	9	4	2961	3052	2584	2492	6.22e-18	95.1
ERR3077550.sra.1671	gi|32453825|ref|NC_004927.1|_Halovirus_HF1,_complete_genome	88.525	61	6	1	2645	2705	20802	20743	7.50e-12	75.2
ERR3077550.sra.1679	AY485603	72.148	298	38	15	55	309	331	36	6.55e-31	136
ERR3077550.sra.1683	NC_021040_348381_351031	71.242	153	31	7	600	742	2448	2597	3.03e-07	59.0
ERR3077550.sra.1691	gi|48843719|ref|NC_005902.1|_Lymphocystis_disease_virus_-_isolate_China,_complete_genome	79.070	86	12	5	236	321	185691	185612	1.28e-06	57.2
ERR3077550.sra.1987	gi|441431943|ref|NC_020104.1|_Acanthamoeba_polyphaga_moumouvirus,_complete_genome	73.600	125	23	6	1354	1470	474776	474898	2.61e-07	59.0
ERR3077550.sra.2066	NC_020450_475434_475549	83.133	83	9	4	549	627	101	20	1.28e-11	73.4
ERR3077550.sra.2240	gi|817524645|ref|NC_026947.1|_Bhendi_yellow_vein_mosaic_alphasatellite_isolate_Madurai_MKU-2,_complete_sequence	90.000	40	4	0	727	766	600	639	3.55e-06	55.4
ERR3077550.sra.2266	NC_015291_14803_16340	70.485	454	53	34	1916	2292	3	452	5.07e-30	134
ERR3077550.sra.2321	NC_017595_14961_16496	80.769	156	15	9	112	253	1348	1502	8.08e-26	120
ERR3077550.sra.2468	CP001015	79.048	1470	125	82	332	1638	1458	9	0.0	1058
ERR3077550.sra.2505	CP001015	84.406	1212	79	57	674	1794	1	1193	0.0	1177
ERR3077550.sra.2512	NC_020450_475434_475549	79.518	83	14	3	440	519	101	19	2.40e-08	62.6
ERR3077550.sra.2607	gi|313767999|ref|NC_014765.1|_Bathycoccus_sp._RCC1105_virus_BpV1,_complete_genome	79.167	72	12	2	628	699	131897	131829	1.06e-06	57.2
ERR3077550.sra.2680	NC_022582_327975_329522	82.983	523	44	25	1924	2411	1540	1028	5.68e-131	470
ERR3077550.sra.2739	CP001015	87.560	1455	75	60	2090	3469	1	1424	0.0	1633
ERR3077550.sra.2827	NC_007929_74540_76056	92.430	251	10	4	1881	2124	1513	1265	2.28e-97	358
ERR3077550.sra.2868	CP001015	81.689	1267	94	71	1354	2491	1	1258	0.0	1043
ERR3077550.sra.2904	gi|509139559|ref|NC_021320.1|_Halovirus_HRTV-5,_complete_genome	85.455	55	6	2	117	170	55937	55884	1.20e-06	57.2
ERR3077550.sra.2911	AY281082	84.311	682	56	25	77	717	630	1301	0.0	681
ERR3077550.sra.2929	NC_022655_1696703_1698247	88.522	1333	50	59	1370	2617	3	1317	0.0	1541
ERR3077550.sra.2950	NC_015291_14803_16340	74.411	594	58	38	60	571	634	53	6.92e-80	300
ERR3077550.sra.2980	AF145242	85.065	924	75	40	74	956	604	1505	0.0	922
ERR3077550.sra.3002	NC_020450_475434_475549	79.518	83	16	1	1208	1289	19	101	1.36e-10	69.8
ERR3077550.sra.3042	NC_014498_31096_32654	94.340	106	2	4	85	186	106	1	4.01e-35	150
ERR3077550.sra.3044	AF003929	81.818	649	56	35	28	642	624	4	5.63e-151	536
ERR3077550.sra.3191	NC_014498_31096_32654	87.898	157	6	4	1051	1195	1	156	1.15e-47	192
ERR3077550.sra.3240	NC_015875_2081382_2082934	71.750	400	33	27	87	412	397	4	1.02e-38	163
ERR3077550.sra.3347	gi|9632388|ref|NC_002051.1|_Tomato_spotted_wilt_virus_RNA_S,_complete_sequence	79.104	67	12	1	1	67	1760	1824	4.48e-06	55.4
ERR3077550.sra.3448	NC_020450_475434_475549	83.133	83	12	2	685	765	19	101	9.07e-14	80.6
ERR3077550.sra.3471	NC_020450_475434_475549	77.632	76	16	1	2654	2728	101	26	1.69e-06	57.2
ERR3077550.sra.3572	NC_017591_15331_16889	79.662	1303	82	70	45	1193	1274	1	0.0	1005
ERR3077550.sra.3669	NC_020450_475434_475549	80.247	81	12	3	1063	1140	101	22	7.25e-09	64.4
ERR3077550.sra.3673	AF003929	88.516	1550	70	60	173	1647	4	1520	0.0	1820
ERR3077550.sra.3711	AY005048	89.393	1367	63	50	61	1371	223	1563	0.0	1660
ERR3077550.sra.3789	NC_015291_14803_16340	87.827	649	32	25	84	692	642	1	0.0	744
ERR3077550.sra.3812	NC_017592_15332_16890	92.667	300	8	7	63	350	302	5	6.78e-117	423
ERR3077550.sra.3821	AY134901	80.583	618	39	36	1521	2065	1494	885	2.22e-135	484
ERR3077550.sra.3862	gi|509139559|ref|NC_021320.1|_Halovirus_HRTV-5,_complete_genome	85.455	55	6	2	2142	2195	55937	55884	1.48e-06	57.2
ERR3077550.sra.3904	NC_020450_475434_475549	79.730	74	11	2	509	581	19	89	1.05e-07	60.8
ERR3077550.sra.3920	AY485603	84.615	1482	78	61	1080	2428	1465	1	0.0	1505
ERR3077550.sra.3954	gi|506497718|ref|NC_021246.1|_Mythimna_separata_entomopoxvirus_'L',_complete_genome	87.500	48	5	1	181	228	106724	106678	1.25e-06	57.2
ERR3077550.sra.4049	NC_018081_587633_589195	89.080	174	5	7	2413	2576	2	171	9.03e-53	210
ERR3077550.sra.4074	gi|311977355|ref|NC_014649.1|_Acanthamoeba_polyphaga_mimivirus,_complete_genome	86.000	50	6	1	2418	2467	1012805	1012853	5.11e-06	55.4
ERR3077550.sra.4089	NC_021040_348381_351031	72.903	155	28	9	66	212	2449	2597	2.52e-08	62.6
ERR3077550.sra.4140	NC_015875_2081382_2082934	85.156	256	23	11	2156	2401	1547	1297	2.29e-66	255
ERR3077550.sra.4276	NC_003028_15344_16903	88.535	471	16	17	1942	2377	1560	1093	3.31e-159	563
ERR3077550.sra.4279	NC_015875_2081382_2082934	82.630	829	70	38	75	844	826	13	0.0	742
ERR3077550.sra.4340	AM157441	85.863	1535	86	68	1583	3012	1549	41	0.0	1602
ERR3077550.sra.4341	NC_020450_475434_475549	81.176	85	14	2	319	403	19	101	3.44e-12	75.2
ERR3077550.sra.4456	NC_017592_15332_16890	84.335	549	48	21	1051	1565	1	545	7.13e-153	542
ERR3077550.sra.4489	NC_021040_348381_351031	71.970	132	20	7	524	642	2469	2596	3.54e-06	55.4
ERR3077550.sra.4522	NC_015215_16481_18017	85.569	1573	117	63	1470	2968	1	1537	0.0	1629
ERR3077550.sra.4635	NC_003028_15344_16903	88.780	205	11	7	1385	1586	1560	1365	7.77e-64	246
ERR3077550.sra.4660	NC_021009_505857_508732	76.136	88	18	2	1655	1739	188	275	2.56e-07	59.0
ERR3077550.sra.4698	NC_022655_1696703_1698247	79.535	904	68	51	1080	1922	1545	698	0.0	672
ERR3077550.sra.4784	gi|118496614|ref|NC_008603.1|_Paramecium_bursaria_Chlorella_virus_FR483,_complete_genome	86.538	52	5	2	685	735	142515	142565	6.70e-06	55.4
ERR3077550.sra.4804	NC_020450_475434_475549	83.908	87	11	3	1718	1802	105	20	8.00e-15	84.2
ERR3077550.sra.4826	gi|509139559|ref|NC_021320.1|_Halovirus_HRTV-5,_complete_genome	87.719	57	6	1	2137	2193	55882	55937	8.50e-10	68.0
ERR3077550.sra.4860	AY134901	78.291	995	88	45	90	973	572	1549	0.0	733
ERR3077550.sra.4924	gi|314055095|ref|NC_014789.1|_Ostreococcus_tauri_virus_2,_complete_genome	74.150	147	28	5	2514	2656	9334	9194	1.63e-13	80.6
ERR3077550.sra.4953	CP001015	87.416	1494	92	62	1561	2994	1	1458	0.0	1654
ERR3077550.sra.4979	NC_014498_31096_32654	93.220	177	6	5	61	233	179	5	3.62e-64	248
ERR3077550.sra.5293	NC_020450_475434_475549	82.759	87	10	3	1546	1630	18	101	1.02e-13	80.6
ERR3077550.sra.5405	NC_020450_475434_475549	80.952	84	10	4	1742	1820	19	101	6.94e-10	68.0
ERR3077550.sra.5598	NC_020450_475434_475549	81.538	65	9	2	2098	2159	19	83	1.30e-06	57.2
ERR3077550.sra.5886	NC_015875_2081382_2082934	75.442	452	42	28	1886	2280	1551	1112	2.62e-65	251
ERR3077550.sra.5983	CP001015	87.192	1460	96	53	450	1854	1	1424	0.0	1633
ERR3077550.sra.6145	CP001015	84.086	1307	87	67	2756	3971	1450	174	0.0	1227
ERR3077550.sra.6177	NC_015875_2081382_2082934	76.129	620	62	44	77	619	614	4	3.05e-89	331
ERR3077550.sra.6231	AY879305	88.076	889	37	34	113	961	659	1518	0.0	1034
ERR3077550.sra.6252	gi|73852470|ref|NC_007346.1|_Emiliania_huxleyi_virus_86,_complete_genome	84.746	59	6	3	1004	1062	203621	203566	3.90e-06	55.4
ERR3077550.sra.6307	AM157441	90.399	677	30	17	82	732	708	41	0.0	883
ERR3077550.sra.6491	AY281082	84.440	1054	69	56	839	1809	1419	378	0.0	994
ERR3077550.sra.6534	NC_017591_15331_16889	76.321	1533	134	100	417	1734	1523	5	0.0	884
ERR3077550.sra.6640	NC_021040_348381_351031	77.660	94	11	5	193	277	2478	2570	2.33e-08	62.6
ERR3077550.sra.6682	CP001015	86.469	1515	84	62	509	1959	1	1458	0.0	1638
ERR3077550.sra.6798	NC_014498_31096_32654	90.104	192	4	7	1931	2120	1	179	1.26e-62	242
ERR3077550.sra.6805	gi|441431943|ref|NC_020104.1|_Acanthamoeba_polyphaga_moumouvirus,_complete_genome	72.093	129	27	3	389	508	474766	474894	7.64e-10	66.2
ERR3077550.sra.6819	gi|363539767|ref|NC_016072.1|_Megavirus_chiliensis,_complete_genome	87.234	47	5	1	512	557	1218165	1218211	4.10e-06	55.4
ERR3077550.sra.6828	NC_021175_16001_17556	78.870	478	45	26	75	507	1085	1551	6.77e-92	340
ERR3077550.sra.7085	NC_020450_475434_475549	74.194	93	19	2	845	932	111	19	4.54e-06	55.4
ERR3077550.sra.7090	NC_015875_2081382_2082934	76.404	178	13	11	3	153	1373	1548	2.04e-22	109
ERR3077550.sra.7168	gi|526118633|ref|NC_021858.1|_Pandoravirus_dulcis,_complete_genome	87.097	62	8	0	2565	2626	515028	515089	1.42e-12	77.0
ERR3077550.sra.7218	NC_014498_31096_32654	80.879	455	46	20	66	485	449	1	8.66e-103	376
ERR3077550.sra.7266	CP000725	87.523	1082	64	41	75	1105	449	1510	0.0	1222
ERR3077550.sra.7291	NC_014498_31096_32654	89.409	982	40	33	1528	2478	1	949	0.0	1211
ERR3077550.sra.7308	gi|448824857|ref|NC_020231.1|_Caviid_herpesvirus_2_strain_21222,_complete_genome	78.082	73	10	1	26	98	4444	4510	1.42e-07	60.8
ERR3077550.sra.7647	NC_014498_31096_32654	76.136	1563	144	100	541	1887	1554	5	0.0	893
ERR3077550.sra.7683	gi|310830989|ref|NC_014637.1|_Cafeteria_roenbergensis_virus_BV-PW1,_complete_genome	77.119	118	21	4	938	1049	451341	451458	4.91e-13	78.8
ERR3077550.sra.7783	gi|314055095|ref|NC_014789.1|_Ostreococcus_tauri_virus_2,_complete_genome	85.075	67	7	2	462	528	9334	9271	1.50e-10	69.8
ERR3077550.sra.7809	AF003929	85.714	1057	62	53	1657	2638	4	1046	0.0	1067
ERR3077550.sra.7816	gi|341926380|ref|NC_015874.1|_Nam_Dinh_virus,_complete_genome	88.000	100	10	1	35	132	20192	20093	8.88e-27	123
ERR3077550.sra.7823	NC_020450_475434_475549	80.000	85	11	6	1186	1267	103	22	2.70e-06	55.4
ERR3077550.sra.7864	gi|118496614|ref|NC_008603.1|_Paramecium_bursaria_Chlorella_virus_FR483,_complete_genome	77.333	150	21	8	639	775	312408	312557	1.37e-17	93.3
ERR3077550.sra.7864	gi|118496614|ref|NC_008603.1|_Paramecium_bursaria_Chlorella_virus_FR483,_complete_genome	77.372	137	20	6	640	765	312397	312533	4.77e-17	91.5
ERR3077550.sra.7864	gi|118496614|ref|NC_008603.1|_Paramecium_bursaria_Chlorella_virus_FR483,_complete_genome	74.667	150	25	7	639	775	312480	312629	8.62e-14	80.6
ERR3077550.sra.7869	NC_017592_15332_16890	92.308	559	16	16	56	589	557	1	0.0	767
ERR3077550.sra.7902	gi|441431943|ref|NC_020104.1|_Acanthamoeba_polyphaga_moumouvirus,_complete_genome	72.785	158	33	4	1215	1362	474737	474894	3.09e-14	82.4
ERR3077550.sra.8005	NC_021040_348381_351031	79.817	109	14	6	172	275	2492	2597	2.35e-13	78.8
ERR3077550.sra.8011	gi|118496614|ref|NC_008603.1|_Paramecium_bursaria_Chlorella_virus_FR483,_complete_genome	85.455	55	8	0	2013	2067	142511	142565	9.40e-09	64.4
ERR3077550.sra.8114	NC_014498_31096_32654	84.831	178	11	6	54	216	181	5	1.40e-45	187
ERR3077550.sra.8125	CP001015	84.811	1060	77	46	62	1054	1043	1	0.0	1054
ERR3077550.sra.8148	gi|441431943|ref|NC_020104.1|_Acanthamoeba_polyphaga_moumouvirus,_complete_genome	70.400	125	32	2	2281	2400	474761	474885	4.12e-06	55.4
ERR3077550.sra.8198	gi|314055095|ref|NC_014789.1|_Ostreococcus_tauri_virus_2,_complete_genome	75.789	95	14	4	1215	1303	9243	9334	3.53e-07	59.0
ERR3077550.sra.8303	gi|42733078|ref|NC_005497.1|_Tomato_leaf_curl_Java_virus-[Ageratum]_satellite_DNA,_complete_genome	71.324	136	38	1	12	147	954	820	2.26e-09	66.2
ERR3077550.sra.8400	AF003929	86.429	1179	75	50	2598	3727	2	1144	0.0	1256
ERR3077550.sra.8429	NC_017592_15332_16890	90.642	716	28	18	1897	2582	2	708	0.0	944
ERR3077550.sra.8619	AY485599	77.304	1291	136	68	91	1240	191	1465	0.0	843
ERR3077550.sra.8656	AF003929	85.381	985	55	33	1054	1955	1506	528	0.0	1059
ERR3077550.sra.8671	gi|506498610|ref|NC_021249.1|_Choristoneura_rosaceana_entomopoxvirus_'L',_complete_genome	74.775	111	17	3	1	101	220832	220723	6.91e-11	71.6
ERR3077550.sra.8719	gi|509139559|ref|NC_021320.1|_Halovirus_HRTV-5,_complete_genome	87.719	57	5	2	2101	2157	55882	55936	7.25e-09	64.4
ERR3077550.sra.8760	FJ983115	71.638	409	38	33	70	406	440	38	5.77e-31	136
ERR3077550.sra.8762	gi|441431943|ref|NC_020104.1|_Acanthamoeba_polyphaga_moumouvirus,_complete_genome	71.605	162	27	9	2312	2458	474894	474737	3.00e-08	62.6
ERR3077550.sra.8777	gi|14250967|ref|NC_002794.1|_Tupaiid_herpesvirus_1,_complete_genome	75.248	101	22	2	1742	1842	3616	3519	6.42e-09	64.4
ERR3077550.sra.8786	AY278609	89.297	1252	49	40	1370	2555	1504	272	0.0	1550
ERR3077550.sra.8819	gi|508181800|ref|NC_021312.1|_Phaeocystis_globosa_virus_strain_16T,_complete_genome	78.571	70	9	1	24	93	450335	450398	9.40e-08	60.8
ERR3077550.sra.8823	gi|472342562|ref|NC_020864.1|_Micromonas_pusilla_virus_12T_genomic_sequence	78.723	94	13	6	278	367	195381	195471	4.90e-07	59.0
ERR3077550.sra.8858	NC_020450_475434_475549	78.161	87	14	3	1249	1334	101	19	2.12e-08	62.6
ERR3077550.sra.8954	AF145242	83.577	822	67	38	1501	2262	1505	692	0.0	765
ERR3077550.sra.8973	NC_021040_348381_351031	73.885	157	25	8	154	296	2435	2589	8.83e-13	77.0
ERR3077550.sra.9244	NC_005362_558550_560200	85.263	1235	68	50	67	1205	433	1649	0.0	1285
ERR3077550.sra.9274	gi|118496614|ref|NC_008603.1|_Paramecium_bursaria_Chlorella_virus_FR483,_complete_genome	77.070	157	24	7	1787	1939	312397	312545	1.23e-19	100
ERR3077550.sra.9274	gi|118496614|ref|NC_008603.1|_Paramecium_bursaria_Chlorella_virus_FR483,_complete_genome	82.524	103	14	3	1775	1874	312433	312534	5.25e-18	95.1
ERR3077550.sra.9274	gi|118496614|ref|NC_008603.1|_Paramecium_bursaria_Chlorella_virus_FR483,_complete_genome	73.636	110	25	3	1795	1901	232326	232434	3.78e-07	59.0
ERR3077550.sra.9274	gi|118496614|ref|NC_008603.1|_Paramecium_bursaria_Chlorella_virus_FR483,_complete_genome	74.510	102	22	3	1805	1903	170230	170330	1.32e-06	57.2
ERR3077550.sra.9341	NC_021040_348381_351031	77.987	159	23	7	2202	2351	2590	2435	2.32e-22	109
ERR3077550.sra.9487	CP001015	81.375	1498	121	82	1039	2422	1454	1	0.0	1216
ERR3077550.sra.9546	NC_021040_348381_351031	78.313	83	9	4	95	170	2505	2585	3.05e-07	59.0
ERR3077550.sra.9656	NC_020450_475434_475549	81.013	79	10	3	1215	1288	23	101	1.41e-09	66.2
ERR3077550.sra.9688	NC_020450_475434_475549	78.205	78	10	3	1175	1252	19	89	8.98e-07	57.2
ERR3077550.sra.9689	NC_021009_505857_508732	70.037	267	57	14	187	441	434	179	6.55e-13	78.8
ERR3077550.sra.9784	NC_021040_348381_351031	79.245	106	13	4	119	216	2493	2597	2.24e-14	82.4
ERR3077550.sra.9855	NC_020450_475434_475549	82.051	78	12	2	562	639	90	15	5.27e-11	71.6
ERR3077550.sra.9864	NC_020450_475434_475549	83.529	85	12	2	656	739	18	101	7.12e-15	84.2
ERR3077550.sra.9964	NC_014498_31096_32654	87.429	175	10	4	3229	3395	1	171	1.19e-52	210
ERR3077550.sra.10002	NC_020450_475434_475549	94.444	36	2	0	224	259	22	57	1.20e-06	57.2
ERR3077550.sra.10019	NC_022655_1696703_1698247	87.097	1519	64	66	117	1525	1	1497	0.0	1678
ERR3077550.sra.10061	AM157420	83.552	1374	102	62	71	1347	198	1544	0.0	1292
ERR3077550.sra.10222	NC_014498_31096_32654	86.869	99	3	5	3687	3777	5	101	1.16e-21	107
ERR3077550.sra.10272	gi|157952304|ref|NC_009898.1|_Paramecium_bursaria_Chlorella_virus_NY2A,_complete_genome	72.258	155	30	7	180	329	35648	35794	2.43e-09	66.2
ERR3077550.sra.10272	gi|157952304|ref|NC_009898.1|_Paramecium_bursaria_Chlorella_virus_NY2A,_complete_genome	71.613	155	31	7	180	329	35600	35746	2.95e-08	62.6
ERR3077550.sra.10275	CP001015	88.881	1457	74	53	608	1993	1440	1	0.0	1737
ERR3077550.sra.10309	gi|441431943|ref|NC_020104.1|_Acanthamoeba_polyphaga_moumouvirus,_complete_genome	77.500	80	11	3	161	239	841506	841433	1.63e-06	57.2
ERR3077550.sra.10351	gi|509139559|ref|NC_021320.1|_Halovirus_HRTV-5,_complete_genome	87.500	56	5	2	836	891	55937	55884	3.49e-08	62.6
ERR3077550.sra.10622	AF003929	84.438	739	44	39	1796	2471	5	735	0.0	702
ERR3077550.sra.10632	NC_013853_16701_18238	79.666	1495	133	72	2384	3714	1523	36	0.0	1155
ERR3077550.sra.10689	gi|526118633|ref|NC_021858.1|_Pandoravirus_dulcis,_complete_genome	72.642	106	29	0	79	184	1026450	1026555	1.71e-07	60.8
ERR3077550.sra.10754	CP001015	86.167	1482	89	63	811	2223	6	1440	0.0	1570
ERR3077550.sra.10775	CP001015	82.688	1473	110	80	185	1527	1458	1	0.0	1278
ERR3077550.sra.10844	CP001015	86.165	1489	102	55	382	1802	6	1458	0.0	1602
ERR3077550.sra.10847	AM157441	74.895	1191	129	75	2340	3368	46	1228	8.42e-175	616
ERR3077550.sra.10875	AY281082	76.930	1127	128	64	28	1030	1193	75	0.0	691
ERR3077550.sra.10903	gi|116326687|ref|NC_008518.1|_Trichoplusia_ni_ascovirus_2c,_complete_genome	84.058	69	7	4	1858	1925	86585	86650	9.33e-08	60.8
ERR3077550.sra.10930	NC_015215_16481_18017	76.520	1069	91	68	70	991	480	1535	2.33e-180	634
ERR3077550.sra.10939	NC_004070_17066_18620	88.469	503	19	22	2581	3049	1550	1053	1.58e-164	581
ERR3077550.sra.10981	NC_021040_348381_351031	67.989	353	76	18	483	817	2257	2590	6.29e-14	80.6
ERR3077550.sra.11071	NC_017592_15332_16890	89.183	453	25	14	1442	1878	1559	1115	1.35e-156	554
ERR3077550.sra.11103	gi|118496614|ref|NC_008603.1|_Paramecium_bursaria_Chlorella_virus_FR483,_complete_genome	75.806	124	16	7	1683	1795	312401	312521	1.61e-10	69.8
ERR3077550.sra.11242	gi|441431943|ref|NC_020104.1|_Acanthamoeba_polyphaga_moumouvirus,_complete_genome	72.674	172	32	7	133	289	474723	474894	7.88e-14	80.6
ERR3077550.sra.11286	NC_020450_475434_475549	80.263	76	10	4	1583	1656	18	90	9.00e-07	57.2
ERR3077550.sra.11315	NC_022582_327975_329522	84.299	535	31	23	58	548	1015	1540	1.81e-149	531
ERR3077550.sra.11373	gi|118496614|ref|NC_008603.1|_Paramecium_bursaria_Chlorella_virus_FR483,_complete_genome	78.571	98	15	4	702	793	312441	312538	1.69e-10	69.8
ERR3077550.sra.11373	gi|118496614|ref|NC_008603.1|_Paramecium_bursaria_Chlorella_virus_FR483,_complete_genome	79.710	69	13	1	734	801	312406	312474	3.06e-07	59.0
ERR3077550.sra.11373	gi|118496614|ref|NC_008603.1|_Paramecium_bursaria_Chlorella_virus_FR483,_complete_genome	79.710	69	13	1	734	801	312418	312486	3.06e-07	59.0
ERR3077550.sra.11373	gi|118496614|ref|NC_008603.1|_Paramecium_bursaria_Chlorella_virus_FR483,_complete_genome	76.087	92	16	4	702	787	312465	312556	3.73e-06	55.4
ERR3077550.sra.11543	gi|9625955|ref|NC_001350.1|_Saimiriine_herpesvirus_2_complete_genome	74.725	91	14	3	1780	1864	106691	106604	5.12e-06	55.4
ERR3077550.sra.11555	NC_021040_348381_351031	73.125	160	27	8	2795	2943	2589	2435	1.88e-11	73.4
ERR3077550.sra.11586	gi|506497718|ref|NC_021246.1|_Mythimna_separata_entomopoxvirus_'L',_complete_genome	92.105	38	3	0	92	129	68249	68286	3.84e-06	55.4
ERR3077550.sra.11633	NC_015291_14803_16340	77.984	377	36	18	2665	3000	2	372	4.47e-70	268
ERR3077550.sra.11685	gi|506498026|ref|NC_021247.1|_Adoxophyes_honmai_enomopoxvirus_'L',_complete_genome	74.713	87	21	1	2402	2487	56407	56321	4.58e-06	55.4
ERR3077550.sra.11725	CP001015	85.386	1088	63	49	2407	3421	1454	390	0.0	1112
ERR3077550.sra.11834	gi|508181800|ref|NC_021312.1|_Phaeocystis_globosa_virus_strain_16T,_complete_genome	78.571	70	9	1	22	91	450335	450398	1.08e-07	60.8
ERR3077550.sra.11841	NC_015678_4661_6196	81.086	571	31	29	1798	2297	1530	966	8.41e-135	482
ERR3077550.sra.11894	AY584476	77.309	1494	168	85	672	2022	1	1466	0.0	937
ERR3077550.sra.12043	gi|526118633|ref|NC_021858.1|_Pandoravirus_dulcis,_complete_genome	82.456	57	9	1	53	108	458489	458433	2.84e-06	55.4
ERR3077550.sra.12220	NC_022582_327975_329522	80.305	853	69	46	55	813	699	1546	0.0	663
ERR3077550.sra.12334	gi|314055095|ref|NC_014789.1|_Ostreococcus_tauri_virus_2,_complete_genome	71.812	149	33	5	2315	2456	9334	9188	2.50e-09	66.2
ERR3077550.sra.12405	AJ617796	87.906	1017	50	42	2082	3044	1444	447	0.0	1157
ERR3077550.sra.12415	gi|314055095|ref|NC_014789.1|_Ostreococcus_tauri_virus_2,_complete_genome	74.342	152	34	3	296	443	9243	9393	2.05e-16	89.7
ERR3077550.sra.12423	NC_008530_477570_479148	71.747	269	40	20	51	289	263	1	2.38e-15	86.0
ERR3077550.sra.12502	AY485603	78.993	1152	80	69	103	1109	1465	331	0.0	821
ERR3077550.sra.12521	gi|509139559|ref|NC_021320.1|_Halovirus_HRTV-5,_complete_genome	85.965	57	7	1	788	844	55937	55882	4.04e-09	64.4
ERR3077550.sra.12531	NC_020450_475434_475549	82.432	74	12	1	988	1061	20	92	5.30e-11	71.6
ERR3077550.sra.12562	CP001015	87.181	1373	78	54	57	1355	1349	1	0.0	1528
ERR3077550.sra.12712	NC_013520_103635_105185	79.461	1597	113	97	810	2241	3	1549	0.0	1159
ERR3077550.sra.12763	gi|509139559|ref|NC_021320.1|_Halovirus_HRTV-5,_complete_genome	85.000	60	6	2	2095	2154	55882	55938	4.29e-08	62.6
ERR3077550.sra.12831	NC_021350_359864_361325	69.643	168	45	4	2614	2777	1395	1230	1.46e-07	60.8
ERR3077550.sra.12874	NC_014498_31096_32654	80.570	386	41	17	82	442	1182	1558	8.87e-84	313
ERR3077550.sra.12886	gi|509139559|ref|NC_021320.1|_Halovirus_HRTV-5,_complete_genome	85.455	55	6	1	1506	1558	55883	55937	6.70e-08	60.8
ERR3077550.sra.12893	NC_021350_359864_361325	67.153	274	69	11	119	379	1401	1136	1.52e-07	59.0
ERR3077550.sra.12907	NC_021040_348381_351031	82.955	88	4	5	2466	2543	2585	2499	3.82e-13	78.8
ERR3077550.sra.12940	NC_021009_505857_508732	79.070	86	15	3	2700	2784	182	265	9.36e-09	64.4
ERR3077550.sra.12941	NC_005362_558550_560200	84.486	477	38	17	75	525	1185	1651	9.82e-135	482
ERR3077550.sra.12975	CP001015	85.579	1054	62	45	1554	2531	1	1040	0.0	1094
ERR3077550.sra.13023	CP001015	87.807	1468	90	56	1255	2645	1456	1	0.0	1669
ERR3077550.sra.13190	NC_021350_359864_361325	70.968	155	39	5	501	653	1244	1394	9.07e-08	60.8
ERR3077550.sra.13202	NC_014498_31096_32654	85.007	727	50	26	2367	3061	1	700	0.0	756
ERR3077550.sra.13238	AY879305	87.659	1256	70	46	67	1268	294	1518	0.0	1436
ERR3077550.sra.13427	CP001015	83.243	1480	110	67	856	2219	1	1458	0.0	1373
ERR3077550.sra.13473	AY134901	76.237	930	75	57	100	894	630	1548	4.29e-157	556
ERR3077550.sra.13628	NC_021040_348381_351031	74.847	163	30	6	1602	1762	2588	2435	1.70e-17	93.3
ERR3077550.sra.13658	NC_020450_475434_475549	81.928	83	14	1	319	400	102	20	2.91e-13	78.8
ERR3077550.sra.13688	NC_017592_15332_16890	88.925	307	14	6	2783	3074	1	302	1.60e-107	392
ERR3077550.sra.13739	NC_015291_14803_16340	90.000	770	26	29	1153	1888	1538	786	0.0	957
ERR3077550.sra.13789	CP001015	79.882	1019	77	60	2203	3103	1443	435	0.0	758
ERR3077550.sra.13796	gi|340025671|ref|NC_000852.5|_Paramecium_bursaria_Chlorella_virus_1,_complete_genome	72.951	122	22	4	1072	1191	158707	158595	7.10e-09	64.4
ERR3077550.sra.13861	CP001015	81.201	1516	118	72	1305	2711	1	1458	0.0	1276
ERR3077550.sra.13893	gi|157952304|ref|NC_009898.1|_Paramecium_bursaria_Chlorella_virus_NY2A,_complete_genome	74.324	148	34	3	329	473	35746	35600	2.40e-15	86.0
ERR3077550.sra.13893	gi|157952304|ref|NC_009898.1|_Paramecium_bursaria_Chlorella_virus_NY2A,_complete_genome	74.324	148	34	3	329	473	35806	35660	2.40e-15	86.0
ERR3077550.sra.13893	gi|157952304|ref|NC_009898.1|_Paramecium_bursaria_Chlorella_virus_NY2A,_complete_genome	74.016	127	30	2	329	453	137705	137580	4.34e-12	75.2
ERR3077550.sra.13893	gi|157952304|ref|NC_009898.1|_Paramecium_bursaria_Chlorella_virus_NY2A,_complete_genome	70.988	162	33	4	326	473	137780	137619	4.34e-12	75.2
ERR3077550.sra.13893	gi|157952304|ref|NC_009898.1|_Paramecium_bursaria_Chlorella_virus_NY2A,_complete_genome	73.228	127	31	2	329	453	35722	35597	1.85e-10	69.8
ERR3077550.sra.13893	gi|157952304|ref|NC_009898.1|_Paramecium_bursaria_Chlorella_virus_NY2A,_complete_genome	73.109	119	28	3	353	468	232617	232500	9.56e-08	60.8
ERR3077550.sra.13927	CP001015	87.152	1471	80	59	1232	2608	1456	1	0.0	1633
ERR3077550.sra.13936	gi|506498610|ref|NC_021249.1|_Choristoneura_rosaceana_entomopoxvirus_'L',_complete_genome	73.404	94	15	2	2	85	220816	220723	1.26e-06	57.2
ERR3077550.sra.14124	NC_017595_14961_16496	78.448	1559	110	89	510	1867	3	1536	0.0	1099
ERR3077550.sra.14224	NC_021040_348381_351031	75.000	104	16	5	389	483	2495	2597	1.23e-06	57.2
ERR3077550.sra.14307	NC_014498_31096_32654	82.663	721	58	36	1844	2539	1	679	0.0	636
ERR3077550.sra.14399	AF003929	89.405	1142	52	43	94	1184	1131	8	0.0	1382
ERR3077550.sra.14430	M58839	88.166	169	9	5	80	237	170	2	1.24e-50	203
ERR3077550.sra.14541	AF003929	86.700	203	11	5	71	260	209	10	4.55e-61	237
ERR3077550.sra.14575	gi|73852470|ref|NC_007346.1|_Emiliania_huxleyi_virus_86,_complete_genome	85.714	56	6	2	3115	3170	203619	203566	4.62e-07	59.0
ERR3077550.sra.14662	CP001015	88.475	1397	58	56	60	1372	1378	1	0.0	1635
ERR3077550.sra.14758	NC_021009_505857_508732	88.000	75	8	1	2113	2186	198	272	6.27e-17	91.5
ERR3077550.sra.14794	CP001015	86.275	1479	100	51	297	1693	1458	1	0.0	1615
ERR3077550.sra.14856	NC_017592_15332_16890	83.073	703	68	32	1171	1834	1	691	1.72e-180	634
ERR3077550.sra.15054	gi|116326687|ref|NC_008518.1|_Trichoplusia_ni_ascovirus_2c,_complete_genome	86.207	58	3	4	1617	1670	86591	86647	4.18e-06	55.4
ERR3077550.sra.15088	NC_015875_2081382_2082934	86.431	339	17	16	2570	2891	6	332	3.09e-97	358
ERR3077550.sra.15108	CP001015	82.588	1476	107	72	1631	2974	1	1458	0.0	1314
ERR3077550.sra.15116	NC_003028_15344_16903	76.570	414	40	24	74	444	1161	1560	4.29e-66	253
ERR3077550.sra.15162	NC_021040_348381_351031	78.505	107	18	3	3076	3178	2597	2492	1.45e-13	80.6
ERR3077550.sra.15322	gi|113200752|ref|NC_008307.1|_Melon_yellow_spot_virus_segment_M,_complete_sequence	80.556	72	9	1	1896	1962	1141	1212	5.73e-10	68.0
ERR3077550.sra.15397	DQ208931	85.669	1263	69	49	1047	2233	1	1227	0.0	1342
ERR3077550.sra.15530	NC_018527_1337323_1338864	85.714	70	7	3	2736	2804	1537	1470	6.22e-11	71.6
ERR3077550.sra.15537	NC_021350_359864_361325	70.673	208	51	8	295	496	1414	1211	1.44e-11	73.4
ERR3077550.sra.15586	AF003929	75.915	984	91	69	95	938	982	5	2.30e-148	527
ERR3077550.sra.15715	AY188353	86.225	755	48	29	59	770	797	1538	0.0	812
ERR3077550.sra.15890	AM157441	72.274	541	52	35	132	578	600	64	7.08e-59	230
ERR3077550.sra.15997	NC_021040_348381_351031	68.529	340	84	13	2279	2604	2585	2255	1.77e-17	93.3
ERR3077550.sra.16064	gi|359946431|ref|NC_012783.2|_Cercopithecine_herpesvirus_5_strain_2715,_complete_genome	76.316	76	14	1	85	156	21710	21635	3.63e-06	55.4
ERR3077550.sra.16107	gi|508181800|ref|NC_021312.1|_Phaeocystis_globosa_virus_strain_16T,_complete_genome	78.571	70	9	1	43	112	450335	450398	1.01e-07	60.8
ERR3077550.sra.16193	CP001015	78.957	1150	114	58	92	1127	1136	1	0.0	838
ERR3077550.sra.16222	CP001015	89.308	1431	78	48	30	1401	44	1458	0.0	1743
ERR3077550.sra.16278	NC_020450_475434_475549	81.707	82	13	2	1087	1166	19	100	1.12e-11	73.4
ERR3077550.sra.16368	gi|509139559|ref|NC_021320.1|_Halovirus_HRTV-5,_complete_genome	85.965	57	4	2	1699	1752	55882	55937	2.47e-08	62.6
ERR3077550.sra.16402	NC_007929_74540_76056	83.486	327	25	18	1782	2088	1516	1199	2.68e-77	291
ERR3077550.sra.16455	NC_015678_4661_6196	86.877	381	16	21	2551	2909	1536	1168	3.56e-109	398
ERR3077550.sra.16632	NC_021350_359864_361325	72.624	263	58	11	1577	1828	1395	1136	1.37e-23	113
ERR3077550.sra.16636	NC_006270_9909_11453	74.057	212	25	11	45	228	1325	1534	1.43e-23	113
ERR3077550.sra.16667	NC_021350_359864_361325	72.593	135	29	3	1984	2110	1235	1369	9.74e-11	71.6
ERR3077550.sra.16832	AM157420	76.594	1474	152	84	1367	2656	1544	80	0.0	899
ERR3077550.sra.16912	NC_015875_2081382_2082934	80.102	1573	122	85	613	2015	2	1553	0.0	1214
ERR3077550.sra.16940	gi|509139559|ref|NC_021320.1|_Halovirus_HRTV-5,_complete_genome	85.185	54	4	2	417	466	55882	55935	1.13e-06	57.2
ERR3077550.sra.16959	NC_010380_15372_16805	73.837	344	28	28	75	357	392	50	2.36e-33	145
ERR3077550.sra.17171	gi|659488383|ref|NC_024447.1|_Pigeonpox_virus_isolate_FeP2,_complete_genome	81.967	61	8	2	969	1026	40663	40723	3.95e-06	55.4
ERR3077550.sra.17192	gi|116326687|ref|NC_008518.1|_Trichoplusia_ni_ascovirus_2c,_complete_genome	83.824	68	7	4	321	386	86585	86650	9.75e-07	59.0
ERR3077550.sra.17240	NC_017592_15332_16890	91.123	552	19	18	87	616	548	5	0.0	720
ERR3077550.sra.17273	NC_014751_466533_468056	88.679	53	2	3	2480	2529	3	54	3.56e-07	59.0
ERR3077550.sra.17283	NC_015875_2081382_2082934	80.000	420	26	24	2460	2828	1	413	6.24e-87	324
ERR3077550.sra.17338	NC_014498_31096_32654	87.166	187	16	4	1595	1775	1	185	1.21e-55	219
ERR3077550.sra.17424	CP001015	88.074	1459	79	53	868	2265	1	1425	0.0	1694
ERR3077550.sra.17425	AY281082	82.005	1317	86	71	56	1228	1324	15	0.0	1122
ERR3077550.sra.17480	NC_021040_348381_351031	74.194	155	30	6	468	613	2430	2583	2.63e-14	82.4
ERR3077550.sra.17537	gi|508181800|ref|NC_021312.1|_Phaeocystis_globosa_virus_strain_16T,_complete_genome	75.342	73	9	1	52	124	450335	450398	3.88e-06	55.4
ERR3077550.sra.17569	CP001015	86.326	1331	74	60	37	1290	159	1458	0.0	1407
ERR3077550.sra.17598	CP001015	89.520	1479	51	54	213	1608	1458	1	0.0	1819
ERR3077550.sra.17723	AB355602	86.524	794	47	30	2398	3135	1393	604	0.0	868
ERR3077550.sra.17769	CP001015	87.780	1473	77	52	1895	3282	1458	4	0.0	1703
ERR3077550.sra.17783	AB053947	86.475	488	37	13	220	680	486	1	3.02e-155	551
ERR3077550.sra.17783	AB053947	93.976	83	3	1	118	198	671	589	3.96e-27	125
ERR3077550.sra.17855	AF145242	88.351	867	45	35	1499	2327	1505	657	0.0	1003
ERR3077550.sra.17920	NC_015875_2081382_2082934	77.953	254	15	12	906	1118	4	257	1.33e-46	188
ERR3077550.sra.17958	NC_021040_348381_351031	73.554	121	21	5	330	441	2467	2585	2.34e-08	62.6
ERR3077550.sra.18017	CP001015	84.504	1239	109	50	2368	3550	1	1212	0.0	1218
ERR3077550.sra.18034	AY277941	82.134	806	68	41	80	829	722	1507	0.0	688
ERR3077550.sra.18097	NC_003212_260527_262081	92.157	51	1	1	73	123	48	1	1.08e-11	73.4
ERR3077550.sra.18130	NC_020450_475434_475549	80.488	82	14	2	767	846	101	20	1.53e-10	69.8
ERR3077550.sra.18147	AM157420	85.210	737	42	36	1332	2005	1537	805	0.0	737
ERR3077550.sra.18151	NC_021350_359864_361325	85.075	67	9	1	154	219	1298	1232	1.41e-11	73.4
ERR3077550.sra.18154	NC_020450_475434_475549	76.744	86	11	4	1405	1484	102	20	3.01e-06	55.4
ERR3077550.sra.18185	NC_020450_475434_475549	80.723	83	14	2	775	855	101	19	4.88e-11	71.6
ERR3077550.sra.18205	CP001015	87.894	1429	71	52	1545	2887	1457	45	0.0	1654
ERR3077550.sra.18213	gi|509139559|ref|NC_021320.1|_Halovirus_HRTV-5,_complete_genome	87.234	47	5	1	1807	1853	55937	55892	5.36e-06	55.4
ERR3077550.sra.18342	NC_015875_2081382_2082934	74.387	1101	90	69	86	1010	1088	4	5.31e-163	576
ERR3077550.sra.18348	NC_021040_348381_351031	79.245	106	12	6	534	631	2468	2571	6.06e-12	75.2
ERR3077550.sra.18430	gi|509139559|ref|NC_021320.1|_Halovirus_HRTV-5,_complete_genome	88.000	50	5	1	1042	1091	55889	55937	9.50e-08	60.8
ERR3077550.sra.18434	NC_015875_2081382_2082934	79.801	703	57	33	2655	3277	1	698	6.77e-157	556
ERR3077550.sra.18477	AM157420	90.045	663	23	19	50	678	888	1541	0.0	852
ERR3077550.sra.18496	CP001015	84.629	1158	84	47	1611	2698	1	1134	0.0	1159
ERR3077550.sra.18508	NC_014498_31096_32654	82.854	1044	71	42	712	1661	1559	530	0.0	984
ERR3077550.sra.18621	CP001015	82.686	1467	96	72	333	1661	1458	12	0.0	1319
ERR3077550.sra.18745	gi|509139559|ref|NC_021320.1|_Halovirus_HRTV-5,_complete_genome	85.965	57	7	1	3412	3468	55882	55937	1.26e-08	64.4
ERR3077550.sra.18842	gi|655872084|ref|NC_024303.1|_Bovine_herpesvirus_6_isolate_Pennsylvania_47,_complete_genome	71.429	105	25	1	10	114	23423	23522	2.71e-06	55.4
ERR3077550.sra.18965	gi|118496614|ref|NC_008603.1|_Paramecium_bursaria_Chlorella_virus_FR483,_complete_genome	78.767	146	20	5	1620	1754	312397	312542	6.21e-23	111
ERR3077550.sra.18965	gi|118496614|ref|NC_008603.1|_Paramecium_bursaria_Chlorella_virus_FR483,_complete_genome	78.986	138	18	5	1619	1745	312420	312557	2.64e-21	105
ERR3077550.sra.18965	gi|118496614|ref|NC_008603.1|_Paramecium_bursaria_Chlorella_virus_FR483,_complete_genome	78.261	138	19	5	1619	1745	312492	312629	3.22e-20	102
ERR3077550.sra.18965	gi|118496614|ref|NC_008603.1|_Paramecium_bursaria_Chlorella_virus_FR483,_complete_genome	71.569	102	15	2	1657	1744	170241	170342	1.20e-06	57.2
ERR3077550.sra.19058	NC_021040_348381_351031	76.923	156	23	7	559	701	2435	2590	1.27e-19	100
ERR3077550.sra.19210	gi|73852470|ref|NC_007346.1|_Emiliania_huxleyi_virus_86,_complete_genome	79.730	74	14	1	53	126	251935	252007	1.74e-08	62.6
ERR3077550.sra.19232	NC_015678_4661_6196	83.047	407	33	19	952	1330	1536	1138	2.28e-101	370
ERR3077550.sra.19337	NC_022239_16927_18470	84.026	457	30	20	941	1363	1544	1097	1.30e-123	444
ERR3077550.sra.19510	NC_020450_475434_475549	83.607	61	10	0	1751	1811	80	20	1.96e-09	66.2
ERR3077550.sra.19552	NC_021040_348381_351031	67.435	347	75	16	1468	1792	2585	2255	2.71e-13	78.8
ERR3077550.sra.19610	gi|509139559|ref|NC_021320.1|_Halovirus_HRTV-5,_complete_genome	83.929	56	6	2	1019	1073	55936	55883	3.93e-06	55.4
ERR3077550.sra.19760	CP001015	87.780	1473	76	53	1777	3163	1455	1	0.0	1700
ERR3077550.sra.19852	NC_017592_15332_16890	85.606	264	19	12	2256	2505	1	259	3.76e-70	268
ERR3077550.sra.19912	AF003929	84.450	1537	94	65	693	2114	7	1513	0.0	1532
ERR3077550.sra.20038	NC_020450_475434_475549	77.632	76	14	2	1657	1729	111	36	5.85e-06	55.4
ERR3077550.sra.20172	AY281080	76.026	609	58	36	1319	1844	1402	799	1.98e-97	358
ERR3077550.sra.20209	NC_003028_15344_16903	83.178	642	44	37	28	625	939	1560	1.04e-158	562
ERR3077550.sra.20238	gi|472342562|ref|NC_020864.1|_Micromonas_pusilla_virus_12T_genomic_sequence	65.281	409	112	13	838	1229	198555	198950	2.22e-09	66.2
ERR3077550.sra.20240	NC_015875_2081382_2082934	80.468	727	62	40	94	754	725	13	2.65e-159	563
ERR3077550.sra.20431	AF104671	89.636	714	28	29	2032	2703	1538	829	0.0	865
ERR3077550.sra.20507	NC_017591_15331_16889	89.931	437	21	13	1815	2237	1559	1132	5.62e-156	553
ERR3077550.sra.20710	AF003929	86.047	258	16	11	109	350	254	1	1.83e-71	271
ERR3077550.sra.20743	AF104671	81.003	758	55	41	39	721	800	1543	1.78e-174	614
ERR3077550.sra.20849	NC_014498_31096_32654	95.455	176	4	3	2920	3092	5	179	3.78e-71	271
ERR3077550.sra.20850	CP001015	78.369	1410	123	87	51	1293	1395	1	0.0	940
ERR3077550.sra.20865	CP001015	76.990	1495	124	103	591	1910	1458	9	0.0	879
ERR3077550.sra.20967	NC_021040_348381_351031	86.207	58	6	1	2072	2127	2541	2598	5.20e-09	66.2
ERR3077550.sra.20994	NC_014498_31096_32654	85.507	138	10	7	105	234	140	5	1.64e-30	136
ERR3077550.sra.21066	NC_021350_359864_361325	69.318	264	63	9	1466	1712	1395	1133	6.23e-16	87.8
ERR3077550.sra.21191	NC_013791_11542_13102	92.308	169	6	3	2091	2253	1558	1391	1.63e-61	239
ERR3077550.sra.21213	NC_020450_475434_475549	87.671	73	8	1	3074	3145	19	91	9.20e-16	87.8
ERR3077550.sra.21269	NC_009443_16967_18518	84.439	392	30	19	64	429	1165	1551	3.30e-102	374
ERR3077550.sra.21288	CP001015	83.286	1418	72	67	2438	3699	1458	50	0.0	1335
ERR3077550.sra.21357	gi|32453825|ref|NC_004927.1|_Halovirus_HF1,_complete_genome	88.136	59	4	2	994	1051	20797	20741	1.79e-10	69.8
ERR3077550.sra.21521	AY005070	79.215	1121	99	70	2497	3515	1089	1	0.0	778
ERR3077550.sra.21521	AY005070	83.077	65	6	4	2241	2303	1284	1223	7.88e-06	55.4
ERR3077550.sra.21558	NC_022655_1696703_1698247	73.991	446	60	24	91	491	1059	1493	4.37e-57	224
ERR3077550.sra.21661	gi|314055095|ref|NC_014789.1|_Ostreococcus_tauri_virus_2,_complete_genome	75.540	139	23	6	714	841	9334	9196	8.30e-14	80.6
ERR3077550.sra.21744	NC_021350_359864_361325	66.906	278	75	9	847	1111	1141	1414	3.97e-08	62.6
ERR3077550.sra.21758	NC_017592_15332_16890	87.200	250	17	9	105	345	248	5	5.85e-74	280
ERR3077550.sra.21827	gi|509139559|ref|NC_021320.1|_Halovirus_HRTV-5,_complete_genome	87.931	58	5	2	2799	2855	55881	55937	2.79e-09	66.2
ERR3077550.sra.21871	gi|441431943|ref|NC_020104.1|_Acanthamoeba_polyphaga_moumouvirus,_complete_genome	72.678	183	37	5	1912	2082	474894	474713	8.04e-18	95.1
ERR3077550.sra.22002	AF145242	84.425	931	61	43	86	944	587	1505	0.0	910
ERR3077550.sra.22015	CP001015	86.037	1504	88	68	325	1752	1	1458	0.0	1570
ERR3077550.sra.22028	NC_003028_15344_16903	84.348	230	16	8	92	304	1334	1560	1.39e-60	235
ERR3077550.sra.22195	NC_020450_475434_475549	78.947	76	13	3	1680	1754	18	91	4.88e-06	55.4
ERR3077550.sra.22254	NC_020450_475434_475549	78.313	83	15	3	2026	2105	101	19	3.25e-07	59.0
ERR3077550.sra.22340	NC_014498_31096_32654	83.039	566	23	26	50	553	555	1	2.99e-151	536
ERR3077550.sra.22424	gi|441431943|ref|NC_020104.1|_Acanthamoeba_polyphaga_moumouvirus,_complete_genome	71.751	177	40	6	2387	2556	474886	474713	1.45e-12	77.0
ERR3077550.sra.22522	AF003929	86.107	1526	92	58	76	1500	14	1520	0.0	1644
ERR3077550.sra.22591	AF003929	87.093	1565	93	58	222	1725	4	1520	0.0	1748
ERR3077550.sra.22599	NC_017219_960839_962368	88.209	1552	67	59	493	1954	1526	1	0.0	1813
ERR3077550.sra.22604	AY188350	87.487	967	55	31	865	1778	1548	595	0.0	1119
ERR3077550.sra.22650	NC_022655_1696703_1698247	81.094	640	47	31	768	1358	1545	931	2.67e-151	536
ERR3077550.sra.22677	gi|509139559|ref|NC_021320.1|_Halovirus_HRTV-5,_complete_genome	86.441	59	5	3	1474	1532	55937	55882	8.05e-08	60.8
ERR3077550.sra.22810	gi|19718363|ref|NC_003461.1|_Human_parainfluenza_virus_1,_complete_genome	73.737	99	25	1	1	98	5001	4903	2.99e-07	59.0
ERR3077550.sra.22836	gi|441431943|ref|NC_020104.1|_Acanthamoeba_polyphaga_moumouvirus,_complete_genome	73.729	118	24	4	2234	2349	290958	290846	3.54e-08	62.6
ERR3077550.sra.22836	gi|441431943|ref|NC_020104.1|_Acanthamoeba_polyphaga_moumouvirus,_complete_genome	73.913	115	23	4	2237	2349	474737	474846	1.24e-07	60.8
ERR3077550.sra.23023	NC_014251_60580_62113	78.972	1070	81	68	3	939	476	1534	0.0	738
ERR3077550.sra.23088	gi|116326687|ref|NC_008518.1|_Trichoplusia_ni_ascovirus_2c,_complete_genome	84.848	66	5	5	396	459	86585	86647	1.90e-06	57.2
ERR3077550.sra.23207	CP000725	80.657	1370	126	64	33	1274	1359	1	0.0	1113
ERR3077550.sra.23213	gi|509139559|ref|NC_021320.1|_Halovirus_HRTV-5,_complete_genome	87.719	57	6	1	2151	2207	55882	55937	9.74e-10	68.0
ERR3077550.sra.23227	NC_021040_348381_351031	75.325	154	26	6	1630	1774	2590	2440	5.53e-17	91.5
ERR3077550.sra.23332	NC_015875_2081382_2082934	70.130	770	89	54	1037	1672	1553	791	1.51e-60	235
ERR3077550.sra.23353	AB355602	86.060	1241	94	46	82	1262	175	1396	0.0	1323
ERR3077550.sra.23414	CP001015	87.660	1248	66	54	89	1260	1236	1	0.0	1393
ERR3077550.sra.23445	NC_021350_359864_361325	77.206	136	29	2	394	529	1369	1236	2.96e-19	98.7
ERR3077550.sra.23467	NC_015215_16481_18017	82.822	1566	127	64	482	1934	1537	1	0.0	1451
ERR3077550.sra.23530	CP001015	84.615	1131	44	64	1606	2614	1457	335	0.0	1085
ERR3077550.sra.23535	gi|509139559|ref|NC_021320.1|_Halovirus_HRTV-5,_complete_genome	89.474	57	5	1	767	823	55882	55937	1.70e-11	73.4
ERR3077550.sra.23583	gi|508181800|ref|NC_021312.1|_Phaeocystis_globosa_virus_strain_16T,_complete_genome	72.566	113	28	2	305	414	289120	289232	2.96e-07	59.0
ERR3077550.sra.23635	gi|363539767|ref|NC_016072.1|_Megavirus_chiliensis,_complete_genome	81.250	64	9	2	681	744	1242912	1242852	2.90e-06	55.4
ERR3077550.sra.23700	gi|118496614|ref|NC_008603.1|_Paramecium_bursaria_Chlorella_virus_FR483,_complete_genome	74.725	91	15	3	2202	2291	170320	170237	4.11e-06	55.4
ERR3077550.sra.23709	gi|9625955|ref|NC_001350.1|_Saimiriine_herpesvirus_2_complete_genome	82.143	56	10	0	373	428	106746	106691	1.30e-06	57.2
ERR3077550.sra.23794	CP001015	89.993	1439	58	50	1594	2963	1423	2	0.0	1799
ERR3077550.sra.23812	NC_014498_31096_32654	82.773	238	19	12	2277	2495	1	235	8.74e-53	210
