ERR3077551.sra.94	AM420222	80.278	862	82	36	94	870	633	1491	0.0	706
ERR3077551.sra.114	DQ087188	85.555	1523	81	60	812	2218	1500	1	0.0	1609
ERR3077551.sra.146	NC_021350_359864_361325	73.506	385	76	16	2976	3342	1362	986	1.34e-45	187
ERR3077551.sra.174	gi|311977355|ref|NC_014649.1|_Acanthamoeba_polyphaga_mimivirus,_complete_genome	79.710	69	13	1	132	200	884717	884650	2.52e-07	59.0
ERR3077551.sra.318	NC_008767_46638_48181	75.176	1559	130	106	508	1829	1541	3	0.0	821
ERR3077551.sra.345	gi|49237297|ref|NC_005946.1|_Frog_virus_3,_complete_genome	75.789	95	16	3	91	182	51119	51209	9.70e-08	60.8
ERR3077551.sra.345	gi|49237297|ref|NC_005946.1|_Frog_virus_3,_complete_genome	77.647	85	15	3	99	181	51027	51109	3.39e-07	59.0
ERR3077551.sra.345	gi|49237297|ref|NC_005946.1|_Frog_virus_3,_complete_genome	75.532	94	16	3	92	182	51135	51224	3.39e-07	59.0
ERR3077551.sra.345	gi|49237297|ref|NC_005946.1|_Frog_virus_3,_complete_genome	77.108	83	12	3	100	182	51089	51164	1.18e-06	57.2
ERR3077551.sra.384	GU470910	84.766	512	33	26	1776	2250	1477	974	1.33e-138	495
ERR3077551.sra.578	gi|363539767|ref|NC_016072.1|_Megavirus_chiliensis,_complete_genome	78.481	79	14	1	1206	1284	720838	720763	7.83e-09	64.4
ERR3077551.sra.698	NC_017347_522050_523611	80.972	494	36	31	2462	2908	4	486	9.55e-104	379
ERR3077551.sra.754	NC_017511_1177616_1179168	90.000	80	2	5	45	119	1475	1553	6.18e-17	91.5
ERR3077551.sra.911	NC_021350_359864_361325	69.868	302	63	12	2609	2887	997	1293	3.18e-21	105
ERR3077551.sra.948	NC_021040_348381_351031	76.106	113	21	5	3073	3182	2645	2536	3.00e-09	66.2
ERR3077551.sra.964	gi|441431943|ref|NC_020104.1|_Acanthamoeba_polyphaga_moumouvirus,_complete_genome	71.000	200	37	13	2163	2348	474666	474858	1.20e-07	60.8
ERR3077551.sra.973	AM420222	85.688	545	42	21	1227	1741	1489	951	5.72e-161	569
ERR3077551.sra.983	gi|163954976|ref|NC_010191.1|_Ostreococcus_virus_OsV5,_complete_genome	69.355	186	48	6	470	648	10012	10195	7.52e-08	60.8
ERR3077551.sra.1045	NC_021350_359864_361325	67.647	442	109	19	798	1219	986	1413	4.24e-19	98.7
ERR3077551.sra.1094	AF481217	86.209	1501	83	65	128	1532	1473	1	0.0	1593
ERR3077551.sra.1118	NC_021350_359864_361325	72.574	237	54	7	2330	2563	1216	1444	2.38e-23	113
ERR3077551.sra.1186	L06168	74.965	719	75	46	1740	2357	7	721	7.72e-104	379
ERR3077551.sra.1194	gi|441431943|ref|NC_020104.1|_Acanthamoeba_polyphaga_moumouvirus,_complete_genome	75.546	229	42	7	402	619	474888	474663	4.00e-32	141
ERR3077551.sra.1256	NC_008767_46638_48181	88.507	931	48	29	822	1703	1534	614	0.0	1119
ERR3077551.sra.1291	gi|310830989|ref|NC_014637.1|_Cafeteria_roenbergensis_virus_BV-PW1,_complete_genome	88.889	45	4	1	309	353	197482	197439	2.86e-06	55.4
ERR3077551.sra.1333	L06168	85.836	1532	104	70	162	1627	2	1486	0.0	1584
ERR3077551.sra.1438	NC_021350_359864_361325	69.740	423	103	14	1456	1868	1006	1413	5.92e-33	145
ERR3077551.sra.1468	gi|109255272|ref|NC_008168.1|_Choristoneura_occidentalis_granulovirus,_complete_genome	84.211	57	6	2	93	146	20005	19949	1.62e-06	57.2
ERR3077551.sra.1475	NC_021020_589522_591540	84.507	71	7	2	223	289	71	1	1.92e-11	73.4
ERR3077551.sra.1550	NC_021350_359864_361325	86.667	45	6	0	134	178	1065	1021	5.80e-06	55.4
ERR3077551.sra.1558	gi|42733078|ref|NC_005497.1|_Tomato_leaf_curl_Java_virus-[Ageratum]_satellite_DNA,_complete_genome	82.432	74	10	2	1698	1769	788	716	2.64e-10	69.8
ERR3077551.sra.1607	NC_021350_359864_361325	71.318	387	83	14	477	845	1396	1020	2.09e-37	159
ERR3077551.sra.1611	L06168	78.629	744	55	39	39	686	736	1	5.14e-156	553
ERR3077551.sra.1713	L06168	76.399	1394	155	84	1462	2736	25	1363	0.0	820
ERR3077551.sra.1739	NC_017517_61234_62762	69.611	849	72	61	1960	2634	1517	681	5.79e-68	260
ERR3077551.sra.1842	L06168	85.407	1487	101	69	232	1621	1	1468	0.0	1508
ERR3077551.sra.1884	gi|313768203|ref|NC_014767.1|_Micromonas_sp._RCC1109_virus_MpV1,_complete_genome	67.708	288	63	14	691	953	11788	11506	8.02e-09	64.4
ERR3077551.sra.1904	gi|509139559|ref|NC_021320.1|_Halovirus_HRTV-5,_complete_genome	80.882	68	8	3	1774	1836	55938	55871	4.99e-06	55.4
ERR3077551.sra.2141	NC_021350_359864_361325	69.533	407	78	22	2024	2388	1399	997	4.29e-25	118
ERR3077551.sra.2165	NC_021350_359864_361325	69.395	281	61	14	96	361	1272	1002	4.84e-13	78.8
ERR3077551.sra.2215	gi|9964314|ref|NC_002520.1|_Amsacta_moorei_entomopoxvirus_'L',_complete_genome	75.269	93	18	3	1974	2065	177009	177097	3.66e-06	55.4
ERR3077551.sra.2271	NC_021350_359864_361325	67.164	469	130	12	1491	1943	1446	986	1.62e-25	120
ERR3077551.sra.2348	CP001015	88.896	1468	63	57	60	1451	1458	15	0.0	1746
ERR3077551.sra.2380	NC_021350_359864_361325	67.781	329	70	16	1252	1552	1323	1003	1.17e-12	77.0
ERR3077551.sra.2429	NC_021040_348381_351031	74.510	153	27	5	2131	2273	2602	2452	1.96e-16	89.7
ERR3077551.sra.2473	gi|295441891|ref|NC_014093.1|_Torque_teno_midi_virus_2,_complete_genome	94.444	36	2	0	1678	1713	2687	2722	1.71e-06	57.2
ERR3077551.sra.2497	L14327	88.836	636	31	20	44	652	623	1	0.0	773
ERR3077551.sra.2517	L06168	78.763	1455	129	83	164	1454	1	1439	0.0	1029
ERR3077551.sra.2553	NC_021040_348381_351031	76.190	105	16	5	612	711	2506	2606	3.18e-08	62.6
ERR3077551.sra.2578	GQ074466	77.316	1371	107	78	876	2056	1357	1	0.0	902
ERR3077551.sra.2747	NC_008767_46638_48181	75.537	1071	106	65	118	1049	1054	1	1.44e-169	598
ERR3077551.sra.2810	gi|158380386|ref|NC_009552.2|_Geobacillus_virus_E2,_complete_genome	65.778	450	124	19	1783	2212	38205	37766	3.10e-07	59.0
ERR3077551.sra.2890	NC_018706_214504_216058	74.194	124	23	6	1894	2011	134	14	1.25e-07	60.8
ERR3077551.sra.2978	L06168	78.878	1515	143	93	251	1623	1486	7	0.0	1040
ERR3077551.sra.3145	DQ201336	86.073	1314	75	66	74	1310	216	1498	0.0	1344
ERR3077551.sra.3174	gi|310830989|ref|NC_014637.1|_Cafeteria_roenbergensis_virus_BV-PW1,_complete_genome	67.647	272	64	10	2268	2521	451248	451513	5.82e-11	71.6
ERR3077551.sra.3235	NC_021009_505857_508732	70.673	208	41	8	1515	1703	231	437	3.23e-14	82.4
ERR3077551.sra.3283	AM420222	83.828	303	24	13	75	352	1187	1489	5.18e-77	289
ERR3077551.sra.3414	AJ810271	79.203	803	74	47	1632	2357	36	822	2.71e-160	567
ERR3077551.sra.3432	GQ074466	82.619	863	70	48	66	872	47	885	0.0	737
ERR3077551.sra.3457	L06168	82.811	1117	88	57	1088	2139	1	1078	0.0	996
ERR3077551.sra.3484	gi|62422552|ref|NC_006966.1|_Deerpox_virus_W-848-83,_complete_genome	83.607	61	6	3	1240	1298	145916	145858	3.58e-06	55.4
ERR3077551.sra.3543	NC_021020_589522_591540	77.143	105	18	3	83	184	151	252	1.24e-11	73.4
ERR3077551.sra.3589	L06168	88.055	879	47	29	3043	3884	1	858	0.0	1043
ERR3077551.sra.3633	AY689228	84.937	790	57	31	44	796	729	1493	0.0	805
ERR3077551.sra.3820	NC_021009_505857_508732	77.358	106	12	5	524	617	273	168	4.01e-11	71.6
ERR3077551.sra.3824	DQ201336	83.981	643	34	32	2654	3234	1498	863	2.79e-174	614
ERR3077551.sra.3975	AY008310	73.218	1333	154	79	1230	2374	1444	127	9.43e-179	628
ERR3077551.sra.4000	NC_015875_2081382_2082934	71.154	1508	140	103	838	2071	1530	44	3.52e-158	560
ERR3077551.sra.4024	NC_015291_14803_16340	79.150	753	67	41	78	751	797	1538	2.42e-154	547
ERR3077551.sra.4029	L14327	78.462	195	13	11	28	194	194	1	6.71e-32	140
ERR3077551.sra.4096	NC_008767_46638_48181	75.030	845	71	56	1254	1971	1543	712	5.31e-124	446
ERR3077551.sra.4145	L06168	80.594	1314	117	73	78	1272	166	1460	0.0	1029
ERR3077551.sra.4440	NC_017591_15331_16889	78.257	1182	108	64	44	1093	1170	6	0.0	820
ERR3077551.sra.4482	L06168	85.185	1485	99	66	785	2170	1486	24	0.0	1508
ERR3077551.sra.4485	AY008310	84.647	482	38	19	2687	3137	2	478	1.17e-134	482
ERR3077551.sra.4536	NC_008767_46638_48181	73.794	1057	126	70	46	960	209	1256	1.23e-133	479
ERR3077551.sra.4802	gi|118496614|ref|NC_008603.1|_Paramecium_bursaria_Chlorella_virus_FR483,_complete_genome	85.965	57	7	1	644	700	142510	142565	8.23e-09	64.4
ERR3077551.sra.4816	gi|472342562|ref|NC_020864.1|_Micromonas_pusilla_virus_12T_genomic_sequence	71.212	132	33	3	1252	1380	198724	198853	2.28e-07	59.0
ERR3077551.sra.4843	NC_022111_1520371_1521887	85.347	389	19	17	44	400	1131	1513	8.91e-111	403
ERR3077551.sra.4851	L06168	81.824	1513	110	79	972	2365	6	1472	0.0	1294
ERR3077551.sra.4885	gi|311977355|ref|NC_014649.1|_Acanthamoeba_polyphaga_mimivirus,_complete_genome	79.412	68	13	1	76	142	884717	884650	1.17e-06	57.2
ERR3077551.sra.4885	gi|311977355|ref|NC_014649.1|_Acanthamoeba_polyphaga_mimivirus,_complete_genome	74.510	102	20	4	270	369	878023	877926	4.08e-06	55.4
ERR3077551.sra.4900	DQ201336	85.215	1515	102	69	843	2259	4	1494	0.0	1521
ERR3077551.sra.5086	NC_021009_505857_508732	77.778	99	17	4	2201	2295	180	277	2.21e-09	66.2
ERR3077551.sra.5103	NC_021350_359864_361325	78.667	75	9	3	77	146	1059	987	9.51e-07	57.2
ERR3077551.sra.5156	gi|165969010|ref|NC_010276.1|_Orgyia_leucostigma_NPV,_complete_genome	74.490	98	18	3	131	222	4266	4362	1.32e-06	57.2
ERR3077551.sra.5194	L06168	85.612	139	5	7	2643	2774	21	151	1.19e-32	143
ERR3077551.sra.5296	NC_013853_16701_18238	73.093	1167	126	74	1578	2573	43	1192	9.11e-148	526
ERR3077551.sra.5302	NC_015875_2081382_2082934	68.654	1493	144	121	865	2050	11	1486	1.14e-88	329
ERR3077551.sra.5382	gi|313843970|ref|NC_014766.1|_Ostreococcus_lucimarinus_virus_OlV1,_complete_genome	68.421	209	51	7	125	323	15888	16091	2.07e-08	62.6
ERR3077551.sra.5404	NC_020450_475434_475549	80.000	70	11	2	577	643	20	89	1.48e-06	57.2
ERR3077551.sra.5464	NC_017512_155107_156636	81.713	432	31	23	2520	2918	1528	1112	7.35e-99	363
ERR3077551.sra.5546	NC_021350_359864_361325	70.146	479	111	18	593	1048	986	1455	8.43e-40	167
ERR3077551.sra.5637	gi|311977355|ref|NC_014649.1|_Acanthamoeba_polyphaga_mimivirus,_complete_genome	68.317	202	55	6	232	429	878095	877899	1.81e-06	57.2
ERR3077551.sra.5637	gi|311977355|ref|NC_014649.1|_Acanthamoeba_polyphaga_mimivirus,_complete_genome	68.367	196	53	6	232	423	878131	877941	6.31e-06	55.4
ERR3077551.sra.5709	NC_017515_63970_65498	81.124	1335	139	59	76	1322	220	1529	0.0	1108
ERR3077551.sra.5717	CP001015	84.884	1462	78	69	61	1417	1424	1	0.0	1458
ERR3077551.sra.5936	gi|363539767|ref|NC_016072.1|_Megavirus_chiliensis,_complete_genome	72.897	107	20	1	1888	1985	337309	337415	2.62e-09	66.2
ERR3077551.sra.5936	gi|363539767|ref|NC_016072.1|_Megavirus_chiliensis,_complete_genome	72.381	105	20	1	1888	1983	276978	277082	3.20e-08	62.6
ERR3077551.sra.5936	gi|363539767|ref|NC_016072.1|_Megavirus_chiliensis,_complete_genome	68.783	189	48	6	1167	1355	276991	277168	3.89e-07	59.0
ERR3077551.sra.5936	gi|363539767|ref|NC_016072.1|_Megavirus_chiliensis,_complete_genome	73.913	92	24	0	1892	1983	336485	336576	3.89e-07	59.0
ERR3077551.sra.5936	gi|363539767|ref|NC_016072.1|_Megavirus_chiliensis,_complete_genome	70.642	109	23	1	1889	1988	277060	277168	1.36e-06	57.2
ERR3077551.sra.5936	gi|363539767|ref|NC_016072.1|_Megavirus_chiliensis,_complete_genome	73.404	94	25	0	1892	1985	339095	339188	1.36e-06	57.2
ERR3077551.sra.5999	gi|582973099|ref|NC_023426.1|_Anomala_cuprea_entomopoxvirus_DNA,_complete_genome,_strain:_CV6M	74.167	120	16	8	354	470	153688	153581	5.31e-06	55.4
ERR3077551.sra.6045	NC_021350_359864_361325	72.068	469	97	18	779	1232	1444	995	3.77e-51	205
ERR3077551.sra.6056	CP001015	83.660	1377	94	62	87	1366	1343	1	0.0	1308
ERR3077551.sra.6089	NC_021020_589522_591540	86.885	61	8	0	2226	2286	1	61	4.17e-12	75.2
ERR3077551.sra.6167	gi|441431943|ref|NC_020104.1|_Acanthamoeba_polyphaga_moumouvirus,_complete_genome	72.903	155	36	4	1365	1514	474737	474890	4.08e-13	78.8
ERR3077551.sra.6210	NC_021350_359864_361325	72.746	477	101	18	161	615	986	1455	1.21e-55	219
ERR3077551.sra.6230	gi|506497718|ref|NC_021246.1|_Mythimna_separata_entomopoxvirus_'L',_complete_genome	82.456	57	8	1	1291	1347	126943	126889	5.41e-06	55.4
ERR3077551.sra.6268	gi|73852470|ref|NC_007346.1|_Emiliania_huxleyi_virus_86,_complete_genome	80.723	83	15	1	2666	2748	253667	253748	5.50e-12	75.2
ERR3077551.sra.6268	gi|73852470|ref|NC_007346.1|_Emiliania_huxleyi_virus_86,_complete_genome	78.824	85	18	0	2664	2748	254776	254860	1.92e-11	73.4
ERR3077551.sra.6281	gi|506498610|ref|NC_021249.1|_Choristoneura_rosaceana_entomopoxvirus_'L',_complete_genome	96.875	32	1	0	900	931	203630	203661	9.62e-06	53.6
ERR3077551.sra.6287	NC_017511_1177616_1179168	85.108	1014	74	36	1416	2368	2	999	0.0	1056
ERR3077551.sra.6431	L06168	76.770	1102	87	67	1181	2119	102	1197	0.0	695
ERR3077551.sra.6517	L14327	75.387	1552	160	97	120	1465	1	1536	0.0	839
ERR3077551.sra.6539	gi|9625955|ref|NC_001350.1|_Saimiriine_herpesvirus_2_complete_genome	76.768	99	15	6	1084	1176	106776	106680	4.00e-06	55.4
ERR3077551.sra.6581	GQ074466	84.783	1380	88	57	291	1571	1	1357	0.0	1395
ERR3077551.sra.6600	AF145242	82.464	901	61	54	2428	3245	1505	619	0.0	758
ERR3077551.sra.6753	AB550231	74.099	1471	157	102	236	1495	1462	5	0.0	677
ERR3077551.sra.6935	gi|441431943|ref|NC_020104.1|_Acanthamoeba_polyphaga_moumouvirus,_complete_genome	71.930	228	59	5	2183	2407	474873	474648	2.74e-21	105
ERR3077551.sra.6935	gi|441431943|ref|NC_020104.1|_Acanthamoeba_polyphaga_moumouvirus,_complete_genome	73.171	123	31	2	2201	2322	290837	290958	2.41e-09	66.2
ERR3077551.sra.6935	gi|441431943|ref|NC_020104.1|_Acanthamoeba_polyphaga_moumouvirus,_complete_genome	76.829	82	18	1	1307	1388	476172	476092	3.57e-07	59.0
ERR3077551.sra.6955	NC_017517_61234_62762	76.577	1221	119	61	1331	2390	1521	307	0.0	789
ERR3077551.sra.7159	AY008310	80.680	1294	88	68	2562	3776	2	1212	0.0	1056
ERR3077551.sra.7293	gi|506497718|ref|NC_021246.1|_Mythimna_separata_entomopoxvirus_'L',_complete_genome	85.965	57	6	2	1811	1867	254034	254088	7.51e-08	60.8
ERR3077551.sra.7475	NC_017517_61234_62762	77.049	915	70	65	738	1532	1521	627	2.99e-151	536
ERR3077551.sra.7485	L06168	81.438	1460	119	73	1152	2474	1	1445	0.0	1231
ERR3077551.sra.7496	L06168	88.260	724	37	28	2741	3443	6	702	0.0	850
ERR3077551.sra.7671	NC_021350_359864_361325	67.887	355	79	17	1667	1989	1371	1020	3.57e-14	82.4
ERR3077551.sra.7761	gi|441431943|ref|NC_020104.1|_Acanthamoeba_polyphaga_moumouvirus,_complete_genome	69.951	203	42	11	346	535	474922	474726	3.38e-07	59.0
ERR3077551.sra.7850	gi|49237297|ref|NC_005946.1|_Frog_virus_3,_complete_genome	77.528	89	12	4	826	909	51106	51191	1.22e-07	60.8
ERR3077551.sra.7945	AJ583190	76.429	140	19	8	1971	2103	489	621	9.11e-14	80.6
ERR3077551.sra.8141	gi|313767999|ref|NC_014765.1|_Bathycoccus_sp._RCC1105_virus_BpV1,_complete_genome	67.488	203	55	3	904	1095	11214	11416	1.87e-09	66.2
ERR3077551.sra.8182	NC_017513_56611_58139	85.096	1570	113	68	1296	2789	5	1529	0.0	1579
ERR3077551.sra.8327	NC_021350_359864_361325	69.211	380	86	16	2441	2795	1359	986	5.94e-24	114
ERR3077551.sra.8351	NC_021350_359864_361325	70.402	473	109	20	1834	2289	1455	997	1.45e-37	159
ERR3077551.sra.8360	DQ201336	87.549	1526	85	65	419	1868	2	1498	0.0	1698
ERR3077551.sra.8441	GU361860	87.757	1070	57	43	2094	3105	1	1054	0.0	1214
ERR3077551.sra.8524	L06168	79.184	711	79	41	70	724	698	1	1.11e-140	502
ERR3077551.sra.8565	gi|310830989|ref|NC_014637.1|_Cafeteria_roenbergensis_virus_BV-PW1,_complete_genome	82.090	67	11	1	2243	2308	451380	451314	8.83e-09	64.4
ERR3077551.sra.8783	L06168	74.550	1501	176	100	116	1438	9	1481	0.0	728
ERR3077551.sra.8880	L06168	83.019	159	12	10	2265	2410	1	157	5.37e-30	134
ERR3077551.sra.8897	NC_003116_198339_199883	81.010	1564	140	72	115	1540	1545	1	0.0	1299
ERR3077551.sra.8907	gi|18653809|ref|NC_003401.1|_Macacine_herpesvirus_5,_genome	75.000	100	21	3	1152	1247	21126	21027	3.86e-07	59.0
ERR3077551.sra.8953	L06168	83.788	697	52	28	1566	2216	1	682	0.0	686
ERR3077551.sra.9002	NC_021350_359864_361325	71.250	160	30	7	1291	1436	1256	1413	6.78e-09	64.4
ERR3077551.sra.9002	NC_021350_359864_361325	81.538	65	8	2	1071	1131	994	1058	2.88e-07	59.0
ERR3077551.sra.9045	gi|118496614|ref|NC_008603.1|_Paramecium_bursaria_Chlorella_virus_FR483,_complete_genome	70.130	154	26	7	1700	1847	312541	312402	1.52e-06	57.2
ERR3077551.sra.9045	gi|118496614|ref|NC_008603.1|_Paramecium_bursaria_Chlorella_virus_FR483,_complete_genome	70.548	146	23	7	1708	1847	312545	312414	1.52e-06	57.2
ERR3077551.sra.9080	L14327	82.256	913	73	58	1125	1987	1	874	0.0	735
ERR3077551.sra.9177	CP001015	88.971	1487	77	54	103	1532	1457	1	0.0	1777
ERR3077551.sra.9191	AF287809	81.018	1533	118	82	650	2031	1	1511	0.0	1240
ERR3077551.sra.9661	L14327	84.512	1569	107	65	1281	2753	1	1529	0.0	1564
ERR3077551.sra.9776	NC_022111_1520371_1521887	89.032	775	37	23	1265	2001	1465	701	0.0	955
ERR3077551.sra.9812	NC_021350_359864_361325	70.763	472	99	22	2229	2674	1444	986	3.52e-39	165
ERR3077551.sra.9926	NC_008767_46638_48181	85.185	1080	59	46	46	1043	484	1544	0.0	1110
ERR3077551.sra.10088	NC_021350_359864_361325	72.727	231	51	10	2721	2945	1455	1231	4.70e-19	98.7
ERR3077551.sra.10127	gi|310830989|ref|NC_014637.1|_Cafeteria_roenbergensis_virus_BV-PW1,_complete_genome	81.250	64	9	2	2049	2112	143561	143501	5.94e-06	55.4
ERR3077551.sra.10244	CP001015	87.568	1480	70	57	233	1620	1458	1	0.0	1685
ERR3077551.sra.10425	gi|9631294|ref|NC_001993.1|_Melanoplus_sanguinipes_entomopoxvirus,_complete_genome	79.104	67	13	1	511	577	17084	17149	2.67e-06	55.4
ERR3077551.sra.10476	gi|448824968|ref|NC_020232.1|_Megavirus_lba_isolate_LBA111,_complete_genome	82.143	56	10	0	291	346	1197961	1198016	6.24e-07	57.2
ERR3077551.sra.10867	gi|158380386|ref|NC_009552.2|_Geobacillus_virus_E2,_complete_genome	68.293	246	61	9	206	440	37709	37948	5.39e-10	68.0
ERR3077551.sra.10884	AY008310	84.227	1249	92	60	1541	2726	3	1209	0.0	1196
ERR3077551.sra.10905	NC_021350_359864_361325	71.795	195	47	5	597	785	1222	1414	2.17e-16	89.7
ERR3077551.sra.10919	gi|340025671|ref|NC_000852.5|_Paramecium_bursaria_Chlorella_virus_1,_complete_genome	74.545	110	24	3	1132	1237	61092	61201	2.36e-08	62.6
ERR3077551.sra.10974	NC_021040_348381_351031	76.852	108	18	4	57	157	2478	2585	5.74e-11	71.6
ERR3077551.sra.11002	L14327	84.950	505	34	23	1637	2125	1535	1057	8.53e-141	502
ERR3077551.sra.11021	NC_021040_348381_351031	74.545	110	16	4	1537	1636	2585	2478	1.72e-09	66.2
ERR3077551.sra.11029	NC_017511_1177616_1179168	79.032	186	18	10	1439	1606	4	186	3.57e-30	134
ERR3077551.sra.11044	L06168	86.108	871	54	32	2829	3652	1	851	0.0	951
ERR3077551.sra.11066	FJ470477	85.043	1511	93	71	837	2232	1493	1	0.0	1507
ERR3077551.sra.11140	GQ074466	84.996	1233	70	63	63	1201	1212	1	0.0	1209
ERR3077551.sra.11167	NC_017511_1177616_1179168	83.333	84	9	3	2531	2610	1553	1471	1.15e-13	80.6
ERR3077551.sra.11211	NC_021350_359864_361325	69.261	257	65	6	84	333	1262	1013	1.27e-17	93.3
ERR3077551.sra.11233	L06168	86.585	410	23	18	2182	2563	11	416	2.36e-123	444
ERR3077551.sra.11269	gi|582973099|ref|NC_023426.1|_Anomala_cuprea_entomopoxvirus_DNA,_complete_genome,_strain:_CV6M	80.882	68	11	2	1424	1490	5598	5664	1.75e-06	57.2
ERR3077551.sra.11269	gi|582973099|ref|NC_023426.1|_Anomala_cuprea_entomopoxvirus_DNA,_complete_genome,_strain:_CV6M	80.882	68	11	2	1424	1490	240120	240054	1.75e-06	57.2
ERR3077551.sra.11350	NC_021350_359864_361325	67.246	403	86	17	858	1225	1022	1413	1.35e-18	96.9
ERR3077551.sra.11397	gi|158380386|ref|NC_009552.2|_Geobacillus_virus_E2,_complete_genome	69.892	186	45	7	1877	2052	37736	37920	2.66e-08	62.6
ERR3077551.sra.11743	AY281082	83.333	1266	87	56	1633	2781	1428	170	0.0	1191
ERR3077551.sra.11747	NC_021040_348381_351031	80.198	101	14	4	1622	1717	2591	2492	7.51e-14	80.6
ERR3077551.sra.11865	AF481217	86.081	819	53	40	1820	2603	1471	679	0.0	838
ERR3077551.sra.11916	DQ201336	82.272	1523	126	72	1681	3092	1493	4	0.0	1335
ERR3077551.sra.11954	NC_008767_46638_48181	71.785	1563	207	88	93	1440	1	1544	0.0	645
ERR3077551.sra.11968	L06168	84.647	723	59	27	44	726	711	1	0.0	737
ERR3077551.sra.11974	L06168	85.421	1509	97	63	525	1933	1486	1	0.0	1570
ERR3077551.sra.11998	L06168	88.934	244	9	10	85	312	242	1	3.41e-77	291
ERR3077551.sra.12019	AM419980	80.190	1262	107	66	1101	2245	1	1236	0.0	980
ERR3077551.sra.12087	NC_008767_46638_48181	75.758	1155	97	66	86	1076	408	1543	0.0	688
ERR3077551.sra.12090	gi|57753410|ref|NC_006639.1|_Cotesia_congregata_virus_complete_genome,_segment_Circle7	76.190	84	18	2	1424	1506	10450	10532	4.70e-06	55.4
ERR3077551.sra.12105	gi|509139559|ref|NC_021320.1|_Halovirus_HRTV-5,_complete_genome	87.719	57	6	1	593	649	55882	55937	6.85e-10	68.0
ERR3077551.sra.12234	DQ201336	81.932	1522	110	68	216	1596	1498	1	0.0	1348
ERR3077551.sra.12236	NC_017513_56611_58139	80.077	1561	132	82	800	2214	1529	2	0.0	1205
ERR3077551.sra.12584	L06168	79.570	930	87	50	2171	3010	9	925	0.0	699
ERR3077551.sra.12590	gi|313767999|ref|NC_014765.1|_Bathycoccus_sp._RCC1105_virus_BpV1,_complete_genome	74.380	121	23	5	927	1041	11420	11302	5.56e-09	64.4
ERR3077551.sra.12594	gi|32453825|ref|NC_004927.1|_Halovirus_HF1,_complete_genome	82.759	58	8	2	475	531	20799	20743	7.08e-06	53.6
ERR3077551.sra.12657	NC_008767_46638_48181	79.562	137	7	6	2912	3027	1519	1383	2.19e-23	113
ERR3077551.sra.12741	L06168	78.776	245	31	14	1513	1738	9	251	7.82e-39	163
ERR3077551.sra.12772	NC_021350_359864_361325	70.556	360	70	21	306	633	1444	1089	1.08e-22	109
ERR3077551.sra.12873	AM420222	75.457	766	73	49	1633	2283	1468	703	3.01e-115	417
ERR3077551.sra.13130	L14327	89.770	782	31	26	74	819	768	1536	0.0	976
ERR3077551.sra.13221	NC_017505_56146_57686	79.496	595	41	35	1522	2049	1541	961	8.18e-122	439
ERR3077551.sra.13245	gi|68304136|ref|NC_007151.1|_Chrysodeixis_chalcites_nucleopolyhedrovirus,_complete_genome	75.532	94	15	4	1440	1533	3956	3871	4.71e-06	55.4
ERR3077551.sra.13353	gi|163954976|ref|NC_010191.1|_Ostreococcus_virus_OsV5,_complete_genome	66.780	295	74	10	1602	1880	9914	10200	6.28e-10	68.0
ERR3077551.sra.13361	NC_021040_348381_351031	72.932	133	26	6	287	412	2479	2608	1.04e-07	60.8
ERR3077551.sra.13440	NC_021350_359864_361325	71.667	480	110	13	723	1187	987	1455	6.76e-55	217
ERR3077551.sra.13456	L14327	87.841	1538	72	62	42	1484	1518	1	0.0	1755
ERR3077551.sra.13473	gi|19718363|ref|NC_003461.1|_Human_parainfluenza_virus_1,_complete_genome	73.950	119	31	0	1572	1690	5001	4883	3.15e-12	75.2
ERR3077551.sra.13523	DQ201336	86.117	1527	97	55	779	2219	1498	1	0.0	1654
ERR3077551.sra.13749	L06168	82.107	1509	117	77	909	2293	7	1486	0.0	1305
ERR3077551.sra.13897	gi|9631294|ref|NC_001993.1|_Melanoplus_sanguinipes_entomopoxvirus,_complete_genome	77.108	83	10	4	1214	1290	186926	186847	3.35e-06	55.4
ERR3077551.sra.13918	NC_022196_81192_82698	69.959	1468	160	107	1645	2845	1505	52	6.36e-119	430
ERR3077551.sra.13999	DQ201336	74.640	1112	93	83	631	1568	1475	379	1.64e-149	531
ERR3077551.sra.14186	NC_021009_505857_508732	84.375	64	6	3	1556	1615	202	265	7.77e-08	60.8
ERR3077551.sra.14338	NC_021040_348381_351031	85.965	57	4	2	1827	1879	2585	2529	2.47e-08	62.6
ERR3077551.sra.14344	AJ583190	80.599	701	49	44	1960	2576	1416	719	2.11e-149	531
ERR3077551.sra.14448	AF310615	74.485	874	110	48	106	883	600	1456	4.03e-127	457
ERR3077551.sra.14468	NC_003116_198339_199883	74.648	1562	174	89	586	1942	1545	1	0.0	830
ERR3077551.sra.14732	AF382273	78.481	1106	112	58	84	1079	1420	331	0.0	774
ERR3077551.sra.14925	NC_013016_142152_143695	86.957	138	10	6	1244	1375	1	136	1.40e-34	149
ERR3077551.sra.14942	GU361860	77.191	1495	146	87	947	2260	1481	1	0.0	946
ERR3077551.sra.14950	DQ201336	81.824	1524	126	73	180	1579	1498	2	0.0	1306
ERR3077551.sra.15013	gi|313767999|ref|NC_014765.1|_Bathycoccus_sp._RCC1105_virus_BpV1,_complete_genome	72.519	131	27	5	212	335	7588	7716	1.59e-07	60.8
ERR3077551.sra.15024	DQ201336	81.782	1246	80	64	271	1380	1498	264	0.0	1068
ERR3077551.sra.15050	L06168	86.475	1464	103	56	63	1457	46	1483	0.0	1595
ERR3077551.sra.15202	NC_021350_359864_361325	72.687	227	44	11	148	367	1222	1437	1.99e-18	96.9
ERR3077551.sra.15299	NC_008767_46638_48181	86.255	793	52	34	1600	2355	1544	772	0.0	838
ERR3077551.sra.15333	NC_021350_359864_361325	68.230	469	102	24	2045	2476	997	1455	2.77e-22	109
ERR3077551.sra.15342	NC_021350_359864_361325	68.860	456	97	25	938	1353	994	1444	3.95e-23	111
ERR3077551.sra.15504	AF382302	81.170	1487	131	80	924	2296	1471	20	0.0	1193
ERR3077551.sra.15524	GU470910	75.862	290	34	18	117	378	1075	1356	1.74e-37	159
ERR3077551.sra.15589	NC_022111_1520371_1521887	79.362	533	41	30	77	550	991	1513	8.29e-108	392
ERR3077551.sra.15637	gi|9625955|ref|NC_001350.1|_Saimiriine_herpesvirus_2_complete_genome	75.000	104	20	3	811	913	106535	106633	2.89e-08	62.6
ERR3077551.sra.15637	gi|9625955|ref|NC_001350.1|_Saimiriine_herpesvirus_2_complete_genome	75.000	104	20	3	811	913	106583	106681	2.89e-08	62.6
ERR3077551.sra.15637	gi|9625955|ref|NC_001350.1|_Saimiriine_herpesvirus_2_complete_genome	74.286	105	22	3	811	913	106673	106774	3.52e-07	59.0
ERR3077551.sra.16040	gi|158380386|ref|NC_009552.2|_Geobacillus_virus_E2,_complete_genome	68.359	256	67	8	218	464	37698	37948	1.61e-11	73.4
ERR3077551.sra.16115	NC_021350_359864_361325	69.281	459	100	20	2192	2615	986	1438	1.63e-31	140
ERR3077551.sra.16226	L14327	73.792	828	70	52	62	745	825	1	4.70e-114	414
ERR3077551.sra.16283	gi|506498610|ref|NC_021249.1|_Choristoneura_rosaceana_entomopoxvirus_'L',_complete_genome	90.476	42	2	1	81	122	257749	257710	5.00e-06	55.4
ERR3077551.sra.16483	gi|526118633|ref|NC_021858.1|_Pandoravirus_dulcis,_complete_genome	70.861	151	40	4	242	391	1632570	1632717	1.16e-07	60.8
ERR3077551.sra.16547	L14327	83.951	1564	93	72	507	1940	1	1536	0.0	1507
ERR3077551.sra.16628	GU361860	87.426	1527	85	64	693	2141	1	1498	0.0	1698
ERR3077551.sra.16642	L06168	86.109	1231	84	51	1590	2764	1	1200	0.0	1310
ERR3077551.sra.16792	L06168	83.402	970	76	46	74	979	949	1	0.0	902
ERR3077551.sra.16868	NC_017511_1177616_1179168	82.353	85	10	4	2889	2968	29	113	1.89e-11	73.4
ERR3077551.sra.16881	AF385513	82.968	822	60	46	1101	1870	1	794	0.0	719
ERR3077551.sra.16915	NC_017511_1177616_1179168	80.574	453	40	22	87	500	454	11	1.84e-99	365
ERR3077551.sra.17008	DQ201336	78.585	1046	83	63	64	984	1035	6	0.0	720
ERR3077551.sra.17086	gi|310830989|ref|NC_014637.1|_Cafeteria_roenbergensis_virus_BV-PW1,_complete_genome	81.481	54	10	0	510	563	200323	200270	5.23e-06	53.6
ERR3077551.sra.17122	NC_021020_589522_591540	88.636	44	3	1	1170	1211	1	44	2.37e-06	55.4
ERR3077551.sra.17159	gi|310830989|ref|NC_014637.1|_Cafeteria_roenbergensis_virus_BV-PW1,_complete_genome	82.090	67	11	1	375	440	451380	451314	9.15e-09	64.4
ERR3077551.sra.17361	gi|9625955|ref|NC_001350.1|_Saimiriine_herpesvirus_2_complete_genome	75.281	89	20	2	1422	1509	106589	106676	6.08e-06	55.4
ERR3077551.sra.17466	gi|340025671|ref|NC_000852.5|_Paramecium_bursaria_Chlorella_virus_1,_complete_genome	76.344	93	19	3	544	634	54175	54084	2.75e-07	59.0
ERR3077551.sra.17490	L06168	79.750	1521	142	76	1477	2875	10	1486	0.0	1169
ERR3077551.sra.17530	NC_021350_359864_361325	70.942	382	89	14	2601	2968	986	1359	3.64e-33	145
ERR3077551.sra.17650	NC_021350_359864_361325	72.956	159	33	5	2444	2592	996	1154	1.45e-13	80.6
ERR3077551.sra.17673	L14327	84.105	497	36	23	71	535	1047	1532	9.35e-133	475
ERR3077551.sra.17704	NC_008767_46638_48181	87.225	227	13	7	1472	1689	1539	1320	1.08e-68	262
ERR3077551.sra.17734	NC_017514_55538_57066	73.152	1177	130	74	598	1601	362	1525	4.14e-150	533
ERR3077551.sra.17773	gi|363539767|ref|NC_016072.1|_Megavirus_chiliensis,_complete_genome	84.314	51	8	0	1339	1389	194911	194961	1.00e-06	57.2
ERR3077551.sra.17796	gi|313767999|ref|NC_014765.1|_Bathycoccus_sp._RCC1105_virus_BpV1,_complete_genome	75.221	113	24	3	143	253	11420	11310	5.92e-10	68.0
ERR3077551.sra.17907	NC_017511_1177616_1179168	82.258	186	12	11	55	221	184	1	1.84e-36	156
ERR3077551.sra.17995	CP001015	76.156	1384	129	81	750	1937	1458	80	0.0	825
ERR3077551.sra.18092	gi|292397674|ref|NC_013953.1|_Lymantria_xylina_MNPV,_complete_genome	76.744	86	17	3	1135	1219	63366	63283	3.34e-06	55.4
ERR3077551.sra.18094	gi|158380386|ref|NC_009552.2|_Geobacillus_virus_E2,_complete_genome	71.223	139	37	3	396	531	37946	37808	9.60e-08	60.8
ERR3077551.sra.18155	gi|109255272|ref|NC_008168.1|_Choristoneura_occidentalis_granulovirus,_complete_genome	80.247	81	14	2	843	922	19944	20023	3.96e-10	68.0
ERR3077551.sra.18229	NC_018706_214504_216058	71.429	133	33	4	1874	2002	134	3	4.29e-06	55.4
ERR3077551.sra.18261	GU470910	88.141	683	36	26	85	732	679	7	0.0	791
ERR3077551.sra.18284	gi|109255272|ref|NC_008168.1|_Choristoneura_occidentalis_granulovirus,_complete_genome	78.947	76	13	1	140	215	20015	19943	9.67e-09	64.4
ERR3077551.sra.18291	NC_021350_359864_361325	68.363	452	109	18	651	1072	997	1444	1.16e-25	120
ERR3077551.sra.18323	gi|363539767|ref|NC_016072.1|_Megavirus_chiliensis,_complete_genome	82.143	56	10	0	558	613	552571	552516	1.14e-06	57.2
ERR3077551.sra.18394	NC_017513_56611_58139	82.436	1560	119	75	1816	3252	1	1528	0.0	1380
ERR3077551.sra.18436	NC_008767_46638_48181	86.765	612	36	24	2363	2939	1544	943	0.0	672
ERR3077551.sra.18459	GU470910	82.756	1299	94	59	1297	2486	1480	203	0.0	1184
ERR3077551.sra.18493	NC_017517_61234_62762	81.081	925	87	45	912	1772	295	1195	0.0	756
ERR3077551.sra.18523	NC_017514_55538_57066	74.507	761	76	51	3035	3696	1528	787	5.13e-102	374
ERR3077551.sra.18537	gi|582973099|ref|NC_023426.1|_Anomala_cuprea_entomopoxvirus_DNA,_complete_genome,_strain:_CV6M	69.930	143	33	4	2228	2367	170892	170757	5.78e-06	55.4
ERR3077551.sra.18544	gi|448824857|ref|NC_020231.1|_Caviid_herpesvirus_2_strain_21222,_complete_genome	80.556	72	9	2	487	553	223057	223128	3.53e-08	62.6
ERR3077551.sra.18639	NC_021020_589522_591540	83.333	72	10	2	855	925	71	1	1.91e-10	69.8
ERR3077551.sra.18719	L06168	82.498	1457	113	72	82	1414	1448	10	0.0	1294
ERR3077551.sra.18732	gi|109255272|ref|NC_008168.1|_Choristoneura_occidentalis_granulovirus,_complete_genome	86.275	51	5	1	1869	1917	20010	19960	3.11e-07	59.0
ERR3077551.sra.18826	GU470910	79.057	1442	112	79	258	1533	63	1480	0.0	1054
ERR3077551.sra.18892	L06168	82.435	1503	109	72	899	2267	1482	1	0.0	1350
ERR3077551.sra.18953	L06168	81.679	524	42	23	1257	1736	6	519	2.13e-128	461
ERR3077551.sra.18980	NC_021020_589522_591540	81.944	72	6	3	459	524	71	1	6.56e-09	64.4
ERR3077551.sra.19257	NC_008767_46638_48181	75.304	1563	164	101	946	2309	1	1540	0.0	823
ERR3077551.sra.19304	gi|310830989|ref|NC_014637.1|_Cafeteria_roenbergensis_virus_BV-PW1,_complete_genome	84.127	63	10	0	465	527	451380	451318	2.59e-10	69.8
ERR3077551.sra.19317	NC_021009_505857_508732	83.333	60	7	2	423	479	296	237	1.31e-06	57.2
ERR3077551.sra.19349	L06168	88.073	545	34	18	57	575	540	1	0.0	645
ERR3077551.sra.19372	gi|9631294|ref|NC_001993.1|_Melanoplus_sanguinipes_entomopoxvirus,_complete_genome	78.205	78	12	3	82	159	150091	150019	4.70e-06	55.4
ERR3077551.sra.19435	L06168	85.484	1364	97	61	61	1340	140	1486	0.0	1395
ERR3077551.sra.19440	NC_021350_359864_361325	69.362	470	99	18	1696	2120	986	1455	4.83e-37	158
ERR3077551.sra.19556	NC_021350_359864_361325	70.323	465	116	11	619	1067	1444	986	1.33e-45	187
ERR3077551.sra.19599	gi|310830989|ref|NC_014637.1|_Cafeteria_roenbergensis_virus_BV-PW1,_complete_genome	83.929	56	5	2	234	288	484594	484542	4.47e-06	55.4
ERR3077551.sra.19644	NC_017511_1177616_1179168	91.358	81	2	1	2603	2678	1553	1473	5.57e-24	114
ERR3077551.sra.19652	gi|118496614|ref|NC_008603.1|_Paramecium_bursaria_Chlorella_virus_FR483,_complete_genome	92.500	40	3	0	1392	1431	169954	169993	2.90e-07	59.0
ERR3077551.sra.19754	DQ201336	84.128	1279	95	61	56	1255	238	1487	0.0	1214
ERR3077551.sra.19918	gi|310830989|ref|NC_014637.1|_Cafeteria_roenbergensis_virus_BV-PW1,_complete_genome	83.636	55	8	1	474	527	82758	82704	2.15e-06	55.4
ERR3077551.sra.20047	NC_017511_1177616_1179168	82.407	108	3	5	79	170	108	1	3.05e-20	102
ERR3077551.sra.20067	AY134901	80.906	309	32	14	1800	2084	1549	1244	6.86e-66	253
ERR3077551.sra.20078	NC_018706_214504_216058	72.794	136	27	7	487	616	134	3	1.23e-06	57.2
ERR3077551.sra.20191	gi|109255272|ref|NC_008168.1|_Choristoneura_occidentalis_granulovirus,_complete_genome	82.812	64	7	3	327	387	20022	19960	1.25e-06	57.2
ERR3077551.sra.20212	NC_022111_1520371_1521887	91.892	259	5	10	1703	1946	1484	1227	1.61e-92	342
ERR3077551.sra.20311	NC_021350_359864_361325	70.556	180	31	10	51	211	1220	1396	1.25e-07	60.8
ERR3077551.sra.20385	NC_008767_46638_48181	83.982	1105	83	43	77	1107	452	1536	0.0	1086
ERR3077551.sra.20442	NC_017511_1177616_1179168	92.857	42	0	2	2019	2057	1526	1485	1.03e-06	57.2
ERR3077551.sra.20517	NC_008767_46638_48181	86.283	678	46	29	58	704	662	1	0.0	715
ERR3077551.sra.20592	L14327	86.786	560	36	25	1655	2196	1535	996	1.48e-169	598
ERR3077551.sra.20616	gi|509139559|ref|NC_021320.1|_Halovirus_HRTV-5,_complete_genome	81.967	61	4	2	1948	2002	55879	55938	4.43e-07	59.0
ERR3077551.sra.20623	GU361860	79.951	1227	106	71	1086	2197	1489	288	0.0	913
ERR3077551.sra.20665	NC_021350_359864_361325	68.555	353	82	16	1895	2224	1332	986	6.42e-17	91.5
ERR3077551.sra.20834	NC_021350_359864_361325	74.233	163	33	6	2083	2238	1133	1293	2.40e-15	86.0
ERR3077551.sra.20855	NC_020450_475434_475549	82.143	84	12	2	361	442	19	101	4.74e-13	78.8
ERR3077551.sra.20869	NC_021350_359864_361325	69.231	442	109	16	599	1027	986	1413	1.80e-30	136
ERR3077551.sra.20995	L06168	74.555	1293	141	86	96	1213	207	1486	0.0	639
ERR3077551.sra.21003	L06168	72.131	244	32	17	2733	2945	1	239	2.45e-16	89.7
ERR3077551.sra.21086	gi|9625955|ref|NC_001350.1|_Saimiriine_herpesvirus_2_complete_genome	78.182	110	18	3	394	502	106540	106644	4.08e-14	82.4
ERR3077551.sra.21086	gi|9625955|ref|NC_001350.1|_Saimiriine_herpesvirus_2_complete_genome	78.182	110	18	3	394	502	106630	106734	4.08e-14	82.4
ERR3077551.sra.21086	gi|9625955|ref|NC_001350.1|_Saimiriine_herpesvirus_2_complete_genome	76.852	108	23	2	397	502	106639	106746	6.05e-12	75.2
ERR3077551.sra.21086	gi|9625955|ref|NC_001350.1|_Saimiriine_herpesvirus_2_complete_genome	74.312	109	24	2	394	502	106588	106692	3.14e-09	66.2
ERR3077551.sra.21086	gi|9625955|ref|NC_001350.1|_Saimiriine_herpesvirus_2_complete_genome	72.650	117	20	3	394	500	106678	106792	1.09e-08	64.4
ERR3077551.sra.21086	gi|9625955|ref|NC_001350.1|_Saimiriine_herpesvirus_2_complete_genome	74.510	102	22	2	402	502	106525	106623	3.82e-08	62.6
ERR3077551.sra.21086	gi|9625955|ref|NC_001350.1|_Saimiriine_herpesvirus_2_complete_genome	73.276	116	16	6	394	502	106759	106866	1.62e-06	57.2
ERR3077551.sra.21086	gi|9625955|ref|NC_001350.1|_Saimiriine_herpesvirus_2_complete_genome	73.148	108	17	4	394	500	106780	106876	1.62e-06	57.2
ERR3077551.sra.21207	NC_022111_1520371_1521887	88.807	1501	64	62	2794	4207	1517	34	0.0	1764
ERR3077551.sra.21248	NC_021350_359864_361325	68.000	325	83	11	2170	2478	1452	1133	7.50e-16	87.8
ERR3077551.sra.21277	NC_017511_1177616_1179168	89.614	337	10	18	2407	2724	1	331	1.41e-107	392
ERR3077551.sra.21457	NC_021040_348381_351031	77.698	139	26	5	2230	2364	2577	2440	1.61e-17	93.3
ERR3077551.sra.21496	AY485603	83.130	984	63	52	925	1817	1468	497	0.0	884
ERR3077551.sra.21496	AY485603	82.000	200	17	8	1982	2164	224	27	1.28e-43	179
ERR3077551.sra.21529	NC_021350_359864_361325	77.500	80	13	2	72	147	1065	987	2.55e-07	59.0
ERR3077551.sra.21603	gi|32453825|ref|NC_004927.1|_Halovirus_HF1,_complete_genome	85.455	55	8	0	691	745	20733	20787	9.09e-09	64.4
ERR3077551.sra.21670	GU361860	74.383	1499	159	103	320	1611	1498	18	0.0	713
ERR3077551.sra.21710	gi|158380386|ref|NC_009552.2|_Geobacillus_virus_E2,_complete_genome	82.540	63	11	0	795	857	37886	37948	5.80e-09	64.4
ERR3077551.sra.21855	L06168	75.244	1026	97	60	71	946	1019	1	4.10e-166	587
ERR3077551.sra.21894	NC_021350_359864_361325	68.677	431	105	16	833	1248	1410	995	8.99e-27	123
ERR3077551.sra.22111	gi|509139559|ref|NC_021320.1|_Halovirus_HRTV-5,_complete_genome	85.484	62	3	3	554	611	55938	55879	6.01e-09	64.4
ERR3077551.sra.22217	L06168	83.716	1523	123	65	810	2244	1	1486	0.0	1460
ERR3077551.sra.22265	AF003929	79.200	875	60	53	68	831	868	5	7.47e-179	628
ERR3077551.sra.22309	NC_017511_1177616_1179168	86.713	143	11	7	1947	2086	1553	1416	2.11e-34	149
ERR3077551.sra.22545	NC_008767_46638_48181	82.695	705	47	35	81	719	696	1	4.30e-180	632
ERR3077551.sra.22554	L06168	85.448	536	31	25	2404	2903	1	525	8.77e-155	549
ERR3077551.sra.22641	NC_021350_359864_361325	79.412	68	14	0	1814	1881	1013	1080	1.09e-07	60.8
ERR3077551.sra.22648	NC_021350_359864_361325	66.598	485	116	26	1581	2034	1455	986	2.05e-10	69.8
ERR3077551.sra.22876	gi|313768203|ref|NC_014767.1|_Micromonas_sp._RCC1109_virus_MpV1,_complete_genome	78.205	78	16	1	1215	1292	138485	138409	6.82e-08	60.8
ERR3077551.sra.22922	gi|761895455|ref|NC_001650.2|_Equid_herpesvirus_2_strain_86_67,_complete_genome	72.277	101	25	1	1283	1383	150883	150980	5.38e-06	55.4
ERR3077551.sra.22922	gi|761895455|ref|NC_001650.2|_Equid_herpesvirus_2_strain_86_67,_complete_genome	72.277	101	25	1	1283	1383	150973	151070	5.38e-06	55.4
ERR3077551.sra.22932	gi|158380386|ref|NC_009552.2|_Geobacillus_virus_E2,_complete_genome	67.111	450	122	17	709	1145	38205	37769	7.32e-17	91.5
ERR3077551.sra.22962	L14327	84.068	1180	76	55	1382	2473	1	1156	0.0	1133
ERR3077551.sra.23047	NC_021020_589522_591540	92.500	40	3	0	1960	1999	1	40	2.84e-07	59.0
ERR3077551.sra.23059	AF310615	80.776	1160	106	59	69	1133	324	1461	0.0	926
ERR3077551.sra.23122	NC_021009_505857_508732	69.328	238	52	10	2264	2484	198	431	8.71e-12	75.2
ERR3077551.sra.23293	NC_021350_359864_361325	71.765	170	37	6	1587	1752	975	1137	1.09e-11	73.4
ERR3077551.sra.23372	gi|585299329|ref|NC_023423.1|_Pithovirus_sibericum_isolate_P1084-T,_complete_genome	86.000	50	6	1	2048	2096	293947	293996	6.18e-06	55.4
ERR3077551.sra.23397	NC_003112_60971_62514	69.136	810	115	59	97	774	809	3	6.42e-47	190
ERR3077551.sra.23551	NC_017511_1177616_1179168	75.203	246	20	12	2017	2224	7	249	1.84e-35	152
ERR3077551.sra.23603	AJ810271	78.887	611	60	30	67	610	610	2	1.70e-124	448
