ERR3077552.sra.102	NC_021350_359864_361325	75.287	174	30	9	2011	2177	1410	1243	9.46e-17	91.5
ERR3077552.sra.117	NC_009443_16967_18518	74.279	416	32	32	928	1269	1548	1134	2.96e-47	192
ERR3077552.sra.117	NC_009443_16967_18518	68.910	312	29	20	1909	2156	309	2	1.75e-18	96.9
ERR3077552.sra.145	NC_021040_348381_351031	79.365	63	9	1	156	214	2535	2597	2.47e-06	55.4
ERR3077552.sra.208	NC_013853_16701_18238	77.555	949	92	52	1989	2822	1534	592	3.92e-178	627
ERR3077552.sra.487	NC_013715_1592163_1593688	85.369	1531	89	69	1183	2605	23	1526	0.0	1563
ERR3077552.sra.526	AB545935	77.674	1393	98	91	51	1243	1381	2	0.0	892
ERR3077552.sra.558	AM157420	80.672	1547	149	73	2023	3453	32	1544	0.0	1249
ERR3077552.sra.621	AY134908	77.708	480	30	29	27	435	511	38	2.69e-86	322
ERR3077552.sra.703	gi|441431943|ref|NC_020104.1|_Acanthamoeba_polyphaga_moumouvirus,_complete_genome	84.211	57	8	1	2873	2928	474019	473963	5.87e-07	59.0
ERR3077552.sra.986	gi|441431943|ref|NC_020104.1|_Acanthamoeba_polyphaga_moumouvirus,_complete_genome	76.042	96	19	3	1691	1785	749367	749459	1.01e-07	60.8
ERR3077552.sra.996	AM420132	75.263	1427	131	87	347	1566	1412	1	0.0	791
ERR3077552.sra.1017	NC_021009_505857_508732	75.824	91	15	4	775	858	178	268	5.87e-06	53.6
ERR3077552.sra.1167	gi|472342562|ref|NC_020864.1|_Micromonas_pusilla_virus_12T_genomic_sequence	73.810	126	25	3	983	1106	198737	198856	1.78e-11	73.4
ERR3077552.sra.1185	gi|123318702|ref|NC_005261.2|_Bovine_herpesvirus_5,_complete_genome	84.615	52	6	1	832	881	92969	92918	6.90e-06	55.4
ERR3077552.sra.1185	gi|123318702|ref|NC_005261.2|_Bovine_herpesvirus_5,_complete_genome	84.615	52	6	1	832	881	92975	92924	6.90e-06	55.4
ERR3077552.sra.1185	gi|123318702|ref|NC_005261.2|_Bovine_herpesvirus_5,_complete_genome	84.615	52	6	1	832	881	92981	92930	6.90e-06	55.4
ERR3077552.sra.1185	gi|123318702|ref|NC_005261.2|_Bovine_herpesvirus_5,_complete_genome	84.615	52	6	1	832	881	92987	92936	6.90e-06	55.4
ERR3077552.sra.1185	gi|123318702|ref|NC_005261.2|_Bovine_herpesvirus_5,_complete_genome	84.615	52	6	1	832	881	92993	92942	6.90e-06	55.4
ERR3077552.sra.1356	gi|310830989|ref|NC_014637.1|_Cafeteria_roenbergensis_virus_BV-PW1,_complete_genome	79.012	81	14	3	1136	1214	64187	64266	4.16e-07	59.0
ERR3077552.sra.1427	gi|531034792|ref|NC_022098.1|_Pandoravirus_salinus,_complete_genome	68.493	219	59	7	3561	3771	118816	119032	4.57e-08	62.6
ERR3077552.sra.1473	Y13364	69.947	1514	175	105	1023	2274	1496	1	1.20e-127	459
ERR3077552.sra.1528	AY879305	74.910	1116	102	71	60	1003	1115	6	2.59e-167	590
ERR3077552.sra.1623	AY995767	82.176	1498	108	69	420	1767	1489	1	0.0	1335
ERR3077552.sra.1627	AY879305	77.352	1488	110	94	1700	2971	1516	40	0.0	946
ERR3077552.sra.1638	NC_015678_4661_6196	67.884	657	87	44	90	623	668	13	8.10e-34	147
ERR3077552.sra.1668	gi|441431943|ref|NC_020104.1|_Acanthamoeba_polyphaga_moumouvirus,_complete_genome	72.487	189	42	5	3141	3325	474894	474712	3.12e-17	93.3
ERR3077552.sra.1668	gi|441431943|ref|NC_020104.1|_Acanthamoeba_polyphaga_moumouvirus,_complete_genome	71.901	121	28	3	3184	3303	290843	290958	2.25e-06	57.2
ERR3077552.sra.1726	CP001015	84.584	1213	87	51	913	2054	1	1184	0.0	1205
ERR3077552.sra.1824	gi|119964534|ref|NC_008725.1|_Maruca_vitrata_MNPV,_complete_genome	87.234	47	2	1	1238	1284	77902	77860	1.85e-06	57.2
ERR3077552.sra.1878	NC_015291_14803_16340	82.692	364	32	21	3668	4006	17	374	2.37e-81	306
ERR3077552.sra.1904	gi|441431943|ref|NC_020104.1|_Acanthamoeba_polyphaga_moumouvirus,_complete_genome	69.417	206	44	8	2063	2260	474920	474726	2.29e-10	69.8
ERR3077552.sra.1967	gi|448824968|ref|NC_020232.1|_Megavirus_lba_isolate_LBA111,_complete_genome	86.667	45	6	0	1923	1967	582300	582344	6.30e-06	55.4
ERR3077552.sra.1991	NC_015875_2081382_2082934	88.136	118	3	4	2886	2994	7	122	4.48e-32	141
ERR3077552.sra.2018	NC_009443_16967_18518	92.500	120	4	2	2358	2474	1551	1434	2.18e-41	172
ERR3077552.sra.2223	GQ018918	88.555	1398	74	54	1145	2483	1371	1	0.0	1635
ERR3077552.sra.2333	NC_021237_123168_124694	89.317	571	20	25	73	619	974	1527	0.0	679
ERR3077552.sra.2337	NC_021009_505857_508732	88.060	67	8	0	2266	2332	200	266	2.57e-15	86.0
ERR3077552.sra.2524	AY281077	85.288	1441	80	69	65	1398	1428	13	0.0	1451
ERR3077552.sra.2562	gi|482650988|ref|NC_021095.1|_White_clover_cryptic_virus_2_isolate_IPP_Lirepa_segment_RNA_2,_complete_sequence	85.263	95	6	1	1	87	2341	2247	1.01e-22	111
ERR3077552.sra.2567	gi|441431943|ref|NC_020104.1|_Acanthamoeba_polyphaga_moumouvirus,_complete_genome	73.134	134	21	7	997	1117	474894	474763	2.72e-08	62.6
ERR3077552.sra.2754	NC_020450_475434_475549	80.488	82	12	1	2836	2913	101	20	5.54e-12	75.2
ERR3077552.sra.2904	gi|355348571|ref|NC_016143.1|_Hibiscus_green_spot_virus_isolate_WAI_1-1_segment_RNA2,_complete_sequence	84.314	51	8	0	1832	1882	3196	3146	1.24e-06	57.2
ERR3077552.sra.2962	NC_021040_348381_351031	76.730	159	30	6	67	223	2451	2604	1.26e-19	100
ERR3077552.sra.3197	gi|506498026|ref|NC_021247.1|_Adoxophyes_honmai_enomopoxvirus_'L',_complete_genome	83.636	55	8	1	886	939	117266	117320	8.04e-06	55.4
ERR3077552.sra.3266	gi|509139559|ref|NC_021320.1|_Halovirus_HRTV-5,_complete_genome	85.455	55	8	0	3817	3871	55937	55883	1.47e-08	64.4
ERR3077552.sra.3266	gi|509139559|ref|NC_021320.1|_Halovirus_HRTV-5,_complete_genome	86.538	52	7	0	3696	3747	55937	55886	5.14e-08	62.6
ERR3077552.sra.3437	NC_021040_348381_351031	75.000	172	29	8	734	899	2435	2598	2.17e-17	93.3
ERR3077552.sra.3449	gi|509139559|ref|NC_021320.1|_Halovirus_HRTV-5,_complete_genome	87.931	58	5	2	1305	1362	55937	55882	1.93e-09	66.2
ERR3077552.sra.3537	AY584476	81.643	1351	101	71	85	1313	1333	8	0.0	1131
ERR3077552.sra.3684	AY879305	73.950	714	67	45	39	637	717	8	4.43e-96	354
ERR3077552.sra.3716	CP001015	85.666	1479	104	62	1821	3214	1	1456	0.0	1530
ERR3077552.sra.3721	NC_015291_14803_16340	86.581	1550	89	57	1977	3437	1522	3	0.0	1709
ERR3077552.sra.3903	NC_015678_4661_6196	80.868	737	55	36	76	735	808	1535	4.84e-173	609
ERR3077552.sra.3910	AY879305	72.122	1503	168	101	2191	3460	1490	6	1.10e-167	592
ERR3077552.sra.3967	NC_015875_2081382_2082934	73.377	1664	190	111	580	2140	1	1514	0.0	731
ERR3077552.sra.4026	CP001015	79.973	1503	147	83	550	1943	1	1458	0.0	1119
ERR3077552.sra.4053	NC_017591_15331_16889	82.720	706	51	37	2514	3158	1559	864	1.86e-176	621
ERR3077552.sra.4058	NC_017591_15331_16889	81.564	537	41	30	2937	3426	1559	1034	1.36e-121	439
ERR3077552.sra.4082	AY349403	78.863	1055	96	53	77	1011	486	1533	0.0	773
ERR3077552.sra.4122	CP001015	85.532	1099	53	50	49	1066	1074	1	0.0	1135
ERR3077552.sra.4168	gi|675510705|ref|NC_024771.1|_Equid_herpesvirus_3_strain_AR_2007_C3A,_complete_genome	87.500	48	5	1	348	395	66973	67019	1.36e-06	57.2
ERR3077552.sra.4170	gi|441431943|ref|NC_020104.1|_Acanthamoeba_polyphaga_moumouvirus,_complete_genome	73.288	146	23	6	2744	2875	474894	474751	5.59e-12	75.2
ERR3077552.sra.4270	AY207059	85.324	1499	85	73	96	1479	1479	1	0.0	1505
ERR3077552.sra.4288	NC_021281_93861_95367	75.781	256	33	13	68	303	1261	1507	8.16e-35	150
ERR3077552.sra.4340	AY879305	83.453	979	52	48	70	946	990	20	0.0	919
ERR3077552.sra.4404	gi|441431943|ref|NC_020104.1|_Acanthamoeba_polyphaga_moumouvirus,_complete_genome	72.414	145	30	5	304	441	474747	474888	8.12e-10	68.0
ERR3077552.sra.4540	NC_009674_9424_10967	86.957	138	7	5	3484	3612	1542	1407	2.45e-36	156
ERR3077552.sra.4580	gi|482650988|ref|NC_021095.1|_White_clover_cryptic_virus_2_isolate_IPP_Lirepa_segment_RNA_2,_complete_sequence	86.486	74	5	1	1	69	2320	2247	2.60e-16	89.7
ERR3077552.sra.4654	NC_013715_1592163_1593688	81.345	788	63	45	67	783	749	1523	1.01e-179	632
ERR3077552.sra.4794	NC_021040_348381_351031	72.321	224	36	10	1895	2095	2606	2386	8.06e-21	104
ERR3077552.sra.4891	CP001015	83.191	1517	124	74	2007	3451	1	1458	0.0	1371
ERR3077552.sra.4938	CP001015	80.676	1480	142	75	1864	3227	1452	1	0.0	1171
ERR3077552.sra.4953	NC_014498_31096_32654	83.642	1565	96	66	397	1817	1553	5	0.0	1516
ERR3077552.sra.5011	NC_021009_505857_508732	82.558	86	9	4	1590	1669	180	265	3.93e-12	75.2
ERR3077552.sra.5099	NC_015291_14803_16340	78.821	1374	121	70	46	1271	171	1522	0.0	1003
ERR3077552.sra.5197	AY134908	72.586	1419	178	88	77	1304	1422	24	7.37e-170	600
ERR3077552.sra.5258	NC_021839_1492052_1493604	77.799	1590	210	67	1950	3440	1552	7	0.0	1103
ERR3077552.sra.5296	gi|158380386|ref|NC_009552.2|_Geobacillus_virus_E2,_complete_genome	68.564	369	95	14	2096	2450	37652	38013	4.29e-19	98.7
ERR3077552.sra.5660	gi|118496614|ref|NC_008603.1|_Paramecium_bursaria_Chlorella_virus_FR483,_complete_genome	87.273	55	7	0	581	635	142510	142564	9.62e-10	68.0
ERR3077552.sra.5706	NC_014498_31096_32654	85.950	121	7	5	59	172	1441	1558	1.95e-28	129
ERR3077552.sra.5796	NC_017563_17812_19366	73.214	336	35	22	3714	4000	1511	1182	1.15e-34	150
ERR3077552.sra.5910	NC_009802_708608_710065	88.822	331	11	14	3438	3750	9	331	6.82e-107	390
ERR3077552.sra.6076	AY278611	77.363	1206	112	72	93	1153	288	1477	0.0	765
ERR3077552.sra.6126	gi|482650988|ref|NC_021095.1|_White_clover_cryptic_virus_2_isolate_IPP_Lirepa_segment_RNA_2,_complete_sequence	88.095	84	7	1	1	81	2330	2247	2.09e-21	105
ERR3077552.sra.6249	NC_021040_348381_351031	78.261	92	14	5	666	752	2500	2590	4.26e-07	59.0
ERR3077552.sra.6293	NC_020450_475434_475549	80.952	84	12	2	1772	1852	19	101	4.79e-12	75.2
ERR3077552.sra.6346	NC_021350_359864_361325	73.103	145	32	5	109	251	1350	1211	1.77e-10	69.8
ERR3077552.sra.6476	NC_017592_15332_16890	88.914	451	25	15	2775	3211	5	444	4.17e-153	544
ERR3077552.sra.6547	NC_015975_274311_275837	80.723	83	7	5	68	141	1420	1502	7.07e-09	64.4
ERR3077552.sra.6550	CP001015	84.512	1485	100	74	2298	3703	25	1458	0.0	1425
ERR3077552.sra.6597	AY879305	86.855	1027	55	35	1989	2949	1518	506	0.0	1159
ERR3077552.sra.6628	AY281077	85.256	624	45	26	2096	2681	103	717	0.0	636
ERR3077552.sra.6637	NC_020450_475434_475549	78.000	100	21	1	1981	2079	101	2	4.50e-13	78.8
ERR3077552.sra.6646	EU071478	79.589	1509	128	80	644	1996	1500	16	0.0	1135
ERR3077552.sra.6664	AF003929	87.298	1299	60	53	1433	2644	1505	225	0.0	1454
ERR3077552.sra.6750	CP000725	85.277	1535	86	73	499	1924	1504	1	0.0	1546
ERR3077552.sra.6802	gi|109255272|ref|NC_008168.1|_Choristoneura_occidentalis_granulovirus,_complete_genome	85.938	64	8	1	740	803	20022	19960	7.77e-11	71.6
ERR3077552.sra.6855	AY281082	83.974	1248	93	56	56	1219	204	1428	0.0	1193
ERR3077552.sra.6938	gi|340025671|ref|NC_000852.5|_Paramecium_bursaria_Chlorella_virus_1,_complete_genome	72.398	221	43	7	1593	1804	197873	197662	2.56e-22	109
ERR3077552.sra.6938	gi|340025671|ref|NC_000852.5|_Paramecium_bursaria_Chlorella_virus_1,_complete_genome	71.560	218	40	9	1598	1804	21698	21904	1.97e-17	93.3
ERR3077552.sra.6938	gi|340025671|ref|NC_000852.5|_Paramecium_bursaria_Chlorella_virus_1,_complete_genome	70.492	244	51	12	1580	1805	197721	197481	1.24e-13	80.6
ERR3077552.sra.6938	gi|340025671|ref|NC_000852.5|_Paramecium_bursaria_Chlorella_virus_1,_complete_genome	74.101	139	16	7	1580	1699	197637	197500	5.29e-12	75.2
ERR3077552.sra.6938	gi|340025671|ref|NC_000852.5|_Paramecium_bursaria_Chlorella_virus_1,_complete_genome	74.265	136	20	6	1591	1724	241464	241586	5.29e-12	75.2
ERR3077552.sra.6938	gi|340025671|ref|NC_000852.5|_Paramecium_bursaria_Chlorella_virus_1,_complete_genome	74.453	137	22	6	1591	1723	241476	241603	5.29e-12	75.2
ERR3077552.sra.6938	gi|340025671|ref|NC_000852.5|_Paramecium_bursaria_Chlorella_virus_1,_complete_genome	69.298	228	51	9	1593	1804	122804	122580	1.85e-11	73.4
ERR3077552.sra.6938	gi|340025671|ref|NC_000852.5|_Paramecium_bursaria_Chlorella_virus_1,_complete_genome	70.466	193	37	8	1622	1804	197880	197698	1.85e-11	73.4
ERR3077552.sra.6938	gi|340025671|ref|NC_000852.5|_Paramecium_bursaria_Chlorella_virus_1,_complete_genome	73.611	144	27	6	1591	1725	21774	21915	6.44e-11	71.6
ERR3077552.sra.6938	gi|340025671|ref|NC_000852.5|_Paramecium_bursaria_Chlorella_virus_1,_complete_genome	75.862	116	21	4	1591	1701	76386	76273	6.44e-11	71.6
ERR3077552.sra.6938	gi|340025671|ref|NC_000852.5|_Paramecium_bursaria_Chlorella_virus_1,_complete_genome	69.124	217	48	8	1593	1804	76483	76281	6.44e-11	71.6
ERR3077552.sra.6938	gi|340025671|ref|NC_000852.5|_Paramecium_bursaria_Chlorella_virus_1,_complete_genome	81.579	76	12	2	1591	1665	21858	21932	7.85e-10	68.0
ERR3077552.sra.6938	gi|340025671|ref|NC_000852.5|_Paramecium_bursaria_Chlorella_virus_1,_complete_genome	72.619	168	32	9	1609	1764	241399	241564	7.85e-10	68.0
ERR3077552.sra.6938	gi|340025671|ref|NC_000852.5|_Paramecium_bursaria_Chlorella_virus_1,_complete_genome	67.150	207	39	7	1601	1804	122844	122664	3.34e-08	62.6
ERR3077552.sra.6938	gi|340025671|ref|NC_000852.5|_Paramecium_bursaria_Chlorella_virus_1,_complete_genome	75.000	112	21	5	1593	1699	122695	122586	1.16e-07	60.8
ERR3077552.sra.6938	gi|340025671|ref|NC_000852.5|_Paramecium_bursaria_Chlorella_virus_1,_complete_genome	75.000	112	21	5	1593	1699	122707	122598	1.16e-07	60.8
ERR3077552.sra.6938	gi|340025671|ref|NC_000852.5|_Paramecium_bursaria_Chlorella_virus_1,_complete_genome	70.175	171	31	8	1591	1751	158611	158451	1.16e-07	60.8
ERR3077552.sra.6938	gi|340025671|ref|NC_000852.5|_Paramecium_bursaria_Chlorella_virus_1,_complete_genome	80.882	68	12	1	1595	1662	188725	188791	1.16e-07	60.8
ERR3077552.sra.6938	gi|340025671|ref|NC_000852.5|_Paramecium_bursaria_Chlorella_virus_1,_complete_genome	67.841	227	48	10	1580	1786	158672	158451	4.07e-07	59.0
ERR3077552.sra.6938	gi|340025671|ref|NC_000852.5|_Paramecium_bursaria_Chlorella_virus_1,_complete_genome	81.159	69	11	2	1591	1658	188744	188811	4.07e-07	59.0
ERR3077552.sra.6938	gi|340025671|ref|NC_000852.5|_Paramecium_bursaria_Chlorella_virus_1,_complete_genome	79.452	73	13	2	1591	1662	188732	188803	1.42e-06	57.2
ERR3077552.sra.6938	gi|340025671|ref|NC_000852.5|_Paramecium_bursaria_Chlorella_virus_1,_complete_genome	73.333	120	21	6	1611	1723	76411	76296	4.95e-06	55.4
ERR3077552.sra.6980	L16480	83.418	784	50	34	55	764	778	1	0.0	756
ERR3077552.sra.7047	AY879305	75.097	775	77	49	3679	4372	23	762	2.44e-113	412
ERR3077552.sra.7230	AY879305	86.066	1543	82	72	1168	2609	1516	6	0.0	1609
ERR3077552.sra.7252	AM420132	78.403	1440	132	83	650	1934	1416	1	0.0	982
ERR3077552.sra.7270	AJ635359	86.420	486	26	18	2262	2714	1533	1055	1.83e-150	535
ERR3077552.sra.7415	NC_015571_404406_405925	87.532	1548	77	66	2358	3819	1518	1	0.0	1728
ERR3077552.sra.7479	NC_018081_587633_589195	82.468	154	8	10	3078	3213	2	154	3.02e-28	129
ERR3077552.sra.7491	CP000725	82.194	1550	131	68	560	2004	1	1510	0.0	1375
ERR3077552.sra.7530	NC_018081_587633_589195	88.991	218	9	9	3472	3675	2	218	2.84e-67	259
ERR3077552.sra.7600	GU470909	82.368	1554	118	75	1363	2797	4	1520	0.0	1370
ERR3077552.sra.7695	L06168	76.642	137	15	6	91	210	137	1	4.62e-17	91.5
ERR3077552.sra.7726	AY278611	84.541	1242	96	54	82	1257	283	1494	0.0	1218
ERR3077552.sra.7798	NC_021350_359864_361325	70.293	239	53	10	1748	1977	1362	1133	3.47e-14	82.4
ERR3077552.sra.7857	AY613590	82.969	1556	99	75	1072	2489	1531	4	0.0	1424
ERR3077552.sra.7861	NC_013715_1592163_1593688	85.859	1280	81	53	100	1297	265	1526	0.0	1344
ERR3077552.sra.7909	gi|508181800|ref|NC_021312.1|_Phaeocystis_globosa_virus_strain_16T,_complete_genome	73.485	132	29	4	1954	2079	289241	289110	8.77e-10	68.0
ERR3077552.sra.8048	AY278609	76.554	1335	145	85	90	1293	205	1502	0.0	765
ERR3077552.sra.8181	NC_021350_359864_361325	70.312	192	37	7	342	514	1260	1450	1.04e-12	77.0
ERR3077552.sra.8261	gi|18653809|ref|NC_003401.1|_Macacine_herpesvirus_5,_genome	75.269	93	23	0	803	895	21119	21027	8.88e-09	64.4
ERR3077552.sra.8330	AY879305	84.040	1510	91	58	1905	3275	1504	6	0.0	1510
ERR3077552.sra.8478	AF003929	87.016	1163	73	48	1702	2817	1	1132	0.0	1270
ERR3077552.sra.8648	NC_021350_359864_361325	73.099	171	34	5	3039	3201	1201	1367	2.64e-16	89.7
ERR3077552.sra.8649	NC_021040_348381_351031	77.320	97	13	5	449	538	2516	2610	3.57e-08	62.6
ERR3077552.sra.8696	NC_014976_2221825_2223383	100.000	38	0	0	93	130	1444	1407	2.18e-10	69.8
ERR3077552.sra.8721	NC_021040_348381_351031	76.101	159	26	7	945	1091	2606	2448	3.48e-18	95.1
ERR3077552.sra.8758	NC_020450_475434_475549	80.000	75	11	3	1235	1306	18	91	4.31e-07	59.0
ERR3077552.sra.8946	AY879305	86.662	1327	68	66	33	1278	220	1518	0.0	1397
ERR3077552.sra.8965	NC_015215_16481_18017	86.903	817	42	37	64	839	745	1537	0.0	883
ERR3077552.sra.9108	AF432132	73.543	1561	195	90	603	1985	1	1521	0.0	746
ERR3077552.sra.9118	NC_021040_348381_351031	80.583	103	16	4	628	727	2495	2596	3.88e-14	82.4
ERR3077552.sra.9374	NC_012470_18043_19591	88.889	198	10	7	2251	2437	1543	1347	6.16e-61	237
ERR3077552.sra.9422	AY879305	85.260	346	15	20	50	362	348	6	1.11e-90	336
ERR3077552.sra.9511	AF287783	80.218	642	51	36	83	660	917	1546	2.00e-137	491
ERR3077552.sra.9679	NC_003028_15344_16903	76.888	1549	134	99	1741	3078	1560	25	0.0	935
ERR3077552.sra.9690	CP001015	88.140	1484	61	65	1708	3102	1	1458	0.0	1694
ERR3077552.sra.9790	gi|327409465|ref|NC_015323.1|_Fowl_adenovirus_C,_complete_genome	69.504	141	25	5	906	1039	44013	44142	5.11e-06	55.4
ERR3077552.sra.9858	NC_020450_475434_475549	80.882	68	11	2	2409	2474	19	86	1.69e-06	57.2
ERR3077552.sra.9917	NC_021040_348381_351031	78.652	178	14	11	115	272	2478	2651	4.04e-26	122
ERR3077552.sra.9967	NC_021350_359864_361325	69.504	282	67	11	824	1090	1133	1410	2.53e-16	89.7
ERR3077552.sra.9981	gi|340025671|ref|NC_000852.5|_Paramecium_bursaria_Chlorella_virus_1,_complete_genome	87.500	56	6	1	992	1046	165719	165774	2.97e-09	66.2
ERR3077552.sra.9981	gi|340025671|ref|NC_000852.5|_Paramecium_bursaria_Chlorella_virus_1,_complete_genome	85.714	56	7	1	992	1046	165340	165395	3.62e-08	62.6
ERR3077552.sra.9981	gi|340025671|ref|NC_000852.5|_Paramecium_bursaria_Chlorella_virus_1,_complete_genome	85.714	56	7	1	992	1046	165513	165568	3.62e-08	62.6
ERR3077552.sra.9981	gi|340025671|ref|NC_000852.5|_Paramecium_bursaria_Chlorella_virus_1,_complete_genome	84.483	58	6	2	992	1046	165815	165872	4.40e-07	59.0
ERR3077552.sra.10052	NC_015875_2081382_2082934	83.537	164	13	8	78	231	168	9	8.54e-35	150
ERR3077552.sra.10057	NC_009443_16967_18518	88.811	143	5	6	48	181	1406	1546	3.82e-40	168
ERR3077552.sra.10174	CP001015	84.714	1485	91	69	655	2030	1458	1	0.0	1467
ERR3077552.sra.10212	NC_013203_1457029_1458528	75.701	1498	134	92	642	1915	9	1500	0.0	854
ERR3077552.sra.10442	NC_015678_4661_6196	72.526	1354	147	82	638	1790	19	1348	1.20e-169	598
ERR3077552.sra.10455	NC_015291_14803_16340	89.183	453	16	20	2276	2705	1	443	5.23e-151	536
ERR3077552.sra.10521	FJ983036	78.163	893	66	55	70	848	666	1543	4.68e-170	600
ERR3077552.sra.10700	gi|582973099|ref|NC_023426.1|_Anomala_cuprea_entomopoxvirus_DNA,_complete_genome,_strain:_CV6M	77.381	84	14	3	1711	1789	118179	118096	8.90e-07	57.2
ERR3077552.sra.10983	NC_020450_475434_475549	76.042	96	17	4	1455	1547	19	111	1.40e-06	57.2
ERR3077552.sra.11006	CP000725	81.672	1555	158	75	510	1983	2	1510	0.0	1296
ERR3077552.sra.11080	NC_015291_14803_16340	78.526	936	46	58	1244	2033	1525	599	0.0	661
ERR3077552.sra.11143	gi|9634679|ref|NC_002188.1|_Fowlpox_virus,_complete_genome	82.456	57	9	1	3410	3466	20478	20423	6.97e-06	55.4
ERR3077552.sra.11236	gi|363539767|ref|NC_016072.1|_Megavirus_chiliensis,_complete_genome	76.812	138	27	4	1547	1679	550537	550400	4.08e-17	91.5
ERR3077552.sra.11411	gi|113200747|ref|NC_008300.1|_Melon_yellow_spot_virus_segment_S,_complete_sequence	80.882	68	13	0	272	339	1892	1959	9.34e-09	64.4
ERR3077552.sra.11553	NC_009567_443072_444611	75.429	1514	131	97	1456	2738	5	1508	0.0	834
ERR3077552.sra.11640	AY281077	85.340	1337	97	52	2201	3471	2	1305	0.0	1382
ERR3077552.sra.11659	AY349415	75.969	129	7	9	102	207	141	14	4.14e-12	75.2
ERR3077552.sra.11662	NC_015291_14803_16340	86.854	677	33	26	3107	3741	1538	876	0.0	753
ERR3077552.sra.11665	AY879305	86.364	1144	56	54	79	1147	1491	373	0.0	1207
ERR3077552.sra.11781	NC_020450_475434_475549	77.907	86	10	4	572	651	101	19	1.38e-07	60.8
ERR3077552.sra.11808	gi|509139559|ref|NC_021320.1|_Halovirus_HRTV-5,_complete_genome	89.474	57	5	1	1346	1402	55937	55882	2.61e-11	73.4
ERR3077552.sra.11920	NC_017921_270522_272099	77.465	213	30	9	95	291	217	7	1.15e-32	143
ERR3077552.sra.11975	gi|311977355|ref|NC_014649.1|_Acanthamoeba_polyphaga_mimivirus,_complete_genome	81.250	64	10	2	1232	1294	911852	911914	2.44e-06	55.4
ERR3077552.sra.11991	NC_015291_14803_16340	85.820	543	41	20	3053	3572	3	532	2.74e-162	574
ERR3077552.sra.12024	NC_020450_475434_475549	97.143	35	1	0	2039	2073	22	56	4.83e-07	59.0
ERR3077552.sra.12065	AY613590	86.559	1555	85	79	635	2106	8	1521	0.0	1618
ERR3077552.sra.12066	NC_013203_1457029_1458528	85.925	611	41	26	90	670	600	5	0.0	637
ERR3077552.sra.12068	AF385502	84.337	747	50	35	79	777	783	1510	0.0	722
ERR3077552.sra.12074	gi|48843719|ref|NC_005902.1|_Lymphocystis_disease_virus_-_isolate_China,_complete_genome	70.079	127	35	1	502	625	6926	6800	1.24e-06	57.2
ERR3077552.sra.12138	gi|441431943|ref|NC_020104.1|_Acanthamoeba_polyphaga_moumouvirus,_complete_genome	73.514	185	41	5	3577	3755	474894	474712	7.90e-19	98.7
ERR3077552.sra.12167	NC_009443_16967_18518	89.053	338	13	10	82	405	1225	1552	1.18e-115	419
ERR3077552.sra.12174	gi|509139559|ref|NC_021320.1|_Halovirus_HRTV-5,_complete_genome	85.965	57	7	1	1416	1472	55937	55882	8.37e-09	64.4
ERR3077552.sra.12234	AB545935	84.589	863	70	39	3275	4099	1	838	0.0	838
ERR3077552.sra.12235	gi|163954976|ref|NC_010191.1|_Ostreococcus_virus_OsV5,_complete_genome	74.809	131	27	4	1781	1908	9929	10056	5.60e-12	75.2
ERR3077552.sra.12254	AY278609	76.130	863	49	52	2042	2752	1457	600	2.77e-150	535
ERR3077552.sra.12254	AY278609	67.493	363	42	24	2914	3203	360	1	1.44e-14	84.2
ERR3077552.sra.12367	NC_022584_1536869_1538421	85.385	130	4	6	3308	3427	1	125	2.17e-30	136
ERR3077552.sra.12370	NC_016605_58385_59951	80.138	1163	116	53	1107	2167	1566	417	0.0	921
ERR3077552.sra.12392	NC_021350_359864_361325	70.309	421	99	16	1757	2157	997	1411	8.35e-34	147
ERR3077552.sra.12514	Propionibacterium_acnes_strain_KCOM_1861_1	73.548	1584	236	87	403	1857	1530	1	0.0	740
ERR3077552.sra.12590	AJ234040	81.661	1445	101	85	226	1555	15	1410	0.0	1177
ERR3077552.sra.12639	NC_021040_348381_351031	78.571	84	11	4	158	235	2508	2590	2.29e-07	59.0
ERR3077552.sra.12727	gi|441431943|ref|NC_020104.1|_Acanthamoeba_polyphaga_moumouvirus,_complete_genome	70.861	151	36	4	605	748	474861	474712	9.09e-09	64.4
ERR3077552.sra.12727	gi|441431943|ref|NC_020104.1|_Acanthamoeba_polyphaga_moumouvirus,_complete_genome	71.053	114	31	1	615	726	290843	290956	4.71e-06	55.4
ERR3077552.sra.12783	AY485603	86.015	1473	86	62	43	1410	1468	11	0.0	1557
ERR3077552.sra.12821	gi|341926380|ref|NC_015874.1|_Nam_Dinh_virus,_complete_genome	83.636	55	8	1	46	100	20166	20113	3.32e-06	55.4
ERR3077552.sra.12907	NC_015291_14803_16340	87.675	357	15	15	2996	3330	1531	1182	2.74e-111	405
ERR3077552.sra.12970	AY879305	80.799	1526	144	84	507	1916	8	1500	0.0	1187
ERR3077552.sra.12988	NC_020450_475434_475549	77.108	83	17	1	1907	1987	101	19	2.51e-08	62.6
ERR3077552.sra.13006	NC_021040_348381_351031	73.171	123	19	7	704	813	2469	2590	3.12e-06	55.4
ERR3077552.sra.13170	gi|508181800|ref|NC_021312.1|_Phaeocystis_globosa_virus_strain_16T,_complete_genome	90.000	40	4	0	3127	3166	209686	209725	5.86e-06	55.4
ERR3077552.sra.13203	EU071478	82.326	1539	114	72	279	1689	3	1511	0.0	1368
ERR3077552.sra.13255	CP001015	80.385	1453	127	80	171	1478	1	1440	0.0	1117
ERR3077552.sra.13273	gi|441431943|ref|NC_020104.1|_Acanthamoeba_polyphaga_moumouvirus,_complete_genome	74.257	101	23	2	2182	2280	474766	474865	4.70e-07	59.0
ERR3077552.sra.13283	NC_022582_327975_329522	88.031	635	25	28	1917	2514	1548	928	0.0	722
ERR3077552.sra.13331	NC_021040_348381_351031	80.000	135	21	6	2218	2347	2584	2451	1.29e-19	100
ERR3077552.sra.13476	CP001015	88.144	1282	56	51	65	1279	1452	200	0.0	1483
ERR3077552.sra.13566	CP001015	82.830	1392	98	71	90	1351	78	1458	0.0	1240
ERR3077552.sra.13570	gi|20153336|ref|NC_003624.1|_Impatiens_necrotic_spot_virus_segment_S,_complete_sequence	70.400	125	30	2	16	140	1577	1460	1.57e-06	57.2
ERR3077552.sra.13832	NC_006449_17815_19369	76.393	305	31	23	116	386	1258	1555	1.88e-37	159
ERR3077552.sra.13958	NC_021040_348381_351031	76.147	109	16	5	179	278	2478	2585	2.57e-09	66.2
ERR3077552.sra.13989	AM420132	86.254	1455	84	58	2384	3740	3	1439	0.0	1566
ERR3077552.sra.14089	AF003929	81.022	1096	80	52	3435	4413	7	1091	0.0	921
ERR3077552.sra.14092	NC_017950_17081_18617	76.607	949	116	48	65	937	619	1537	2.13e-167	590
ERR3077552.sra.14095	NC_015291_14803_16340	89.456	294	13	10	1843	2120	1523	1232	1.90e-98	361
ERR3077552.sra.14145	gi|509139678|ref|NC_021321.1|_Halovirus_HRTV-8,_complete_genome	84.211	57	2	2	405	455	52433	52488	1.18e-07	60.8
ERR3077552.sra.14194	AY281082	79.585	1445	153	80	88	1433	27	1428	0.0	1043
ERR3077552.sra.14215	AY879305	90.588	340	11	10	4061	4382	1515	1179	1.43e-122	443
ERR3077552.sra.14279	NC_015291_14803_16340	78.030	1543	161	81	369	1752	15	1538	0.0	1050
ERR3077552.sra.14302	gi|311977355|ref|NC_014649.1|_Acanthamoeba_polyphaga_mimivirus,_complete_genome	94.595	37	1	1	1243	1278	322275	322239	8.08e-06	55.4
ERR3077552.sra.14413	NC_021350_359864_361325	80.000	70	12	1	2268	2335	1083	1014	1.64e-07	60.8
ERR3077552.sra.14428	CP001015	83.119	1475	122	68	2192	3558	1	1456	0.0	1346
ERR3077552.sra.14448	gi|313767999|ref|NC_014765.1|_Bathycoccus_sp._RCC1105_virus_BpV1,_complete_genome	66.877	317	91	8	2883	3190	11636	11325	6.89e-12	75.2
ERR3077552.sra.14625	AY879305	81.532	1527	93	83	1528	2881	1516	6	0.0	1279
ERR3077552.sra.14717	NC_020450_475434_475549	81.176	85	11	4	107	188	19	101	7.42e-10	68.0
ERR3077552.sra.14735	NC_021009_505857_508732	70.711	239	47	15	1611	1833	182	413	1.44e-10	69.8
ERR3077552.sra.14838	NC_003028_15344_16903	87.500	96	6	4	1904	1995	1560	1467	6.22e-22	107
ERR3077552.sra.14887	NC_013520_103635_105185	82.471	599	47	26	31	578	960	1551	1.47e-152	542
ERR3077552.sra.14919	AF287799	86.527	1529	89	66	2122	3576	6	1491	0.0	1636
ERR3077552.sra.14946	AM419993	83.417	199	17	8	85	267	199	1	4.80e-46	188
ERR3077552.sra.14969	AF016390	84.606	1559	108	73	311	1779	1	1517	0.0	1519
ERR3077552.sra.14990	AY349396	88.008	517	32	14	1637	2127	1	513	1.53e-175	618
ERR3077552.sra.15125	NC_017592_15332_16890	89.605	481	16	14	49	504	472	1	4.30e-173	610
ERR3077552.sra.15224	NC_014498_31096_32654	100.000	64	0	0	2685	2748	1	64	1.63e-24	116
ERR3077552.sra.15302	gi|18640086|ref|NC_003389.1|_Swinepox_virus,_complete_genome	83.333	60	5	3	181	239	26981	26926	6.68e-06	55.4
ERR3077552.sra.15327	AJ234040	81.278	454	34	24	54	466	764	321	6.61e-102	374
ERR3077552.sra.15399	NC_020450_475434_475549	82.143	84	10	4	1455	1534	19	101	7.47e-11	71.6
ERR3077552.sra.15416	gi|189043078|ref|NC_010739.1|_Ursus_maritimus_papillomavirus_1,_complete_genome	80.882	68	7	3	1808	1875	3371	3310	1.54e-06	57.2
ERR3077552.sra.15422	NC_021009_505857_508732	70.787	178	37	8	3342	3504	231	408	1.15e-08	64.4
ERR3077552.sra.15487	gi|48843719|ref|NC_005902.1|_Lymphocystis_disease_virus_-_isolate_China,_complete_genome	75.532	94	18	2	974	1062	6922	6829	5.27e-08	62.6
ERR3077552.sra.15494	gi|363539767|ref|NC_016072.1|_Megavirus_chiliensis,_complete_genome	67.513	197	47	6	2781	2967	445138	445327	5.99e-06	55.4
ERR3077552.sra.15521	gi|761895455|ref|NC_001650.2|_Equid_herpesvirus_2_strain_86_67,_complete_genome	73.585	106	24	3	119	221	145937	145833	4.73e-06	55.4
ERR3077552.sra.15579	gi|260665870|ref|NC_013288.1|_Ostreococcus_tauri_virus_1_complete_genome	90.000	50	4	1	657	705	12796	12845	6.44e-09	64.4
ERR3077552.sra.15646	gi|313843970|ref|NC_014766.1|_Ostreococcus_lucimarinus_virus_OlV1,_complete_genome	70.946	148	29	7	1100	1240	15887	16027	2.55e-06	55.4
ERR3077552.sra.15678	gi|815846635|ref|NC_026922.1|_Lambdina_fiscellaria_nucleopolyhedrovirus_isolate_GR15,_complete_genome	79.104	67	14	0	2716	2782	85663	85597	4.76e-07	59.0
ERR3077552.sra.15678	gi|815846635|ref|NC_026922.1|_Lambdina_fiscellaria_nucleopolyhedrovirus_isolate_GR15,_complete_genome	79.104	67	14	0	2716	2782	85985	85919	4.76e-07	59.0
ERR3077552.sra.15729	AF003929	87.024	1549	74	62	570	2033	5	1511	0.0	1723
ERR3077552.sra.15750	NC_020450_475434_475549	76.344	93	18	3	1881	1970	11	102	2.91e-07	59.0
ERR3077552.sra.15928	L06171	82.432	1497	88	76	1020	2362	1476	1	0.0	1332
ERR3077552.sra.15954	NC_022584_1536869_1538421	93.243	74	2	3	1641	1713	2	73	7.85e-20	100
ERR3077552.sra.16049	NC_022584_1536869_1538421	75.064	1572	151	93	491	1840	1	1553	0.0	866
ERR3077552.sra.16141	AY879305	74.290	1303	113	91	84	1185	237	1518	3.96e-179	630
ERR3077552.sra.16165	AY134908	74.459	1480	131	91	1621	2871	1462	1	0.0	778
ERR3077552.sra.16355	NC_015291_14803_16340	72.817	1523	136	106	839	2093	1534	22	0.0	654
ERR3077552.sra.16388	L06168	75.369	1287	116	83	45	1147	1293	24	0.0	711
ERR3077552.sra.16525	CP001015	82.182	1476	114	69	937	2305	1435	2	0.0	1299
ERR3077552.sra.16608	gi|531034792|ref|NC_022098.1|_Pandoravirus_salinus,_complete_genome	68.944	322	69	17	2796	3099	118599	118907	5.39e-14	82.4
ERR3077552.sra.16617	NC_013520_103635_105185	92.667	150	3	4	1852	1994	1551	1403	7.02e-53	210
ERR3077552.sra.16644	NC_018081_587633_589195	83.750	160	7	7	102	252	150	1	6.29e-37	158
ERR3077552.sra.16700	NC_021350_359864_361325	73.729	472	93	18	347	800	1444	986	1.91e-61	239
ERR3077552.sra.16706	AY134908	81.579	532	47	27	2096	2581	12	538	8.44e-123	443
ERR3077552.sra.16711	gi|310830989|ref|NC_014637.1|_Cafeteria_roenbergensis_virus_BV-PW1,_complete_genome	76.331	169	36	4	1966	2132	434872	434706	8.26e-23	111
ERR3077552.sra.16711	gi|310830989|ref|NC_014637.1|_Cafeteria_roenbergensis_virus_BV-PW1,_complete_genome	75.740	169	31	5	1966	2132	434758	434598	1.01e-21	107
ERR3077552.sra.16711	gi|310830989|ref|NC_014637.1|_Cafeteria_roenbergensis_virus_BV-PW1,_complete_genome	75.595	168	37	4	1966	2131	434650	434485	1.23e-20	104
ERR3077552.sra.16711	gi|310830989|ref|NC_014637.1|_Cafeteria_roenbergensis_virus_BV-PW1,_complete_genome	75.641	156	31	3	1983	2132	434896	434742	1.23e-20	104
ERR3077552.sra.16711	gi|310830989|ref|NC_014637.1|_Cafeteria_roenbergensis_virus_BV-PW1,_complete_genome	72.851	221	52	7	1966	2182	435016	434800	1.23e-20	104
ERR3077552.sra.16711	gi|310830989|ref|NC_014637.1|_Cafeteria_roenbergensis_virus_BV-PW1,_complete_genome	75.796	157	29	4	1983	2132	434788	434634	4.28e-20	102
ERR3077552.sra.16711	gi|310830989|ref|NC_014637.1|_Cafeteria_roenbergensis_virus_BV-PW1,_complete_genome	72.727	209	44	7	1983	2182	434806	434602	1.49e-19	100
ERR3077552.sra.16711	gi|310830989|ref|NC_014637.1|_Cafeteria_roenbergensis_virus_BV-PW1,_complete_genome	72.778	180	35	4	1966	2132	434938	434760	5.21e-19	98.7
ERR3077552.sra.16711	gi|310830989|ref|NC_014637.1|_Cafeteria_roenbergensis_virus_BV-PW1,_complete_genome	72.115	208	46	6	1966	2171	434980	434783	5.21e-19	98.7
ERR3077552.sra.16711	gi|310830989|ref|NC_014637.1|_Cafeteria_roenbergensis_virus_BV-PW1,_complete_genome	73.373	169	29	5	1966	2132	434680	434526	6.35e-18	95.1
ERR3077552.sra.16711	gi|310830989|ref|NC_014637.1|_Cafeteria_roenbergensis_virus_BV-PW1,_complete_genome	72.840	162	31	3	1983	2132	435064	434904	2.22e-17	93.3
ERR3077552.sra.16711	gi|310830989|ref|NC_014637.1|_Cafeteria_roenbergensis_virus_BV-PW1,_complete_genome	74.051	158	32	4	1966	2121	434776	434626	7.73e-17	91.5
ERR3077552.sra.16711	gi|310830989|ref|NC_014637.1|_Cafeteria_roenbergensis_virus_BV-PW1,_complete_genome	77.320	97	21	1	1966	2061	434590	434494	2.07e-11	73.4
ERR3077552.sra.16711	gi|310830989|ref|NC_014637.1|_Cafeteria_roenbergensis_virus_BV-PW1,_complete_genome	72.603	146	35	5	2027	2171	435068	434927	3.08e-09	66.2
ERR3077552.sra.16711	gi|310830989|ref|NC_014637.1|_Cafeteria_roenbergensis_virus_BV-PW1,_complete_genome	71.818	110	25	2	1965	2074	398419	398316	5.57e-06	55.4
ERR3077552.sra.16731	NC_021040_348381_351031	79.167	96	10	5	220	305	2495	2590	2.28e-10	69.8
ERR3077552.sra.16785	AY879305	91.755	473	13	16	86	547	1061	1518	1.93e-178	628
ERR3077552.sra.16871	FJ557816	83.333	894	64	44	57	888	877	7	0.0	820
ERR3077552.sra.17192	NC_014498_31096_32654	84.146	164	6	7	59	208	158	1	6.11e-39	165
ERR3077552.sra.17229	gi|441431943|ref|NC_020104.1|_Acanthamoeba_polyphaga_moumouvirus,_complete_genome	69.822	169	29	6	1306	1452	474894	474726	5.28e-10	68.0
ERR3077552.sra.17268	CP001015	81.098	1476	113	78	1389	2716	1458	1	0.0	1202
ERR3077552.sra.17278	NC_020450_475434_475549	80.682	88	11	4	1317	1404	19	100	3.28e-10	69.8
ERR3077552.sra.17280	DQ409140	81.633	1470	95	79	852	2161	1472	18	0.0	1236
ERR3077552.sra.17543	NC_017591_15331_16889	75.143	523	60	31	47	506	1029	1544	7.62e-74	280
ERR3077552.sra.17609	AF385545	74.681	549	52	30	88	552	546	1	4.96e-82	307
ERR3077552.sra.17635	AF543299	75.033	1522	153	94	691	2009	1	1498	0.0	812
ERR3077552.sra.17729	gi|17974913|ref|NC_003310.1|_Monkeypox_virus_Zaire-96-I-16,_complete_genome	72.078	154	39	4	1502	1651	33850	34003	1.96e-10	69.8
ERR3077552.sra.17827	NC_020450_475434_475549	83.544	79	13	0	1053	1131	23	101	1.35e-14	84.2
ERR3077552.sra.18131	AF287796	81.732	1270	137	55	54	1259	299	1537	0.0	1086
ERR3077552.sra.18172	NC_003028_15344_16903	75.123	1632	203	105	1736	3245	10	1560	0.0	823
ERR3077552.sra.18321	GU470909	73.626	728	96	49	90	738	806	1516	1.21e-83	313
ERR3077552.sra.18561	FJ577261	87.864	1269	60	51	76	1264	243	1497	0.0	1449
ERR3077552.sra.18630	AF003929	75.656	1524	129	89	1150	2445	1520	11	0.0	893
ERR3077552.sra.18952	AB021702	77.049	366	33	31	2796	3121	1460	1106	3.58e-46	188
ERR3077552.sra.18958	CP001015	78.819	1473	117	83	276	1569	1457	1	0.0	1052
ERR3077552.sra.18980	NC_020450_475434_475549	82.143	84	12	3	1546	1627	19	101	1.54e-11	73.4
ERR3077552.sra.19123	AY278611	73.569	1502	169	95	1345	2645	1	1475	0.0	697
ERR3077552.sra.19250	MH161341.1	82.857	70	9	3	250	318	652	719	3.25e-08	62.6
ERR3077552.sra.19453	GQ131416	82.278	395	29	22	90	456	1103	1484	2.21e-90	334
ERR3077552.sra.19463	AY584476	87.349	1494	77	61	1240	2653	1469	8	0.0	1669
ERR3077552.sra.19586	NC_015678_4661_6196	83.197	613	44	31	54	626	939	1532	2.30e-156	554
ERR3077552.sra.19595	NC_021350_359864_361325	70.419	382	89	14	683	1047	1360	986	4.81e-31	138
ERR3077552.sra.19667	FJ470435	87.280	794	41	41	74	816	785	1	0.0	847
ERR3077552.sra.19707	NC_021040_348381_351031	77.519	129	21	4	95	219	2512	2636	4.59e-17	91.5
ERR3077552.sra.19777	gi|659488383|ref|NC_024447.1|_Pigeonpox_virus_isolate_FeP2,_complete_genome	83.607	61	7	2	1645	1702	40663	40723	3.06e-07	59.0
ERR3077552.sra.19975	AY134908	78.487	595	51	34	85	604	593	1	1.18e-113	412
ERR3077552.sra.20223	gi|441431943|ref|NC_020104.1|_Acanthamoeba_polyphaga_moumouvirus,_complete_genome	71.233	146	29	7	267	401	474894	474751	3.88e-06	55.4
ERR3077552.sra.20397	GU414239	78.327	263	22	15	3388	3617	4	264	6.15e-44	181
ERR3077552.sra.20406	gi|506498274|ref|NC_021248.1|_Choristoneura_biennis_entomopoxvirus_'L',_complete_genome	76.829	82	12	3	1637	1716	259058	258982	5.16e-06	55.4
ERR3077552.sra.20485	AF543299	76.731	1199	101	76	102	1129	1199	8	0.0	722
ERR3077552.sra.20555	NC_009443_16967_18518	74.940	419	34	28	64	419	1122	1532	2.92e-56	221
ERR3077552.sra.20657	AJ234041	73.998	1223	150	75	1249	2318	1	1208	2.83e-166	587
ERR3077552.sra.20676	AB021702	85.231	325	21	17	2579	2878	1476	1154	2.73e-85	318
ERR3077552.sra.20687	NC_021018_3070260_3072809	83.051	59	7	2	193	248	262	204	1.27e-06	55.4
ERR3077552.sra.20837	FJ983036	80.294	817	84	43	1215	1966	1508	704	3.36e-177	623
ERR3077552.sra.20855	DQ087191	80.000	500	32	31	47	483	990	1484	1.03e-101	372
ERR3077552.sra.20878	NC_013520_103635_105185	79.042	1565	125	97	1811	3187	1550	1	0.0	1090
ERR3077552.sra.21042	NC_021009_505857_508732	82.716	81	11	2	379	457	260	181	2.17e-12	77.0
ERR3077552.sra.21147	NC_021009_505857_508732	88.333	60	5	2	241	298	62	3	2.14e-10	69.8
ERR3077552.sra.21147	NC_021009_505857_508732	77.570	107	12	9	50	147	281	178	4.72e-06	55.4
ERR3077552.sra.21175	AY331416	79.649	1140	86	69	2752	3759	1366	241	0.0	830
ERR3077552.sra.21325	AM157436	77.814	1519	124	98	578	1897	47	1551	0.0	971
ERR3077552.sra.21432	gi|506497718|ref|NC_021246.1|_Mythimna_separata_entomopoxvirus_'L',_complete_genome	76.250	80	18	1	2325	2403	177690	177769	4.98e-06	55.4
ERR3077552.sra.21494	NC_021009_505857_508732	82.759	87	5	4	3280	3356	180	266	1.56e-13	80.6
ERR3077552.sra.21586	NC_015215_16481_18017	80.552	1558	133	78	696	2126	1	1515	0.0	1245
ERR3077552.sra.21669	NC_017591_15331_16889	90.732	1079	43	33	2995	4025	1559	490	0.0	1398
ERR3077552.sra.21705	NC_021175_16001_17556	93.578	109	4	2	4013	4119	1556	1449	2.29e-37	159
ERR3077552.sra.21788	AF016390	80.521	960	71	62	1797	2648	1527	576	0.0	713
ERR3077552.sra.21873	gi|509139559|ref|NC_021320.1|_Halovirus_HRTV-5,_complete_genome	81.356	59	9	1	2487	2543	55879	55937	7.02e-06	55.4
ERR3077552.sra.21904	NC_021040_348381_351031	74.390	164	30	7	3679	3831	2597	2435	4.03e-15	86.0
ERR3077552.sra.22226	NC_015964_438409_439961	79.474	950	75	62	1931	2779	1553	623	0.0	663
ERR3077552.sra.22259	NC_017591_15331_16889	86.080	625	39	27	44	623	937	1558	0.0	657
ERR3077552.sra.22261	NC_021009_505857_508732	83.750	80	8	3	629	708	266	192	1.63e-12	77.0
ERR3077552.sra.22535	NC_015291_14803_16340	84.435	1240	88	63	258	1425	1535	329	0.0	1177
ERR3077552.sra.22544	gi|506498274|ref|NC_021248.1|_Choristoneura_biennis_entomopoxvirus_'L',_complete_genome	79.710	69	12	2	568	635	252663	252596	1.97e-06	55.4
ERR3077552.sra.22557	NC_021009_505857_508732	82.759	87	12	2	174	257	265	179	1.34e-14	84.2
ERR3077552.sra.22672	NC_015678_4661_6196	77.376	747	67	48	2023	2669	1521	777	3.31e-128	461
ERR3077552.sra.22778	gi|9625955|ref|NC_001350.1|_Saimiriine_herpesvirus_2_complete_genome	69.856	209	42	11	2787	2986	106558	106754	3.70e-08	62.6
ERR3077552.sra.22778	gi|9625955|ref|NC_001350.1|_Saimiriine_herpesvirus_2_complete_genome	74.074	108	18	5	2854	2958	106537	106637	5.50e-06	55.4
ERR3077552.sra.22778	gi|9625955|ref|NC_001350.1|_Saimiriine_herpesvirus_2_complete_genome	73.600	125	18	8	2847	2958	106680	106802	5.50e-06	55.4
ERR3077552.sra.22949	CP001015	85.223	1482	85	66	727	2100	1458	3	0.0	1508
ERR3077552.sra.22977	AY879305	78.979	842	81	52	68	844	693	1503	8.17e-162	572
ERR3077552.sra.23086	NC_015291_14803_16340	72.251	1355	111	90	1338	2439	3	1345	1.27e-164	581
ERR3077552.sra.23259	AY879305	72.861	1227	132	79	82	1117	252	1468	7.38e-151	536
ERR3077552.sra.23283	NC_021350_359864_361325	70.745	188	36	10	905	1078	1211	1393	6.42e-09	64.4
ERR3077552.sra.23341	NC_021040_348381_351031	77.707	157	24	6	2804	2955	2590	2440	2.68e-22	109
ERR3077552.sra.23429	NC_017591_15331_16889	80.203	1576	134	86	945	2391	1531	5	0.0	1209
ERR3077552.sra.23551	AY879305	82.056	1566	112	87	1621	3070	1518	6	0.0	1317
