ERR3077553.sra.29	gi|314055095|ref|NC_014789.1|_Ostreococcus_tauri_virus_2,_complete_genome	71.930	228	44	12	154	368	9194	9414	6.91e-16	87.8
ERR3077553.sra.94	CP001015	89.386	1385	56	49	796	2105	1456	88	0.0	1696
ERR3077553.sra.97	NC_017592_15332_16890	88.606	825	33	32	45	818	815	1	0.0	975
ERR3077553.sra.108	gi|118496614|ref|NC_008603.1|_Paramecium_bursaria_Chlorella_virus_FR483,_complete_genome	75.789	95	20	3	1025	1116	50544	50638	1.32e-06	57.2
ERR3077553.sra.160	NC_015875_2081382_2082934	80.952	147	10	9	2425	2554	4	149	5.29e-24	114
ERR3077553.sra.180	gi|32453825|ref|NC_004927.1|_Halovirus_HF1,_complete_genome	82.456	57	9	1	979	1034	20743	20799	2.42e-06	55.4
ERR3077553.sra.244	NC_013853_16701_18238	86.687	661	37	27	58	679	886	1534	0.0	720
ERR3077553.sra.271	AY281082	86.343	864	53	36	3720	4535	1428	582	0.0	922
ERR3077553.sra.274	NC_021040_348381_351031	80.233	86	8	6	345	426	2495	2575	8.24e-08	60.8
ERR3077553.sra.283	AF432132	86.424	825	55	26	1172	1954	1524	715	0.0	917
ERR3077553.sra.338	AJ608938	84.816	1416	88	65	105	1424	84	1468	0.0	1406
ERR3077553.sra.411	NC_013853_16701_18238	74.237	1343	129	94	1833	2971	201	1530	2.93e-180	634
ERR3077553.sra.532	NC_017592_15332_16890	72.393	1496	134	102	732	1958	1486	1	1.27e-178	628
ERR3077553.sra.566	NC_013853_16701_18238	69.732	1457	197	107	1303	2540	72	1503	2.89e-103	378
ERR3077553.sra.650	gi|509139559|ref|NC_021320.1|_Halovirus_HRTV-5,_complete_genome	87.931	58	5	2	614	671	55937	55882	2.67e-09	66.2
ERR3077553.sra.908	gi|441431943|ref|NC_020104.1|_Acanthamoeba_polyphaga_moumouvirus,_complete_genome	75.676	148	23	5	1094	1231	474776	474920	4.79e-18	95.1
ERR3077553.sra.1031	NC_014498_31096_32654	80.906	309	21	19	82	356	1254	1558	4.80e-62	241
ERR3077553.sra.1034	NC_015875_2081382_2082934	78.738	301	30	19	3635	3910	16	307	2.47e-49	199
ERR3077553.sra.1039	NC_008533_15164_16621	88.163	490	21	21	2598	3063	2	478	1.49e-158	562
ERR3077553.sra.1168	NC_021350_359864_361325	68.454	317	84	12	624	929	1444	1133	3.74e-14	82.4
ERR3077553.sra.1212	NC_020450_475434_475549	78.022	91	10	3	2479	2566	19	102	3.30e-10	69.8
ERR3077553.sra.1309	gi|9964314|ref|NC_002520.1|_Amsacta_moorei_entomopoxvirus_'L',_complete_genome	78.313	83	12	4	1414	1494	2005	2083	1.53e-06	57.2
ERR3077553.sra.1309	gi|9964314|ref|NC_002520.1|_Amsacta_moorei_entomopoxvirus_'L',_complete_genome	78.313	83	12	4	1414	1494	230388	230310	1.53e-06	57.2
ERR3077553.sra.1512	NC_022655_1696703_1698247	85.412	473	27	22	2030	2464	1541	1073	3.22e-134	480
ERR3077553.sra.1598	NC_013853_16701_18238	82.479	1307	97	66	1614	2818	1538	262	0.0	1146
ERR3077553.sra.1633	CP001015	78.450	1471	132	78	1380	2686	9	1458	0.0	1040
ERR3077553.sra.1658	NC_021009_505857_508732	83.562	73	11	1	3134	3206	194	265	5.98e-12	75.2
ERR3077553.sra.1723	gi|509139559|ref|NC_021320.1|_Halovirus_HRTV-5,_complete_genome	85.965	57	5	2	1611	1665	55882	55937	1.12e-07	60.8
ERR3077553.sra.1829	CP001015	77.008	1457	133	99	1204	2469	1457	12	0.0	854
ERR3077553.sra.1947	NC_017592_15332_16890	79.167	312	38	12	68	362	302	1	5.11e-62	241
ERR3077553.sra.2013	gi|441431943|ref|NC_020104.1|_Acanthamoeba_polyphaga_moumouvirus,_complete_genome	74.324	148	23	8	453	590	474915	474773	8.14e-12	73.4
ERR3077553.sra.2021	CP001015	86.306	1110	59	51	88	1124	1090	1	0.0	1171
ERR3077553.sra.2076	gi|509139559|ref|NC_021320.1|_Halovirus_HRTV-5,_complete_genome	84.211	57	8	1	2028	2084	55882	55937	4.93e-07	59.0
ERR3077553.sra.2136	CP001015	87.899	1471	81	57	460	1846	1458	1	0.0	1682
ERR3077553.sra.2186	NC_020450_475434_475549	94.286	35	2	0	3217	3251	54	20	5.86e-06	55.4
ERR3077553.sra.2194	NC_021350_359864_361325	71.121	232	54	7	511	731	1362	1133	1.31e-18	96.9
ERR3077553.sra.2285	gi|326910946|ref|NC_015300.1|_Rose_rosette_virus_RNA3,_complete_genome	74.038	104	18	3	1720	1821	419	323	8.09e-08	60.8
ERR3077553.sra.2326	gi|314055095|ref|NC_014789.1|_Ostreococcus_tauri_virus_2,_complete_genome	74.468	141	26	5	1953	2087	9198	9334	4.82e-13	78.8
ERR3077553.sra.2328	NC_014498_31096_32654	89.490	628	19	23	64	653	941	1559	0.0	774
ERR3077553.sra.2441	gi|313767999|ref|NC_014765.1|_Bathycoccus_sp._RCC1105_virus_BpV1,_complete_genome	69.753	162	42	5	1239	1396	11484	11326	5.06e-06	55.4
ERR3077553.sra.2544	FJ773363	78.105	1087	111	66	2022	3052	104	1119	0.0	704
ERR3077553.sra.2577	NC_017592_15332_16890	75.725	1483	154	92	816	2119	1552	97	0.0	823
ERR3077553.sra.2660	NC_003028_15344_16903	80.702	342	32	18	2628	2950	1560	1234	1.26e-70	269
ERR3077553.sra.2916	NC_021040_348381_351031	73.770	122	27	4	594	713	2431	2549	2.53e-08	62.6
ERR3077553.sra.3025	CP001015	87.710	1489	68	56	490	1894	1458	1	0.0	1712
ERR3077553.sra.3036	CP001015	84.816	922	64	38	1639	2498	1457	550	0.0	930
ERR3077553.sra.3057	AY281082	81.235	810	56	40	51	784	827	38	0.0	682
ERR3077553.sra.3091	CP001015	78.676	952	91	53	81	927	945	1	0.0	664
ERR3077553.sra.3145	gi|363539767|ref|NC_016072.1|_Megavirus_chiliensis,_complete_genome	94.286	35	2	0	833	867	175361	175327	5.70e-06	55.4
ERR3077553.sra.3152	NC_017592_15332_16890	80.368	652	41	35	71	642	649	5	4.31e-146	520
ERR3077553.sra.3204	AY281082	77.331	1319	115	83	54	1205	1302	1	0.0	823
ERR3077553.sra.3213	NC_022245_16649_18192	91.286	241	11	7	2026	2258	1541	1303	2.12e-85	318
ERR3077553.sra.3441	gi|441431943|ref|NC_020104.1|_Acanthamoeba_polyphaga_moumouvirus,_complete_genome	72.059	136	26	6	772	896	474760	474894	4.87e-07	59.0
ERR3077553.sra.3495	gi|42733078|ref|NC_005497.1|_Tomato_leaf_curl_Java_virus-[Ageratum]_satellite_DNA,_complete_genome	69.930	143	41	2	8	150	954	814	1.31e-06	57.2
ERR3077553.sra.3586	gi|509139559|ref|NC_021320.1|_Halovirus_HRTV-5,_complete_genome	83.636	55	9	0	1795	1849	55882	55936	4.30e-07	59.0
ERR3077553.sra.3632	gi|441431943|ref|NC_020104.1|_Acanthamoeba_polyphaga_moumouvirus,_complete_genome	73.529	170	34	4	404	563	474726	474894	1.96e-18	96.9
ERR3077553.sra.3632	gi|441431943|ref|NC_020104.1|_Acanthamoeba_polyphaga_moumouvirus,_complete_genome	75.000	88	21	1	412	499	290958	290872	1.72e-06	57.2
ERR3077553.sra.3667	NC_021350_359864_361325	66.784	283	80	6	1953	2222	1133	1414	1.77e-11	73.4
ERR3077553.sra.3672	NC_020450_475434_475549	82.353	85	10	3	259	340	19	101	1.15e-12	77.0
ERR3077553.sra.3677	CP001015	80.769	1482	121	80	1349	2690	1	1458	0.0	1175
ERR3077553.sra.3740	gi|163954976|ref|NC_010191.1|_Ostreococcus_virus_OsV5,_complete_genome	75.490	102	18	3	1357	1451	10056	9955	1.08e-08	64.4
ERR3077553.sra.3752	NC_013853_16701_18238	71.363	1519	185	107	1264	2543	1530	23	1.12e-146	522
ERR3077553.sra.3879	AY485603	85.946	1480	87	56	328	1698	1468	1	0.0	1588
ERR3077553.sra.3934	NC_014498_31096_32654	85.714	217	13	9	3295	3497	1	213	4.57e-58	228
ERR3077553.sra.3988	NC_015875_2081382_2082934	91.176	170	5	7	95	255	1385	1553	5.43e-55	217
ERR3077553.sra.4009	NC_020450_475434_475549	79.570	93	15	1	2665	2753	111	19	3.68e-14	82.4
ERR3077553.sra.4016	NC_014498_31096_32654	82.558	172	10	11	2062	2214	1	171	9.46e-33	143
ERR3077553.sra.4076	CP001015	82.721	735	54	34	2051	2743	1	704	0.0	666
ERR3077553.sra.4164	NC_020450_475434_475549	83.529	85	12	2	480	562	19	103	8.79e-15	84.2
ERR3077553.sra.4173	gi|509139559|ref|NC_021320.1|_Halovirus_HRTV-5,_complete_genome	87.273	55	5	1	240	292	55937	55883	3.06e-09	66.2
ERR3077553.sra.4345	NC_011274_291116_292669	85.604	389	26	17	56	418	1170	1554	4.41e-110	399
ERR3077553.sra.4358	NC_020450_475434_475549	79.070	86	14	3	1759	1842	103	20	6.12e-09	64.4
ERR3077553.sra.4499	gi|509139559|ref|NC_021320.1|_Halovirus_HRTV-5,_complete_genome	86.667	60	4	3	2330	2389	55937	55882	3.33e-08	62.6
ERR3077553.sra.4699	gi|570033518|ref|NC_023162.1|_Carp_picornavirus_1_isolate_F37_06,_complete_genome	92.308	78	1	1	1033	1110	7697	7625	4.39e-24	114
ERR3077553.sra.4817	CP001015	83.010	1495	96	72	148	1521	1458	1	0.0	1370
ERR3077553.sra.4866	NC_017316_213429_214977	78.462	130	16	7	125	249	1406	1528	7.13e-16	87.8
ERR3077553.sra.4988	NC_014498_31096_32654	93.939	99	3	3	36	133	97	1	3.92e-32	141
ERR3077553.sra.5049	gi|314055095|ref|NC_014789.1|_Ostreococcus_tauri_virus_2,_complete_genome	72.414	116	27	3	2613	2725	9307	9194	1.85e-06	57.2
ERR3077553.sra.5105	CP001015	77.307	1344	127	79	179	1400	1289	2	0.0	854
ERR3077553.sra.5105	CP001015	95.918	49	0	1	109	155	1435	1387	1.89e-12	77.0
ERR3077553.sra.5116	gi|441431943|ref|NC_020104.1|_Acanthamoeba_polyphaga_moumouvirus,_complete_genome	72.832	173	36	8	792	957	474726	474894	4.05e-12	75.2
ERR3077553.sra.5133	CP001015	74.442	1479	175	88	1221	2517	1	1458	0.0	749
ERR3077553.sra.5146	NC_017592_15332_16890	69.954	1298	111	93	1284	2307	1555	263	1.05e-114	416
ERR3077553.sra.5192	NC_015291_14803_16340	88.812	581	34	20	70	621	579	1	0.0	693
ERR3077553.sra.5194	NC_017592_15332_16890	82.727	880	57	46	2043	2839	5	872	0.0	780
ERR3077553.sra.5245	NC_010380_15372_16805	77.513	587	59	36	94	618	265	840	4.68e-100	367
ERR3077553.sra.5245	NC_010380_15372_16805	80.593	371	20	24	832	1175	1089	1434	4.38e-75	284
ERR3077553.sra.5356	gi|314055095|ref|NC_014789.1|_Ostreococcus_tauri_virus_2,_complete_genome	69.266	218	46	11	1475	1678	9194	9404	1.43e-07	60.8
ERR3077553.sra.5397	AF003928	74.361	1057	130	64	789	1717	14	1057	2.06e-147	524
ERR3077553.sra.5458	NC_015875_2081382_2082934	78.002	941	90	52	2042	2882	1551	628	0.0	636
ERR3077553.sra.5468	NC_020450_475434_475549	79.710	69	12	2	987	1053	103	35	3.41e-06	55.4
ERR3077553.sra.5484	NC_017592_15332_16890	87.678	211	7	10	3163	3356	5	213	2.95e-60	235
ERR3077553.sra.5556	AY485603	77.857	1400	114	84	592	1807	1468	81	0.0	926
ERR3077553.sra.5633	gi|441431943|ref|NC_020104.1|_Acanthamoeba_polyphaga_moumouvirus,_complete_genome	74.839	155	29	4	850	999	474889	474740	5.67e-18	95.1
ERR3077553.sra.5684	NC_020450_475434_475549	80.851	94	17	1	1455	1548	111	19	2.39e-15	86.0
ERR3077553.sra.5751	NC_020450_475434_475549	77.500	80	13	3	1407	1481	24	103	5.04e-06	55.4
ERR3077553.sra.5864	NC_020450_475434_475549	78.049	82	11	4	827	901	19	100	6.31e-06	55.4
ERR3077553.sra.5913	NC_021350_359864_361325	73.125	160	36	6	424	577	1211	1369	4.92e-12	75.2
ERR3077553.sra.6012	NC_021040_348381_351031	78.723	141	22	4	3190	3323	2617	2478	2.94e-22	109
ERR3077553.sra.6395	NC_014498_31096_32654	80.000	1355	114	80	87	1330	251	1559	0.0	1003
ERR3077553.sra.6563	NC_014251_60580_62113	77.044	1529	155	84	1186	2530	1533	17	0.0	973
ERR3077553.sra.6660	NC_022655_1696703_1698247	82.429	774	58	33	79	781	785	19	0.0	704
ERR3077553.sra.6669	gi|441431943|ref|NC_020104.1|_Acanthamoeba_polyphaga_moumouvirus,_complete_genome	74.194	124	24	3	2321	2437	474848	474726	2.82e-11	73.4
ERR3077553.sra.6669	gi|441431943|ref|NC_020104.1|_Acanthamoeba_polyphaga_moumouvirus,_complete_genome	70.229	131	31	3	2317	2440	290840	290969	7.58e-06	55.4
ERR3077553.sra.6670	CP001015	74.218	1470	139	95	250	1491	1458	1	0.0	731
ERR3077553.sra.6700	CP001015	85.027	1476	81	70	2915	4268	1	1458	0.0	1476
ERR3077553.sra.6846	gi|509139559|ref|NC_021320.1|_Halovirus_HRTV-5,_complete_genome	83.929	56	4	2	535	586	55883	55937	1.22e-06	57.2
ERR3077553.sra.6861	gi|509139559|ref|NC_021320.1|_Halovirus_HRTV-5,_complete_genome	84.211	57	7	2	1375	1430	55882	55937	6.29e-06	55.4
ERR3077553.sra.7006	NC_014498_31096_32654	87.879	330	13	16	1487	1795	1559	1236	3.75e-100	367
ERR3077553.sra.7042	NC_014498_31096_32654	73.969	1018	121	69	86	975	558	1559	4.62e-128	461
ERR3077553.sra.7185	CP001015	84.333	1500	101	65	1933	3340	1458	1	0.0	1474
ERR3077553.sra.7343	NC_014498_31096_32654	85.946	185	8	11	3042	3216	1	177	1.57e-44	183
ERR3077553.sra.7458	CP001015	85.559	1468	107	56	1172	2552	1	1450	0.0	1534
ERR3077553.sra.7552	NC_020450_475434_475549	75.510	98	18	3	835	928	111	16	9.88e-08	60.8
ERR3077553.sra.7554	NC_022655_1696703_1698247	81.979	283	19	16	1993	2248	1544	1267	5.70e-61	237
ERR3077553.sra.7650	CP001015	80.598	1438	116	81	3063	4361	1450	37	0.0	1117
ERR3077553.sra.7707	NC_017592_15332_16890	78.919	1110	115	53	3828	4836	6	1097	0.0	816
ERR3077553.sra.7749	NC_022245_16649_18192	79.184	490	43	31	96	533	1058	1540	4.69e-91	338
ERR3077553.sra.7760	CP001015	78.340	1265	91	75	1218	2305	1450	192	0.0	874
ERR3077553.sra.7815	NC_022655_1696703_1698247	73.054	1195	136	78	188	1207	1184	1	4.75e-146	520
ERR3077553.sra.7901	AY485603	81.781	1482	107	76	154	1486	1468	1	0.0	1260
ERR3077553.sra.7993	NC_021350_359864_361325	67.832	286	67	10	838	1102	1133	1414	3.31e-13	78.8
ERR3077553.sra.8030	NC_015215_16481_18017	83.589	847	66	33	3586	4377	1537	709	0.0	818
ERR3077553.sra.8075	NC_017592_15332_16890	82.234	788	75	38	443	1178	1	775	0.0	677
ERR3077553.sra.8075	NC_017592_15332_16890	75.960	495	63	28	1370	1820	1077	1559	8.39e-74	280
ERR3077553.sra.8079	AF145242	81.896	823	71	39	1392	2147	1495	684	0.0	710
ERR3077553.sra.8390	gi|314055095|ref|NC_014789.1|_Ostreococcus_tauri_virus_2,_complete_genome	73.288	146	19	10	1443	1576	9194	9331	9.50e-08	60.8
ERR3077553.sra.8433	NC_020450_475434_475549	80.645	93	14	3	2486	2574	111	19	2.37e-12	77.0
ERR3077553.sra.8631	gi|441431943|ref|NC_020104.1|_Acanthamoeba_polyphaga_moumouvirus,_complete_genome	72.581	186	35	10	471	642	474909	474726	3.44e-12	75.2
ERR3077553.sra.8668	CP001015	84.797	1480	98	56	1421	2795	1	1458	0.0	1517
ERR3077553.sra.8780	AY281082	89.655	1073	35	40	56	1058	1069	3	0.0	1323
ERR3077553.sra.8860	NC_017592_15332_16890	74.416	1583	180	98	119	1500	1	1559	0.0	791
ERR3077553.sra.8919	gi|32453825|ref|NC_004927.1|_Halovirus_HF1,_complete_genome	85.455	55	5	2	1962	2016	20747	20798	2.71e-06	57.2
ERR3077553.sra.8920	NC_017592_15332_16890	82.976	840	57	40	96	859	835	6	0.0	767
ERR3077553.sra.8971	gi|509139559|ref|NC_021320.1|_Halovirus_HRTV-5,_complete_genome	87.719	57	6	1	1218	1274	55937	55882	6.80e-10	68.0
ERR3077553.sra.8982	NC_021350_359864_361325	69.408	304	81	9	2633	2928	1444	1145	1.37e-19	100
ERR3077553.sra.8985	CP001015	87.508	1481	59	64	320	1697	1458	1	0.0	1662
ERR3077553.sra.9061	gi|116326687|ref|NC_008518.1|_Trichoplusia_ni_ascovirus_2c,_complete_genome	85.294	68	5	5	3515	3579	86585	86650	1.47e-07	60.8
ERR3077553.sra.9084	NC_014251_60580_62113	76.589	1589	150	97	607	2049	1517	5	0.0	951
ERR3077553.sra.9126	NC_020450_475434_475549	77.895	95	13	5	1578	1667	111	20	3.19e-08	62.6
ERR3077553.sra.9146	AY278626	86.659	847	40	35	2493	3281	1493	662	0.0	926
ERR3077553.sra.9186	NC_020450_475434_475549	80.682	88	9	6	2443	2525	103	19	3.22e-08	62.6
ERR3077553.sra.9213	NC_021009_505857_508732	73.485	264	54	11	2229	2479	179	439	3.12e-27	125
ERR3077553.sra.9267	NC_021040_348381_351031	83.544	79	8	3	743	818	2495	2571	4.73e-12	75.2
ERR3077553.sra.9276	NC_021018_3070260_3072809	80.303	66	12	1	176	240	261	196	6.16e-07	57.2
ERR3077553.sra.9293	gi|441431943|ref|NC_020104.1|_Acanthamoeba_polyphaga_moumouvirus,_complete_genome	72.781	169	35	5	536	693	474726	474894	2.25e-15	86.0
ERR3077553.sra.9326	CP001015	87.982	1298	52	48	62	1295	201	1458	0.0	1516
ERR3077553.sra.9528	CP001015	84.392	1448	96	64	80	1425	35	1454	0.0	1422
ERR3077553.sra.9533	NC_003028_15344_16903	90.184	163	10	4	86	243	1399	1560	8.45e-53	210
ERR3077553.sra.9543	gi|441431943|ref|NC_020104.1|_Acanthamoeba_polyphaga_moumouvirus,_complete_genome	73.869	199	43	5	1920	2113	474726	474920	8.64e-23	111
ERR3077553.sra.9543	gi|441431943|ref|NC_020104.1|_Acanthamoeba_polyphaga_moumouvirus,_complete_genome	70.732	164	36	7	1928	2082	290958	290798	4.78e-07	59.0
ERR3077553.sra.9693	NC_003028_15344_16903	82.857	805	62	44	637	1389	3	783	0.0	700
ERR3077553.sra.9717	CP001015	84.818	1482	109	61	1696	3085	1	1458	0.0	1489
ERR3077553.sra.9796	NC_014498_31096_32654	85.750	1579	93	71	190	1689	31	1556	0.0	1633
ERR3077553.sra.9798	CP001015	88.954	1358	48	53	990	2268	1	1335	0.0	1626
ERR3077553.sra.9808	NC_003028_15344_16903	84.277	1590	111	70	662	2142	1560	1	0.0	1550
ERR3077553.sra.9908	NC_018590_222394_223945	86.667	75	4	3	18	91	70	1	3.06e-14	82.4
ERR3077553.sra.9913	NC_021040_348381_351031	76.970	165	23	9	951	1105	2438	2597	9.99e-20	100
ERR3077553.sra.9961	NC_003028_15344_16903	75.705	1560	166	93	1309	2663	1560	9	0.0	877
ERR3077553.sra.9969	gi|62443971|ref|NC_006967.1|_Deerpox_virus_W-1170-84,_complete_genome	78.571	70	14	1	401	469	43559	43490	4.44e-06	55.4
ERR3077553.sra.10096	NC_017592_15332_16890	85.862	290	24	11	1984	2264	1	282	4.69e-81	304
ERR3077553.sra.10113	NC_003028_15344_16903	87.061	456	21	17	45	475	1118	1560	1.71e-144	515
ERR3077553.sra.10127	CP001015	82.768	1474	97	76	1102	2442	9	1458	0.0	1312
ERR3077553.sra.10145	NC_003028_15344_16903	97.619	42	1	0	2675	2716	3	44	6.05e-11	71.6
ERR3077553.sra.10194	NC_020450_475434_475549	77.632	76	12	2	230	300	25	100	1.25e-06	57.2
ERR3077553.sra.10196	gi|441431943|ref|NC_020104.1|_Acanthamoeba_polyphaga_moumouvirus,_complete_genome	80.412	97	16	2	1463	1559	474771	474864	1.10e-14	84.2
ERR3077553.sra.10212	NC_012467_15373_16806	71.329	429	66	25	1902	2275	33	459	4.46e-37	158
ERR3077553.sra.10274	NC_022655_1696703_1698247	82.360	839	45	44	58	802	837	8	0.0	740
ERR3077553.sra.10412	AF145242	85.087	865	53	43	1845	2645	1495	643	0.0	856
ERR3077553.sra.10539	CP001015	87.256	1075	54	43	2903	3913	1458	403	0.0	1202
ERR3077553.sra.10584	gi|508181800|ref|NC_021312.1|_Phaeocystis_globosa_virus_strain_16T,_complete_genome	68.797	266	69	10	868	1125	289370	289111	1.43e-11	73.4
ERR3077553.sra.10638	NC_018630_15355_16888	77.517	1490	146	82	53	1378	68	1532	0.0	978
ERR3077553.sra.10653	NC_021009_505857_508732	70.417	240	47	9	358	579	431	198	4.02e-18	95.1
ERR3077553.sra.10774	AY281082	80.982	1304	77	65	50	1188	1313	16	0.0	1095
ERR3077553.sra.10841	NC_020450_475434_475549	79.787	94	13	4	2647	2735	111	19	6.24e-11	71.6
ERR3077553.sra.10842	NC_020450_475434_475549	83.721	86	11	3	972	1055	103	19	2.37e-14	82.4
ERR3077553.sra.10859	NC_021040_348381_351031	73.494	166	34	6	650	808	2435	2597	8.21e-15	84.2
ERR3077553.sra.10922	CP001015	76.601	1265	108	79	1697	2793	1454	210	0.0	760
ERR3077553.sra.10973	NC_015875_2081382_2082934	88.000	325	12	10	95	397	327	8	2.96e-107	390
ERR3077553.sra.11049	CP001015	89.926	1479	58	49	1048	2457	1	1457	0.0	1856
ERR3077553.sra.11064	AF145242	84.644	801	55	34	2109	2844	1505	708	0.0	800
ERR3077553.sra.11088	NC_021350_359864_361325	74.046	131	22	6	2620	2742	1367	1241	1.01e-09	68.0
ERR3077553.sra.11169	gi|157953191|ref|NC_009899.1|_Paramecium_bursaria_Chlorella_virus_AR158,_complete_genome	84.615	52	7	1	2330	2381	172216	172266	5.54e-06	55.4
ERR3077553.sra.11248	CP001015	77.898	1475	107	99	1674	2962	1442	1	0.0	942
ERR3077553.sra.11304	NC_021009_505857_508732	83.051	59	8	2	2130	2188	194	250	4.47e-06	55.4
ERR3077553.sra.11381	NC_016516_588270_589799	91.111	45	1	1	2348	2389	10	54	2.74e-08	62.6
ERR3077553.sra.11395	AY281082	78.663	703	57	44	103	717	153	850	5.54e-133	477
ERR3077553.sra.11510	NC_017592_15332_16890	75.753	697	40	46	125	745	914	1557	2.11e-111	405
ERR3077553.sra.11528	NC_020450_475434_475549	84.722	72	10	1	813	883	23	94	1.79e-12	77.0
ERR3077553.sra.11547	gi|32453825|ref|NC_004927.1|_Halovirus_HF1,_complete_genome	82.090	67	8	2	1519	1582	20808	20743	2.90e-08	62.6
ERR3077553.sra.11589	NC_021350_359864_361325	71.212	132	28	4	735	860	1345	1218	3.75e-07	59.0
ERR3077553.sra.11615	gi|363539767|ref|NC_016072.1|_Megavirus_chiliensis,_complete_genome	75.610	82	14	2	1415	1496	176129	176054	5.10e-06	55.4
ERR3077553.sra.11718	gi|314055095|ref|NC_014789.1|_Ostreococcus_tauri_virus_2,_complete_genome	74.000	100	17	3	932	1027	9240	9334	2.92e-07	59.0
ERR3077553.sra.11760	NC_021350_359864_361325	67.669	266	66	8	937	1187	1136	1396	3.34e-12	75.2
ERR3077553.sra.11787	AF003929	87.010	1532	73	56	276	1697	1520	5	0.0	1727
ERR3077553.sra.11838	NC_003028_15344_16903	85.476	1501	80	79	44	1433	1491	18	0.0	1492
ERR3077553.sra.11979	CP001015	74.631	1151	148	67	71	1106	326	1447	3.42e-166	587
ERR3077553.sra.12087	NC_008533_15164_16621	88.163	490	21	21	2598	3063	2	478	1.49e-158	562
ERR3077553.sra.12122	CP001015	78.450	1471	132	78	1380	2686	9	1458	0.0	1040
ERR3077553.sra.12366	NC_003028_15344_16903	80.702	342	32	18	2628	2950	1560	1234	1.26e-70	269
ERR3077553.sra.12388	NC_014498_31096_32654	87.648	591	31	23	1530	2086	1559	977	0.0	672
ERR3077553.sra.12436	NC_017592_15332_16890	72.393	1496	134	102	732	1958	1486	1	1.27e-178	628
ERR3077553.sra.12440	gi|509139559|ref|NC_021320.1|_Halovirus_HRTV-5,_complete_genome	87.931	58	5	2	614	671	55937	55882	2.67e-09	66.2
ERR3077553.sra.12501	NC_021009_505857_508732	83.562	73	11	1	3134	3206	194	265	5.98e-12	75.2
ERR3077553.sra.12536	CP001015	87.899	1471	81	57	460	1846	1458	1	0.0	1682
ERR3077553.sra.12631	NC_017592_15332_16890	88.606	825	33	32	45	818	815	1	0.0	975
ERR3077553.sra.12645	AY281082	86.343	864	53	36	3720	4535	1428	582	0.0	922
ERR3077553.sra.12751	NC_013853_16701_18238	82.479	1307	97	66	1614	2818	1538	262	0.0	1146
ERR3077553.sra.12813	gi|326910946|ref|NC_015300.1|_Rose_rosette_virus_RNA3,_complete_genome	74.038	104	18	3	1720	1821	419	323	8.09e-08	60.8
ERR3077553.sra.12825	gi|313767999|ref|NC_014765.1|_Bathycoccus_sp._RCC1105_virus_BpV1,_complete_genome	69.753	162	42	5	1239	1396	11484	11326	5.06e-06	55.4
ERR3077553.sra.12853	CP001015	81.322	1467	111	82	321	1633	1458	1	0.0	1187
ERR3077553.sra.12880	NC_015875_2081382_2082934	80.952	147	10	9	2425	2554	4	149	5.29e-24	114
ERR3077553.sra.12887	NC_021040_348381_351031	80.233	86	8	6	345	426	2495	2575	8.24e-08	60.8
ERR3077553.sra.12966	NC_022655_1696703_1698247	85.412	473	27	22	2030	2464	1541	1073	3.22e-134	480
ERR3077553.sra.12989	gi|441431943|ref|NC_020104.1|_Acanthamoeba_polyphaga_moumouvirus,_complete_genome	74.324	148	23	8	453	590	474915	474773	8.14e-12	73.4
ERR3077553.sra.12993	gi|509139559|ref|NC_021320.1|_Halovirus_HRTV-5,_complete_genome	84.211	57	8	1	2028	2084	55882	55937	4.93e-07	59.0
ERR3077553.sra.12999	NC_014498_31096_32654	89.490	628	19	23	64	653	941	1559	0.0	774
ERR3077553.sra.13066	gi|118496614|ref|NC_008603.1|_Paramecium_bursaria_Chlorella_virus_FR483,_complete_genome	75.789	95	20	3	1025	1116	50544	50638	1.32e-06	57.2
ERR3077553.sra.13078	NC_013853_16701_18238	86.687	661	37	27	58	679	886	1534	0.0	720
ERR3077553.sra.13153	NC_015875_2081382_2082934	78.738	301	30	19	3635	3910	16	307	2.47e-49	199
ERR3077553.sra.13378	gi|314055095|ref|NC_014789.1|_Ostreococcus_tauri_virus_2,_complete_genome	71.930	228	44	12	154	368	9194	9414	6.91e-16	87.8
ERR3077553.sra.13503	FJ773363	78.105	1087	111	66	2022	3052	104	1119	0.0	704
ERR3077553.sra.13613	NC_013853_16701_18238	69.732	1457	197	107	1303	2540	72	1503	2.89e-103	378
ERR3077553.sra.13640	gi|441431943|ref|NC_020104.1|_Acanthamoeba_polyphaga_moumouvirus,_complete_genome	75.676	148	23	5	1094	1231	474776	474920	4.79e-18	95.1
ERR3077553.sra.13676	NC_020450_475434_475549	78.022	91	10	3	2479	2566	19	102	3.30e-10	69.8
ERR3077553.sra.13753	NC_017592_15332_16890	79.167	312	38	12	68	362	302	1	5.11e-62	241
ERR3077553.sra.13780	NC_020450_475434_475549	94.286	35	2	0	3217	3251	54	20	5.86e-06	55.4
ERR3077553.sra.13782	NC_021350_359864_361325	71.121	232	54	7	511	731	1362	1133	1.31e-18	96.9
ERR3077553.sra.13861	gi|509139559|ref|NC_021320.1|_Halovirus_HRTV-5,_complete_genome	83.929	56	6	2	1848	1901	55883	55937	3.40e-06	55.4
ERR3077553.sra.13989	NC_021350_359864_361325	68.454	317	84	12	624	929	1444	1133	3.74e-14	82.4
ERR3077553.sra.14082	gi|314055095|ref|NC_014789.1|_Ostreococcus_tauri_virus_2,_complete_genome	74.468	141	26	5	1953	2087	9198	9334	4.82e-13	78.8
ERR3077553.sra.14252	NC_014498_31096_32654	80.906	309	21	19	82	356	1254	1558	4.80e-62	241
ERR3077553.sra.14377	NC_017592_15332_16890	75.725	1483	154	92	816	2119	1552	97	0.0	823
ERR3077553.sra.14423	gi|32453825|ref|NC_004927.1|_Halovirus_HF1,_complete_genome	82.456	57	9	1	979	1034	20743	20799	2.42e-06	55.4
ERR3077553.sra.14436	AJ608938	84.816	1416	88	65	105	1424	84	1468	0.0	1406
ERR3077553.sra.14554	CP001015	86.306	1110	59	51	88	1124	1090	1	0.0	1171
ERR3077553.sra.14606	NC_020450_475434_475549	81.333	75	10	3	2536	2608	19	91	3.47e-08	62.6
ERR3077553.sra.14639	AF432132	86.424	825	55	26	1172	1954	1524	715	0.0	917
ERR3077553.sra.14728	gi|509139559|ref|NC_021320.1|_Halovirus_HRTV-5,_complete_genome	85.965	57	5	2	1611	1665	55882	55937	1.12e-07	60.8
ERR3077553.sra.14738	CP001015	77.008	1457	133	99	1204	2469	1457	12	0.0	854
ERR3077553.sra.14826	gi|441431943|ref|NC_020104.1|_Acanthamoeba_polyphaga_moumouvirus,_complete_genome	77.236	123	25	2	2476	2595	474772	474894	2.67e-16	89.7
ERR3077553.sra.14835	NC_017592_15332_16890	91.858	479	19	13	2720	3187	1	470	0.0	648
ERR3077553.sra.14893	gi|42733078|ref|NC_005497.1|_Tomato_leaf_curl_Java_virus-[Ageratum]_satellite_DNA,_complete_genome	69.014	142	38	2	18	154	954	814	5.26e-06	55.4
ERR3077553.sra.14956	gi|441431943|ref|NC_020104.1|_Acanthamoeba_polyphaga_moumouvirus,_complete_genome	76.147	109	16	5	426	528	474771	474875	2.42e-09	66.2
ERR3077553.sra.15015	CP001015	76.752	1484	123	89	393	1680	1	1458	0.0	921
ERR3077553.sra.15123	NC_003028_15344_16903	79.292	734	47	36	2697	3361	3	700	3.15e-161	571
ERR3077553.sra.15568	NC_013853_16701_18238	74.237	1343	129	94	1833	2971	201	1530	2.93e-180	634
ERR3077553.sra.15612	gi|314055095|ref|NC_014789.1|_Ostreococcus_tauri_virus_2,_complete_genome	70.870	230	52	9	750	970	9477	9254	2.68e-15	86.0
ERR3077553.sra.15628	CP001015	88.026	1520	75	66	183	1657	1	1458	0.0	1719
ERR3077553.sra.15651	CP001015	78.831	1488	130	82	742	2074	1458	1	0.0	1061
ERR3077553.sra.15702	CP001015	84.122	1480	88	76	187	1541	1458	1	0.0	1400
ERR3077553.sra.15708	CP001015	87.518	1410	71	54	94	1421	71	1457	0.0	1600
ERR3077553.sra.15751	CP001015	84.194	1259	81	62	105	1270	225	1458	0.0	1200
ERR3077553.sra.15808	CP001015	89.386	1385	56	49	796	2105	1456	88	0.0	1696
ERR3077553.sra.15896	gi|9964314|ref|NC_002520.1|_Amsacta_moorei_entomopoxvirus_'L',_complete_genome	78.313	83	12	4	1414	1494	2005	2083	1.53e-06	57.2
ERR3077553.sra.15896	gi|9964314|ref|NC_002520.1|_Amsacta_moorei_entomopoxvirus_'L',_complete_genome	78.313	83	12	4	1414	1494	230388	230310	1.53e-06	57.2
ERR3077553.sra.16106	NC_014498_31096_32654	87.586	145	6	7	60	195	146	5	1.62e-37	159
ERR3077553.sra.16148	CP001015	84.791	1486	72	70	1858	3218	1457	1	0.0	1485
ERR3077553.sra.16179	gi|441431943|ref|NC_020104.1|_Acanthamoeba_polyphaga_moumouvirus,_complete_genome	77.064	109	15	5	1899	2001	474771	474875	5.62e-11	71.6
ERR3077553.sra.16341	NC_010380_15372_16805	70.507	1302	147	104	362	1443	1400	116	2.76e-98	361
ERR3077553.sra.16534	NC_021350_359864_361325	68.563	334	81	15	199	516	1458	1133	1.54e-14	84.2
ERR3077553.sra.16558	NC_015875_2081382_2082934	94.167	120	5	1	96	213	121	2	1.45e-44	183
ERR3077553.sra.16625	AM157420	77.064	109	12	3	2877	2983	32	129	3.67e-14	82.4
ERR3077553.sra.16690	CP001015	83.425	1454	110	57	884	2219	4	1444	0.0	1397
ERR3077553.sra.16725	AF104671	85.705	1574	96	54	623	2097	1544	1	0.0	1698
ERR3077553.sra.16754	CP001015	79.001	1462	115	86	319	1605	1446	2	0.0	1038
ERR3077553.sra.16775	AF003930	86.413	1023	45	41	971	1914	2	1009	0.0	1121
ERR3077553.sra.16803	NC_017592_15332_16890	81.514	806	57	41	55	775	804	6	0.0	681
ERR3077553.sra.16811	NC_020450_475434_475549	82.353	85	10	2	1651	1730	103	19	3.73e-14	82.4
ERR3077553.sra.16815	NC_021040_348381_351031	76.351	148	24	6	533	670	2435	2581	1.04e-17	93.3
ERR3077553.sra.16874	AF003929	80.903	1529	113	82	422	1791	1513	5	0.0	1232
ERR3077553.sra.17128	gi|314055095|ref|NC_014789.1|_Ostreococcus_tauri_virus_2,_complete_genome	85.185	54	8	0	1470	1523	9334	9281	3.68e-08	62.6
ERR3077553.sra.17152	CP001015	88.814	1484	64	50	412	1819	1	1458	0.0	1795
ERR3077553.sra.17200	CP001015	82.996	1482	99	71	1760	3112	1	1458	0.0	1355
ERR3077553.sra.17232	CP001015	81.085	1475	104	80	2611	3943	1458	17	0.0	1200
ERR3077553.sra.17236	gi|314055095|ref|NC_014789.1|_Ostreococcus_tauri_virus_2,_complete_genome	73.333	120	21	5	2047	2158	9310	9194	9.19e-08	60.8
ERR3077553.sra.17261	NC_020450_475434_475549	85.135	74	9	2	577	648	19	92	1.40e-12	77.0
ERR3077553.sra.17304	NC_020450_475434_475549	80.851	94	14	3	3498	3589	111	20	5.48e-13	78.8
ERR3077553.sra.17397	CP001015	87.051	1475	74	51	308	1682	1458	1	0.0	1674
ERR3077553.sra.17428	CP001015	86.026	1374	85	54	53	1351	117	1458	0.0	1465
ERR3077553.sra.17509	NC_020450_475434_475549	81.481	81	13	1	2136	2214	111	31	2.19e-12	77.0
ERR3077553.sra.17527	NC_021040_348381_351031	74.038	104	19	4	373	469	2495	2597	4.28e-06	55.4
ERR3077553.sra.17622	NC_014498_31096_32654	84.205	880	48	48	55	856	693	1559	0.0	827
ERR3077553.sra.17632	NC_014498_31096_32654	88.771	757	34	34	2481	3200	1559	817	0.0	875
ERR3077553.sra.17645	gi|313843970|ref|NC_014766.1|_Ostreococcus_lucimarinus_virus_OlV1,_complete_genome	70.625	160	39	4	621	773	15933	16091	2.19e-09	66.2
ERR3077553.sra.17747	NC_020450_475434_475549	80.233	86	11	3	916	997	103	20	4.54e-11	71.6
ERR3077553.sra.17813	CP001015	86.789	1476	90	55	1303	2691	1458	1	0.0	1629
ERR3077553.sra.17856	NC_021350_359864_361325	68.499	473	103	19	529	964	1449	986	4.90e-31	138
ERR3077553.sra.17959	NC_017592_15332_16890	84.478	335	18	19	24	335	328	5	2.60e-84	315
ERR3077553.sra.17986	NC_003028_15344_16903	89.781	411	13	12	2292	2678	1560	1155	3.26e-147	524
ERR3077553.sra.18008	CP001015	87.820	1133	64	41	57	1140	1108	1	0.0	1303
ERR3077553.sra.18020	NC_020450_475434_475549	78.049	82	12	3	2492	2567	103	22	4.39e-07	59.0
ERR3077553.sra.18143	NC_021040_348381_351031	82.558	86	10	4	2072	2153	2591	2507	4.69e-12	75.2
ERR3077553.sra.18165	NC_015875_2081382_2082934	86.553	409	18	18	82	455	412	6	8.89e-123	443
ERR3077553.sra.18360	CP001015	86.265	1478	78	70	738	2124	1458	15	0.0	1548
ERR3077553.sra.18513	CP001015	88.268	1432	70	55	2041	3412	1	1394	0.0	1665
ERR3077553.sra.18550	AY879305	84.168	998	85	37	139	1086	544	1518	0.0	987
ERR3077553.sra.18560	NC_020450_475434_475549	79.268	82	15	2	1555	1635	23	103	1.28e-08	64.4
ERR3077553.sra.18570	gi|314055095|ref|NC_014789.1|_Ostreococcus_tauri_virus_2,_complete_genome	82.143	84	9	4	3186	3264	9334	9252	8.38e-11	71.6
ERR3077553.sra.18636	NC_003028_15344_16903	81.839	446	38	20	54	464	1123	1560	1.15e-106	389
ERR3077553.sra.18797	CP001015	84.734	1487	97	66	1612	3004	1458	8	0.0	1478
ERR3077553.sra.18862	AF287781	84.676	1514	118	69	494	1927	1	1480	0.0	1476
ERR3077553.sra.18983	NC_003028_15344_16903	72.233	1563	158	109	1025	2318	1560	5	6.00e-176	619
ERR3077553.sra.19007	NC_021350_359864_361325	72.848	151	36	3	801	947	1265	1414	3.69e-13	78.8
ERR3077553.sra.19047	gi|441431943|ref|NC_020104.1|_Acanthamoeba_polyphaga_moumouvirus,_complete_genome	75.460	163	31	5	2321	2479	474737	474894	1.30e-19	100
ERR3077553.sra.19047	gi|441431943|ref|NC_020104.1|_Acanthamoeba_polyphaga_moumouvirus,_complete_genome	71.023	176	41	6	2308	2477	290969	290798	2.20e-10	69.8
ERR3077553.sra.19173	CP001015	83.436	1467	89	85	361	1705	1445	11	0.0	1306
ERR3077553.sra.19280	gi|472342562|ref|NC_020864.1|_Micromonas_pusilla_virus_12T_genomic_sequence	83.051	59	10	0	2598	2656	166753	166695	3.72e-08	62.6
ERR3077553.sra.19312	NC_003028_15344_16903	83.002	906	75	47	57	901	673	1560	0.0	800
ERR3077553.sra.19469	gi|314055095|ref|NC_014789.1|_Ostreococcus_tauri_virus_2,_complete_genome	72.024	168	38	7	813	974	9404	9240	5.90e-10	68.0
ERR3077553.sra.19505	gi|509139559|ref|NC_021320.1|_Halovirus_HRTV-5,_complete_genome	85.965	57	7	1	1415	1471	55882	55937	8.80e-09	64.4
ERR3077553.sra.19520	AY584476	76.605	1137	115	68	3327	4324	4	1128	0.0	681
ERR3077553.sra.19734	NC_017592_15332_16890	86.469	1419	90	51	881	2221	1	1395	0.0	1555
ERR3077553.sra.19738	gi|582973099|ref|NC_023426.1|_Anomala_cuprea_entomopoxvirus_DNA,_complete_genome,_strain:_CV6M	86.792	53	5	2	2274	2324	161350	161298	1.19e-06	57.2
ERR3077553.sra.19764	gi|593773442|ref|NC_023681.1|_Mamestra_brassicae_MNPV_strain_K1,_complete_genome	90.000	40	4	0	1118	1157	51591	51552	5.26e-06	55.4
ERR3077553.sra.19809	NC_021040_348381_351031	83.562	73	7	3	1568	1635	2597	2525	1.27e-10	69.8
ERR3077553.sra.19891	NC_014498_31096_32654	92.481	133	3	3	1760	1885	1	133	2.17e-46	188
ERR3077553.sra.19909	NC_020450_475434_475549	79.545	88	8	4	1637	1717	103	19	2.06e-10	69.8
ERR3077553.sra.19910	CP001015	82.364	1100	80	61	1247	2249	13	1095	0.0	937
ERR3077553.sra.19934	CP001015	86.161	1503	80	63	193	1612	1	1458	0.0	1604
ERR3077553.sra.19937	gi|602259401|ref|NC_023848.1|_Anopheles_minimus_irodovirus_isolate_AMIV,_complete_genome	82.456	57	9	1	760	815	119525	119469	5.12e-06	55.4
ERR3077553.sra.19952	NC_011375_17071_18504	75.177	1128	138	69	1995	3005	3	1105	1.05e-166	589
ERR3077553.sra.20063	NC_013520_103635_105185	87.874	668	46	21	1962	2601	1551	891	0.0	776
ERR3077553.sra.20135	gi|441431943|ref|NC_020104.1|_Acanthamoeba_polyphaga_moumouvirus,_complete_genome	73.295	176	38	6	1431	1601	474894	474723	8.87e-16	87.8
ERR3077553.sra.20143	NC_020450_475434_475549	85.915	71	9	1	3550	3620	103	34	1.55e-13	80.6
ERR3077553.sra.20149	NC_020450_475434_475549	82.759	87	9	4	723	806	19	102	1.27e-12	77.0
ERR3077553.sra.20211	gi|225908238|ref|NC_012484.1|_Grapevine_Syrah_Virus-1,_complete_genome	97.059	34	1	0	974	1007	6506	6473	1.04e-06	57.2
ERR3077553.sra.20260	gi|313768203|ref|NC_014767.1|_Micromonas_sp._RCC1109_virus_MpV1,_complete_genome	83.333	54	9	0	841	894	138332	138385	1.19e-06	57.2
ERR3077553.sra.20295	NC_020450_475434_475549	84.314	51	8	0	2326	2376	26	76	1.30e-06	57.2
ERR3077553.sra.20437	CP001015	85.016	1248	78	50	1767	2937	6	1221	0.0	1281
ERR3077553.sra.20532	CP001015	83.517	1359	113	62	1698	2965	1	1339	0.0	1261
ERR3077553.sra.20560	CP001015	84.697	1516	112	69	2167	3628	1	1450	0.0	1485
ERR3077553.sra.20591	CP001015	84.394	660	37	32	1858	2459	8	659	0.0	641
ERR3077553.sra.20623	CP001015	88.762	1486	65	58	941	2352	1458	1	0.0	1757
ERR3077553.sra.20643	NC_014498_31096_32654	86.936	643	30	27	522	1116	1557	921	0.0	708
ERR3077553.sra.20655	CP001015	88.889	1485	68	50	263	1681	1	1454	0.0	1797
ERR3077553.sra.20713	NC_015875_2081382_2082934	96.023	176	3	3	37	210	1380	1553	8.72e-73	277
ERR3077553.sra.20719	NC_017592_15332_16890	81.053	190	18	11	84	257	192	5	6.59e-34	147
ERR3077553.sra.20791	CP001015	85.330	1486	83	67	319	1697	1458	1	0.0	1517
ERR3077553.sra.20803	NC_013853_16701_18238	83.641	434	31	21	1675	2072	1538	1109	1.71e-111	405
ERR3077553.sra.20821	NC_017591_15331_16889	82.051	117	7	9	96	199	1444	1559	3.16e-16	89.7
ERR3077553.sra.20876	gi|582973099|ref|NC_023426.1|_Anomala_cuprea_entomopoxvirus_DNA,_complete_genome,_strain:_CV6M	77.333	75	14	2	408	480	114030	114103	9.69e-06	53.6
ERR3077553.sra.21070	CP001015	84.646	1498	99	70	1060	2466	1	1458	0.0	1467
ERR3077553.sra.21087	AY281082	77.218	1172	96	68	45	1054	1165	3	0.0	758
ERR3077553.sra.21154	CP001015	78.817	845	77	45	82	841	618	1445	3.02e-172	607
ERR3077553.sra.21158	NC_017592_15332_16890	76.889	900	92	59	955	1777	5	865	2.15e-147	524
ERR3077553.sra.21164	NC_021040_348381_351031	76.829	164	29	6	1652	1808	2597	2436	2.37e-21	105
ERR3077553.sra.21217	NC_021350_359864_361325	67.658	269	74	6	1494	1753	1397	1133	3.30e-13	78.8
ERR3077553.sra.21346	gi|441431943|ref|NC_020104.1|_Acanthamoeba_polyphaga_moumouvirus,_complete_genome	76.259	139	27	4	929	1063	474758	474894	3.68e-16	89.7
ERR3077553.sra.21359	NC_021009_505857_508732	82.927	82	13	1	518	598	194	275	8.64e-15	82.4
ERR3077553.sra.21370	CP001015	85.550	1474	88	59	797	2161	1458	1	0.0	1544
ERR3077553.sra.21380	NC_015875_2081382_2082934	78.754	353	42	14	80	400	358	7	1.70e-69	266
