ERR3077554.sra.416	NC_016514_237096_238638	78.095	945	75	60	99	916	604	1543	4.42e-176	619
ERR3077554.sra.420	NC_016612_3821_5374	77.252	1543	134	96	290	1634	1	1524	0.0	964
ERR3077554.sra.559	GQ098970	70.559	608	54	37	1190	1674	1328	723	1.49e-60	235
ERR3077554.sra.576	gi|20198505|ref|NC_002512.2|_Murid_herpesvirus_2,_complete_genome	81.250	64	10	2	634	696	121668	121606	5.46e-06	55.4
ERR3077554.sra.641	NC_017731_1196537_1198078	75.581	172	14	11	1148	1295	11	178	7.32e-19	96.9
ERR3077554.sra.1013	AB045731	83.065	1553	133	68	238	1685	1	1528	0.0	1425
ERR3077554.sra.1059	NC_021020_589522_591540	80.282	71	8	3	152	217	71	2	1.14e-06	57.2
ERR3077554.sra.1079	NC_018106_130009_131504	80.755	1060	73	51	1241	2195	1	1034	0.0	881
ERR3077554.sra.1089	NC_016612_3821_5374	79.299	913	71	50	46	849	651	1554	0.0	675
ERR3077554.sra.1107	NC_021350_359864_361325	69.079	456	111	18	814	1245	1452	1003	2.36e-29	132
ERR3077554.sra.1118	GQ098970	76.917	1369	117	80	1228	2412	1	1354	0.0	863
ERR3077554.sra.1339	NC_004741_214156_215696	82.368	1554	132	75	668	2092	1541	1	0.0	1357
ERR3077554.sra.1437	NC_016612_3821_5374	90.231	952	36	34	66	983	929	1	0.0	1196
ERR3077554.sra.1445	NC_021040_348381_351031	77.876	113	21	3	720	829	2492	2603	1.13e-14	82.4
ERR3077554.sra.1509	AB045731	79.164	1531	114	99	188	1532	1528	17	0.0	1061
ERR3077554.sra.1526	NC_021009_505857_508732	79.245	106	16	3	2769	2868	193	298	1.01e-14	84.2
ERR3077554.sra.1532	NC_022544_289178_290721	76.731	1603	178	97	493	1961	1	1542	0.0	948
ERR3077554.sra.1703	NC_021500_1700903_1702442	85.401	274	17	12	1821	2076	1536	1268	4.93e-74	280
ERR3077554.sra.1781	NC_013961_41032_42559	87.186	1553	90	66	1336	2804	1528	1	0.0	1705
ERR3077554.sra.2065	NC_021350_359864_361325	67.442	430	110	19	214	625	1412	995	2.64e-15	86.0
ERR3077554.sra.2181	NC_016612_3821_5374	84.136	353	19	17	68	387	349	1	2.06e-92	342
ERR3077554.sra.2224	NC_021290_106184_107738	88.462	52	3	1	80	128	55	4	4.26e-09	66.2
ERR3077554.sra.2412	NC_018405_269132_270685	69.586	411	65	26	63	417	1145	1551	3.57e-24	114
ERR3077554.sra.2442	AY613590	89.042	1305	62	48	42	1278	243	1534	0.0	1566
ERR3077554.sra.2574	NC_021046_119494_121022	76.513	1107	101	73	3112	4071	13	1107	0.0	639
ERR3077554.sra.2702	NC_021046_119494_121022	84.904	1093	72	56	90	1125	1059	3	0.0	1059
ERR3077554.sra.2834	NC_013961_41032_42559	84.496	1548	103	73	197	1643	4	1515	0.0	1505
ERR3077554.sra.2859	NC_016612_3821_5374	70.152	593	61	40	182	659	959	1550	2.25e-48	196
ERR3077554.sra.2899	NC_021009_505857_508732	71.915	235	47	10	251	470	428	198	3.83e-19	98.7
ERR3077554.sra.3165	gi|531034792|ref|NC_022098.1|_Pandoravirus_salinus,_complete_genome	73.636	110	25	3	1230	1337	2175136	2175029	5.47e-07	59.0
ERR3077554.sra.3393	NC_016612_3821_5374	79.710	1242	102	69	4	1108	326	1554	0.0	928
ERR3077554.sra.3645	GQ098970	76.222	900	91	58	3117	3897	1	896	3.70e-142	508
ERR3077554.sra.3821	NC_021350_359864_361325	71.795	195	39	10	965	1148	1225	1414	1.37e-11	73.4
ERR3077554.sra.4022	NC_015663_220089_221642	85.619	1495	87	60	90	1483	1470	3	0.0	1572
ERR3077554.sra.4074	NC_016514_237096_238638	84.573	1089	64	56	1339	2346	1543	478	0.0	1049
ERR3077554.sra.4103	gi|260665870|ref|NC_013288.1|_Ostreococcus_tauri_virus_1_complete_genome	66.181	343	82	14	1583	1901	13037	12705	1.01e-08	64.4
ERR3077554.sra.4346	NC_016612_3821_5374	86.618	553	36	21	62	582	550	4	4.06e-171	603
ERR3077554.sra.4496	NC_021040_348381_351031	73.770	122	19	6	76	187	2479	2597	8.55e-08	60.8
ERR3077554.sra.4512	NC_018106_130009_131504	85.075	1206	79	58	1088	2231	1	1167	0.0	1193
ERR3077554.sra.4558	AF224299	78.225	1217	175	54	1490	2653	2	1181	0.0	838
ERR3077554.sra.4559	gi|13242472|ref|NC_002687.1|_Ectocarpus_siliculosus_virus_1,_complete_genome	90.244	41	4	0	1046	1086	307740	307780	1.02e-06	57.2
ERR3077554.sra.4672	NC_015663_220089_221642	87.056	1576	84	60	472	1949	1	1554	0.0	1761
ERR3077554.sra.4736	NC_016514_237096_238638	82.656	1574	109	74	2014	3457	1	1540	0.0	1422
ERR3077554.sra.4772	gi|157952304|ref|NC_009898.1|_Paramecium_bursaria_Chlorella_virus_NY2A,_complete_genome	79.518	83	17	0	1728	1810	65607	65525	1.69e-11	73.4
ERR3077554.sra.4798	gi|158380386|ref|NC_009552.2|_Geobacillus_virus_E2,_complete_genome	65.217	713	176	36	2422	3077	37739	38436	9.76e-11	71.6
ERR3077554.sra.4853	gi|158380386|ref|NC_009552.2|_Geobacillus_virus_E2,_complete_genome	82.895	76	13	0	1687	1762	37879	37954	2.71e-13	78.8
ERR3077554.sra.4898	NC_015663_220089_221642	78.210	1028	79	67	1793	2685	1	1018	0.0	673
ERR3077554.sra.5001	AB045731	87.174	998	59	43	1986	2925	1534	548	0.0	1092
ERR3077554.sra.5173	gi|157952304|ref|NC_009898.1|_Paramecium_bursaria_Chlorella_virus_NY2A,_complete_genome	79.221	77	10	3	2009	2082	65598	65525	3.39e-07	59.0
ERR3077554.sra.5522	NC_018405_269132_270685	84.726	419	25	19	2833	3237	1554	1161	4.23e-115	417
ERR3077554.sra.5583	NC_015663_220089_221642	89.456	607	17	27	2533	3102	1	597	0.0	728
ERR3077554.sra.5700	NC_021350_359864_361325	68.670	466	122	15	1943	2389	992	1452	1.70e-30	136
ERR3077554.sra.5709	NC_021009_505857_508732	72.247	227	53	8	1656	1872	186	412	3.02e-19	98.7
ERR3077554.sra.5737	NC_016612_3821_5374	77.395	668	62	43	831	1418	1	659	4.20e-113	410
ERR3077554.sra.5737	NC_016612_3821_5374	77.574	544	43	34	1661	2130	1016	1554	1.20e-94	349
ERR3077554.sra.5810	gi|526118633|ref|NC_021858.1|_Pandoravirus_dulcis,_complete_genome	77.778	90	18	2	2402	2490	18170	18082	2.53e-09	66.2
ERR3077554.sra.5862	NC_016612_3821_5374	86.645	307	18	13	3009	3294	1	305	4.89e-89	331
ERR3077554.sra.5899	NC_012691_26293_27826	83.263	1189	115	49	36	1155	1181	8	0.0	1103
ERR3077554.sra.6674	NC_021040_348381_351031	76.515	132	21	6	430	558	2478	2602	1.10e-13	80.6
ERR3077554.sra.6966	NC_015663_220089_221642	83.670	1586	107	72	205	1671	1554	2	0.0	1505
ERR3077554.sra.6992	NC_006155_12249_13794	89.000	100	6	4	2742	2836	710	809	5.11e-25	118
ERR3077554.sra.7235	gi|158380386|ref|NC_009552.2|_Geobacillus_virus_E2,_complete_genome	69.014	284	66	11	2346	2626	38172	38436	2.95e-15	86.0
ERR3077554.sra.7248	NC_012731_16080_17619	84.818	494	30	28	1737	2190	1540	1052	1.81e-130	468
ERR3077554.sra.7255	GQ098970	81.147	1395	116	81	2575	3876	21	1361	0.0	1097
ERR3077554.sra.7371	NC_018106_130009_131504	73.780	1045	132	59	80	988	458	1496	1.13e-143	511
ERR3077554.sra.7386	NC_021350_359864_361325	68.987	474	116	18	84	539	1452	992	1.07e-31	140
ERR3077554.sra.7550	GQ098970	84.753	1338	70	66	106	1337	1310	1	0.0	1317
ERR3077554.sra.7554	NC_016514_237096_238638	80.349	1547	129	85	1651	3033	1536	1	0.0	1195
ERR3077554.sra.7581	GQ070628	78.058	1349	130	77	979	2212	4	1301	0.0	901
ERR3077554.sra.7628	NC_018405_269132_270685	87.722	733	40	30	83	772	829	1554	0.0	827
ERR3077554.sra.7687	NC_022544_289178_290721	85.225	1577	108	69	1549	3035	1	1542	0.0	1595
ERR3077554.sra.7755	GQ098970	89.667	842	23	36	72	863	850	23	0.0	1021
ERR3077554.sra.7758	NC_016612_3821_5374	75.895	1062	82	70	70	968	492	1542	3.13e-171	603
ERR3077554.sra.7944	NC_018405_269132_270685	90.206	194	8	8	1805	1991	1554	1365	1.44e-61	239
ERR3077554.sra.7999	NC_017845_228498_230028	77.637	1574	169	95	605	2038	1	1531	0.0	989
ERR3077554.sra.8106	NC_021066_3088508_3090061	84.073	879	49	46	93	890	869	1	0.0	829
ERR3077554.sra.8121	NC_018106_130009_131504	75.593	1012	119	67	93	1037	532	1482	1.17e-147	526
ERR3077554.sra.8132	NC_022544_289178_290721	84.108	1227	72	53	1539	2678	1542	352	0.0	1205
ERR3077554.sra.8174	NC_021040_348381_351031	75.676	111	19	5	819	924	2585	2478	5.76e-09	64.4
ERR3077554.sra.8192	NC_016612_3821_5374	80.659	1577	99	68	586	1979	1554	1	0.0	1348
ERR3077554.sra.8245	NC_016514_237096_238638	87.053	1483	77	66	78	1489	103	1541	0.0	1615
ERR3077554.sra.8266	NC_016514_237096_238638	83.949	1570	120	75	142	1606	1543	1	0.0	1476
ERR3077554.sra.8402	NC_021350_359864_361325	79.412	68	14	0	189	256	1059	992	1.26e-07	60.8
ERR3077554.sra.8452	NC_016612_3821_5374	80.044	1368	106	77	55	1266	198	1554	0.0	1040
ERR3077554.sra.8636	gi|531034792|ref|NC_022098.1|_Pandoravirus_salinus,_complete_genome	79.775	89	14	3	1986	2074	2175160	2175076	2.41e-10	69.8
ERR3077554.sra.8762	NC_021350_359864_361325	67.523	428	107	18	984	1389	1414	997	1.55e-17	93.3
ERR3077554.sra.8899	NC_018405_269132_270685	84.886	966	59	42	1389	2305	1554	627	0.0	973
ERR3077554.sra.8903	NC_021009_505857_508732	80.000	115	18	3	3016	3126	193	306	5.99e-18	95.1
ERR3077554.sra.8982	AB045731	84.211	1463	94	67	50	1398	95	1534	0.0	1418
ERR3077554.sra.9235	gi|531034792|ref|NC_022098.1|_Pandoravirus_salinus,_complete_genome	72.727	121	31	2	293	411	2175151	2175031	2.94e-08	62.6
ERR3077554.sra.9584	NC_021040_348381_351031	80.000	95	13	4	534	623	2510	2603	9.22e-12	73.4
ERR3077554.sra.9645	NC_016612_3821_5374	83.034	725	57	32	80	747	837	1552	0.0	668
ERR3077554.sra.9756	gi|441431943|ref|NC_020104.1|_Acanthamoeba_polyphaga_moumouvirus,_complete_genome	72.857	140	32	2	2190	2323	474879	474740	5.24e-13	78.8
ERR3077554.sra.9756	gi|441431943|ref|NC_020104.1|_Acanthamoeba_polyphaga_moumouvirus,_complete_genome	71.795	117	33	0	2207	2323	290836	290952	4.03e-08	62.6
ERR3077554.sra.10075	NC_022082_488668_490195	85.221	1536	108	68	886	2323	1528	14	0.0	1548
ERR3077554.sra.10097	gi|531034792|ref|NC_022098.1|_Pandoravirus_salinus,_complete_genome	77.228	101	22	1	2251	2351	2175162	2175063	4.98e-12	75.2
ERR3077554.sra.10121	gi|509139559|ref|NC_021320.1|_Halovirus_HRTV-5,_complete_genome	85.714	56	6	2	1009	1062	55935	55880	2.53e-07	59.0
ERR3077554.sra.10121	gi|509139559|ref|NC_021320.1|_Halovirus_HRTV-5,_complete_genome	84.483	58	5	3	754	807	55937	55880	3.08e-06	55.4
ERR3077554.sra.10176	NC_016612_3821_5374	85.813	726	39	33	100	769	837	1554	0.0	755
ERR3077554.sra.10253	GQ098970	84.137	996	74	47	1448	2387	4	971	0.0	948
ERR3077554.sra.10292	NC_016514_237096_238638	83.869	1556	94	79	504	1930	1543	16	0.0	1460
ERR3077554.sra.10571	gi|157952304|ref|NC_009898.1|_Paramecium_bursaria_Chlorella_virus_NY2A,_complete_genome	80.303	66	12	1	817	881	65543	65608	1.51e-06	57.2
ERR3077554.sra.10744	NC_021500_1700903_1702442	85.061	328	15	21	1292	1589	1530	1207	2.70e-82	307
ERR3077554.sra.10903	AM883156.1_Aspergillus_versicolor_18S_rRNA_gene	79.730	74	11	3	1841	1910	678	605	1.15e-06	57.2
ERR3077554.sra.11036	GQ098970	81.748	1167	83	68	74	1124	1193	41	0.0	955
ERR3077554.sra.11071	GQ098970	85.481	1288	81	57	1388	2605	31	1282	0.0	1319
ERR3077554.sra.11197	AB045731	82.781	1568	140	72	215	1686	1	1534	0.0	1404
ERR3077554.sra.11219	NC_016845_16189_17714	83.825	1558	110	69	911	2364	3	1522	0.0	1490
ERR3077554.sra.11287	gi|158380386|ref|NC_009552.2|_Geobacillus_virus_E2,_complete_genome	73.548	155	36	4	548	700	37953	37802	3.36e-14	82.4
ERR3077554.sra.11330	NC_013961_41032_42559	86.150	1278	95	45	57	1272	1272	15	0.0	1379
ERR3077554.sra.11402	gi|109255272|ref|NC_008168.1|_Choristoneura_occidentalis_granulovirus,_complete_genome	76.829	82	18	1	1430	1510	19941	20022	2.85e-07	59.0
ERR3077554.sra.11534	NC_018106_130009_131504	89.065	1518	78	52	1025	2485	1	1487	0.0	1835
ERR3077554.sra.11833	NC_003197_289189_290732	85.714	140	5	10	87	217	1409	1542	5.77e-29	131
ERR3077554.sra.11841	NC_016514_237096_238638	81.345	1576	126	72	1706	3151	1543	6	0.0	1344
ERR3077554.sra.11962	NC_016612_3821_5374	85.181	1606	99	81	1067	2585	1554	1	0.0	1584
ERR3077554.sra.12131	NC_021350_359864_361325	68.852	427	114	12	648	1061	995	1415	6.53e-30	134
ERR3077554.sra.12411	NC_016514_237096_238638	80.183	1312	117	69	616	1808	2	1289	0.0	1012
ERR3077554.sra.12664	GQ098970	78.675	1374	118	83	188	1403	1	1357	0.0	940
ERR3077554.sra.12811	gi|157952304|ref|NC_009898.1|_Paramecium_bursaria_Chlorella_virus_NY2A,_complete_genome	78.873	71	12	2	2950	3017	65531	65601	5.41e-06	55.4
ERR3077554.sra.12927	NC_021066_3088508_3090061	82.436	780	63	33	101	830	756	1	0.0	708
ERR3077554.sra.13013	GQ098970	85.659	1032	59	50	2053	3015	13	1024	0.0	1049
ERR3077554.sra.13121	NC_016612_3821_5374	78.229	960	87	56	58	904	604	1554	0.0	646
ERR3077554.sra.13229	NC_009436_250882_252426	79.532	855	74	48	2224	2996	1538	703	1.19e-178	628
ERR3077554.sra.13613	NC_021066_3088508_3090061	89.024	1403	73	48	58	1390	148	1539	0.0	1692
ERR3077554.sra.13798	GQ098970	87.048	1135	65	40	44	1108	1123	1	0.0	1278
ERR3077554.sra.13945	NC_021500_1700903_1702442	85.714	406	30	17	1706	2089	1539	1140	7.84e-116	419
ERR3077554.sra.14065	NC_021350_359864_361325	69.620	474	117	16	2198	2649	1452	984	7.63e-37	158
ERR3077554.sra.14107	NC_016514_237096_238638	88.160	1022	53	35	55	1018	1012	1	0.0	1202
ERR3077554.sra.14157	NC_016612_3821_5374	86.377	345	20	13	87	412	348	12	1.32e-102	376
ERR3077554.sra.14205	NC_021066_3088508_3090061	84.424	1605	104	74	488	1997	1554	1	0.0	1566
ERR3077554.sra.14216	gi|157952304|ref|NC_009898.1|_Paramecium_bursaria_Chlorella_virus_NY2A,_complete_genome	76.596	94	19	3	2151	2243	65616	65525	1.42e-07	60.8
ERR3077554.sra.14260	NC_009436_250882_252426	75.279	1521	123	93	185	1460	1513	1	0.0	857
ERR3077554.sra.14343	NC_021040_348381_351031	81.915	94	11	3	2849	2938	2589	2498	3.16e-15	86.0
ERR3077554.sra.14356	NC_016514_237096_238638	88.763	1237	63	46	90	1271	325	1540	0.0	1465
ERR3077554.sra.14380	NC_016612_3821_5374	82.413	1268	100	68	58	1231	1239	1	0.0	1086
ERR3077554.sra.14646	gi|531034792|ref|NC_022098.1|_Pandoravirus_salinus,_complete_genome	78.022	91	13	2	2496	2581	2175087	2175175	6.51e-11	71.6
ERR3077554.sra.14649	NC_004088_12016_13600	87.143	210	16	8	3961	4163	1585	1380	4.45e-59	232
ERR3077554.sra.14769	NC_015663_220089_221642	84.351	1048	69	52	1130	2088	16	1057	0.0	1002
ERR3077554.sra.15069	gi|119953744|ref|NC_008724.1|_Acanthocystis_turfacea_Chlorella_virus_1,_complete_genome	74.713	87	22	0	519	605	186017	186103	2.15e-07	59.0
ERR3077554.sra.15180	gi|188543102|ref|NC_010708.1|_Thottapalayam_virus_segment_M,_complete_sequence	80.769	78	10	2	1	76	3494	3568	1.77e-10	69.8
ERR3077554.sra.15198	NC_016514_237096_238638	82.653	980	73	48	30	935	957	1	0.0	872
ERR3077554.sra.15219	NC_021500_1700903_1702442	91.429	315	13	10	59	363	1229	1539	2.69e-114	414
ERR3077554.sra.15418	NC_016514_237096_238638	77.365	1184	115	69	1646	2685	3	1177	0.0	755
ERR3077554.sra.15521	NC_021040_348381_351031	73.438	128	27	4	766	886	2470	2597	3.14e-09	66.2
ERR3077554.sra.15624	NC_017540_397790_399343	82.993	147	10	9	51	183	149	4	3.03e-27	125
ERR3077554.sra.15711	gi|531034792|ref|NC_022098.1|_Pandoravirus_salinus,_complete_genome	81.000	100	14	2	2753	2847	2175076	2175175	6.80e-17	91.5
ERR3077554.sra.15716	NC_018405_269132_270685	86.648	719	41	33	1169	1858	1554	862	0.0	765
ERR3077554.sra.15838	AB045731	78.258	1527	138	92	122	1465	1532	17	0.0	1018
ERR3077554.sra.16016	NC_021350_359864_361325	73.988	173	36	7	68	234	1241	1410	3.71e-15	86.0
ERR3077554.sra.16058	AB045731	84.271	1564	112	77	252	1718	3	1529	0.0	1485
ERR3077554.sra.16115	gi|422933554|ref|NC_019491.1|_Cyprinid_herpesvirus_1_strain_NG-J1,_complete_genome	87.234	47	5	1	2374	2420	128496	128451	5.27e-06	55.4
ERR3077554.sra.16180	NC_021350_359864_361325	71.782	202	38	7	3684	3868	1214	1413	2.80e-17	93.3
ERR3077554.sra.16279	NC_016612_3821_5374	76.863	510	47	36	522	969	501	1	9.33e-77	289
ERR3077554.sra.16292	NC_021009_505857_508732	68.551	283	64	13	2136	2406	185	454	1.65e-11	73.4
ERR3077554.sra.16310	NC_013961_41032_42559	80.774	1550	135	82	1036	2452	5	1524	0.0	1229
ERR3077554.sra.16395	NC_021040_348381_351031	78.182	110	15	5	1439	1541	2585	2478	9.27e-13	77.0
ERR3077554.sra.16482	NC_021009_505857_508732	75.455	110	26	1	349	457	435	326	1.43e-11	73.4
ERR3077554.sra.16520	NC_021500_1700903_1702442	85.942	377	16	19	4028	4374	1531	1162	2.76e-106	389
ERR3077554.sra.16933	NC_016612_3821_5374	88.854	1588	65	64	537	2046	1554	1	0.0	1878
ERR3077554.sra.16972	NC_016514_237096_238638	76.360	1544	120	100	549	1855	1	1536	0.0	910
ERR3077554.sra.16982	NC_018405_269132_270685	83.621	464	40	19	1521	1966	1553	1108	2.25e-122	441
ERR3077554.sra.16993	NC_021844_1_1113	78.445	733	60	54	147	791	383	1105	1.14e-126	455
ERR3077554.sra.17122	gi|700075216|ref|NC_025379.1|_Mamastrovirus_3_isolate_PAstV-GX1,_complete_genome	86.364	66	6	2	671	733	6641	6706	1.63e-11	73.4
ERR3077554.sra.17300	NC_016514_237096_238638	81.050	781	59	48	66	774	776	1539	1.18e-171	605
ERR3077554.sra.17358	gi|531034792|ref|NC_022098.1|_Pandoravirus_salinus,_complete_genome	78.000	100	13	5	1968	2058	2175076	2175175	5.79e-10	68.0
ERR3077554.sra.17488	NC_015663_220089_221642	78.531	531	42	28	1130	1595	1	524	4.19e-105	383
ERR3077554.sra.17534	NC_017845_228498_230028	83.024	1561	130	71	412	1867	1	1531	0.0	1422
ERR3077554.sra.17578	NC_021350_359864_361325	68.796	407	94	16	1574	1960	1003	1396	9.63e-26	120
ERR3077554.sra.17590	NC_003197_289189_290732	72.763	257	23	15	1516	1728	1542	1289	6.83e-27	123
ERR3077554.sra.17733	gi|441431943|ref|NC_020104.1|_Acanthamoeba_polyphaga_moumouvirus,_complete_genome	73.134	134	29	6	2378	2505	474740	474872	3.68e-07	59.0
ERR3077554.sra.17794	AB045731	75.746	1542	161	91	636	1977	1	1529	0.0	877
ERR3077554.sra.17879	NC_021350_359864_361325	67.366	429	106	16	2381	2786	1414	997	4.92e-20	102
ERR3077554.sra.18019	GQ098970	86.727	776	55	32	4359	5100	8	769	0.0	834
ERR3077554.sra.18074	NC_021009_505857_508732	70.182	275	56	14	1053	1306	185	454	4.24e-16	87.8
ERR3077554.sra.18092	GQ098970	86.717	1197	65	51	69	1190	1190	13	0.0	1297
ERR3077554.sra.18209	gi|488870550|ref|NC_021178.1|_Canine_picodicistrovirus_strain_209,_complete_genome	94.737	38	2	0	2	39	8785	8748	1.13e-07	60.8
ERR3077554.sra.18252	NC_018106_130009_131504	79.836	977	73	58	88	954	971	9	0.0	724
ERR3077554.sra.18356	NC_021350_359864_361325	79.121	91	16	2	887	977	1301	1214	2.55e-11	73.4
ERR3077554.sra.18491	gi|571797926|ref|NC_022563.1|_Squirrel_poxvirus_strain_Red_squirrel_UK_complete_genome	88.889	45	4	1	839	882	144635	144591	4.02e-06	55.4
ERR3077554.sra.18662	gi|509139559|ref|NC_021320.1|_Halovirus_HRTV-5,_complete_genome	87.755	49	4	2	1200	1247	55934	55887	4.05e-06	55.4
ERR3077554.sra.18663	NC_016514_237096_238638	81.474	1425	99	67	84	1368	144	1543	0.0	1227
ERR3077554.sra.18687	gi|158380386|ref|NC_009552.2|_Geobacillus_virus_E2,_complete_genome	68.773	269	66	9	680	934	38172	38436	3.62e-14	82.4
ERR3077554.sra.18696	NC_021009_505857_508732	68.898	254	60	10	2506	2743	185	435	5.71e-12	75.2
ERR3077554.sra.18772	NC_021009_505857_508732	69.960	253	54	8	1864	2102	194	438	3.90e-19	98.7
ERR3077554.sra.18930	NC_015567_252738_254267	84.917	1558	114	61	1020	2487	3	1529	0.0	1584
ERR3077554.sra.18934	NC_014306_26123_27657	86.439	1320	83	56	86	1341	248	1535	0.0	1407
ERR3077554.sra.18937	NC_022544_289178_290721	84.854	1578	111	64	1308	2793	1	1542	0.0	1595
ERR3077554.sra.19125	NC_021040_348381_351031	78.571	126	20	6	2479	2601	2599	2478	2.72e-15	86.0
ERR3077554.sra.19195	NC_016514_237096_238638	86.786	946	56	34	1359	2247	1543	610	0.0	1052
ERR3077554.sra.19217	NC_016612_3821_5374	89.941	1352	49	51	42	1322	219	1554	0.0	1674
ERR3077554.sra.19265	NC_016514_237096_238638	79.137	1390	125	90	55	1293	1380	5	0.0	942
ERR3077554.sra.19284	NC_021040_348381_351031	75.000	128	30	2	276	403	2526	2651	9.83e-14	80.6
ERR3077554.sra.19377	NC_015663_220089_221642	89.853	611	20	25	54	640	597	5	0.0	747
ERR3077554.sra.19523	NC_016514_237096_238638	88.578	1392	70	50	2212	3550	1	1356	0.0	1649
ERR3077554.sra.19531	gi|158380386|ref|NC_009552.2|_Geobacillus_virus_E2,_complete_genome	65.439	570	139	24	1273	1793	37886	38446	8.42e-15	84.2
ERR3077554.sra.19584	gi|119953744|ref|NC_008724.1|_Acanthocystis_turfacea_Chlorella_virus_1,_complete_genome	82.456	57	10	0	1995	2051	225111	225167	4.25e-07	59.0
ERR3077554.sra.19788	AF403733	82.269	1534	135	73	862	2292	1507	8	0.0	1335
ERR3077554.sra.19920	NC_021350_359864_361325	69.195	435	110	15	1578	2005	1414	997	6.14e-30	134
ERR3077554.sra.19971	NC_021040_348381_351031	78.358	134	25	4	287	417	2470	2602	1.52e-18	96.9
ERR3077554.sra.20082	NC_016612_3821_5374	87.411	564	29	20	39	566	558	1	0.0	645
ERR3077554.sra.20100	gi|158380386|ref|NC_009552.2|_Geobacillus_virus_E2,_complete_genome	82.759	58	9	1	232	288	37936	37879	1.24e-06	57.2
ERR3077554.sra.20245	NC_021040_348381_351031	75.625	160	30	7	2071	2224	2604	2448	1.86e-16	89.7
ERR3077554.sra.20257	NC_016845_16189_17714	84.942	1554	111	56	443	1908	3	1521	0.0	1606
ERR3077554.sra.20797	gi|531034792|ref|NC_022098.1|_Pandoravirus_salinus,_complete_genome	74.725	91	21	1	3106	3194	2175081	2175171	5.33e-07	59.0
ERR3077554.sra.20825	gi|472342562|ref|NC_020864.1|_Micromonas_pusilla_virus_12T_genomic_sequence	81.034	58	9	1	607	662	199059	199116	8.61e-06	53.6
ERR3077554.sra.20878	NC_021350_359864_361325	69.313	466	120	14	322	769	1452	992	6.22e-36	154
ERR3077554.sra.20931	gi|531034792|ref|NC_022098.1|_Pandoravirus_salinus,_complete_genome	70.930	172	38	6	70	231	2175505	2175336	1.91e-10	69.8
ERR3077554.sra.20983	AB045731	82.704	954	77	47	1897	2786	1534	605	0.0	845
ERR3077554.sra.20986	NC_021040_348381_351031	77.869	122	20	6	2269	2385	2589	2470	3.93e-13	78.8
ERR3077554.sra.20991	NC_021350_359864_361325	69.677	310	78	10	185	485	1142	1444	2.86e-21	105
ERR3077554.sra.21080	NC_021350_359864_361325	68.839	353	91	9	2249	2585	1377	1028	4.40e-25	118
ERR3077554.sra.21113	gi|531034792|ref|NC_022098.1|_Pandoravirus_salinus,_complete_genome	75.824	91	19	2	1882	1970	2175074	2175163	4.56e-07	59.0
ERR3077554.sra.21156	NC_015663_220089_221642	87.838	740	43	36	625	1327	1	730	0.0	809
ERR3077554.sra.21166	NC_018405_269132_270685	90.678	236	7	10	2241	2469	1553	1326	2.65e-78	295
ERR3077554.sra.21230	NC_016612_3821_5374	77.378	946	78	58	98	920	622	1554	4.23e-171	603
ERR3077554.sra.21235	gi|158380386|ref|NC_009552.2|_Geobacillus_virus_E2,_complete_genome	72.321	112	27	2	520	628	37813	37923	1.11e-06	57.2
ERR3077554.sra.21284	gi|531034792|ref|NC_022098.1|_Pandoravirus_salinus,_complete_genome	76.238	101	15	4	623	715	2175076	2175175	8.71e-09	64.4
ERR3077554.sra.21641	AB045731	84.842	1425	98	64	74	1408	132	1528	0.0	1415
ERR3077554.sra.21807	NC_021844_1_1113	85.459	839	40	39	54	824	289	1113	0.0	861
ERR3077554.sra.21812	NC_003197_289189_290732	94.366	71	1	3	61	129	1473	1542	8.60e-20	100
ERR3077554.sra.21827	NC_017845_228498_230028	83.636	1540	112	72	361	1789	1528	18	0.0	1443
ERR3077554.sra.22126	gi|42733078|ref|NC_005497.1|_Tomato_leaf_curl_Java_virus-[Ageratum]_satellite_DNA,_complete_genome	69.032	155	35	4	1	149	958	811	1.18e-06	57.2
ERR3077554.sra.22197	AB045731	83.227	1562	136	78	1298	2767	2	1529	0.0	1398
ERR3077554.sra.22205	gi|509139559|ref|NC_021320.1|_Halovirus_HRTV-5,_complete_genome	86.207	58	6	1	1545	1600	55880	55937	2.63e-09	66.2
ERR3077554.sra.22251	NC_015663_220089_221642	88.203	907	38	31	85	934	899	5	0.0	1076
ERR3077554.sra.22260	NC_016514_237096_238638	84.652	632	46	36	2013	2611	8	621	3.20e-166	587
ERR3077554.sra.22277	NC_021009_505857_508732	79.221	77	15	1	249	325	279	204	1.06e-08	64.4
ERR3077554.sra.22375	GQ114905	86.443	804	40	32	1608	2365	1	781	0.0	877
ERR3077554.sra.22393	NC_021350_359864_361325	68.094	467	119	19	1093	1535	1452	992	2.48e-23	113
ERR3077554.sra.22521	GQ098970	86.578	976	47	41	85	989	963	1	0.0	1061
ERR3077554.sra.22543	GQ098970	80.532	827	66	43	47	802	817	15	0.0	657
ERR3077554.sra.22558	NC_016612_3821_5374	72.191	1068	103	81	167	1049	496	1554	2.93e-109	398
ERR3077554.sra.22581	NC_018405_269132_270685	94.615	130	2	4	57	182	1426	1554	7.69e-47	190
ERR3077554.sra.22650	NC_004088_12016_13600	82.482	137	9	9	2686	2809	1585	1451	2.03e-23	113
ERR3077554.sra.22702	NC_021009_505857_508732	81.081	74	7	4	153	220	270	198	3.55e-07	59.0
ERR3077554.sra.22772	NC_011094_291607_293139	85.333	150	12	6	106	248	1384	1530	5.04e-36	154
ERR3077554.sra.22795	NC_016612_3821_5374	85.174	344	16	18	2459	2776	1	335	2.28e-92	342
ERR3077554.sra.22906	NC_016612_3821_5374	73.861	1010	126	53	83	978	989	4	2.31e-145	517
ERR3077554.sra.22987	gi|119953744|ref|NC_008724.1|_Acanthocystis_turfacea_Chlorella_virus_1,_complete_genome	77.632	76	14	2	581	655	186435	186362	3.91e-06	55.4
ERR3077554.sra.23005	gi|422933791|ref|NC_019495.1|_Cyprinid_herpesvirus_2_strain_ST-J1,_complete_genome	97.059	34	1	0	3620	3653	162566	162533	1.89e-06	57.2
ERR3077554.sra.23082	gi|11038431|ref|NC_001875.2|_Orgyia_pseudotsugata_MNPV,_complete_genome	92.105	38	3	0	2721	2758	58278	58241	6.90e-06	55.4
