ERR3077555.sra.74	NC_017347_522050_523611	81.955	133	11	6	92	212	132	1	9.86e-25	116
ERR3077555.sra.86	gi|146261990|ref|NC_001826.2|_Murid_herpesvirus_4,_complete_genome	79.412	68	13	1	1781	1847	1653	1586	1.72e-06	57.2
ERR3077555.sra.165	NC_017342_3586_5125	87.725	1556	76	52	1023	2483	1537	2	0.0	1815
ERR3077555.sra.482	NC_022226_483035_484865	79.792	1539	121	92	90	1458	104	1622	0.0	1131
ERR3077555.sra.603	NC_017673_449361_451191	80.368	1574	130	89	84	1498	276	1829	0.0	1205
ERR3077555.sra.619	NC_009641_502485_504039	78.426	1576	113	92	214	1589	1549	1	0.0	1099
ERR3077555.sra.671	NC_007622_473153_474707	81.182	1387	124	65	2184	3465	1	1355	0.0	1155
ERR3077555.sra.852	NC_022604_535772_537326	79.635	329	34	18	1669	1967	1	326	4.06e-62	241
ERR3077555.sra.890	NC_021009_505857_508732	79.570	93	10	4	101	184	272	180	1.81e-11	73.4
ERR3077555.sra.1012	NC_007793_512890_514444	88.592	1271	45	52	2112	3304	3	1251	0.0	1494
ERR3077555.sra.1070	NC_022226_483035_484865	72.542	1566	166	103	121	1438	1629	80	0.0	661
ERR3077555.sra.1195	NC_021040_348381_351031	86.364	88	9	2	2741	2826	2598	2512	5.28e-19	98.7
ERR3077555.sra.1234	NC_020450_475434_475549	96.970	33	1	0	1131	1163	57	25	3.78e-06	55.4
ERR3077555.sra.1239	gi|313767999|ref|NC_014765.1|_Bathycoccus_sp._RCC1105_virus_BpV1,_complete_genome	71.196	184	48	2	2290	2471	11410	11230	2.27e-16	89.7
ERR3077555.sra.1306	gi|700074740|ref|NC_025355.1|_Tailam_virus_strain_TL8K,_complete_genome	79.104	67	12	1	1789	1855	10816	10752	4.16e-06	55.4
ERR3077555.sra.1391	NC_022604_535772_537326	81.501	373	35	20	2392	2735	1	368	1.98e-80	302
ERR3077555.sra.1426	NC_003923_491534_493088	85.760	1559	74	82	638	2056	1552	2	0.0	1575
ERR3077555.sra.1441	KM370114.1_Malassezia_furfur_strain_150.3_18S_ribosomal_RNA_gene_5.8S	89.130	46	4	1	4132	4177	1285	1241	2.12e-06	57.2
ERR3077555.sra.1659	NC_021350_359864_361325	73.664	262	56	8	1704	1963	1462	1212	5.48e-31	138
ERR3077555.sra.1722	NC_022226_483035_484865	86.513	1001	64	37	1340	2273	1813	817	0.0	1095
ERR3077555.sra.1829	gi|9631294|ref|NC_001993.1|_Melanoplus_sanguinipes_entomopoxvirus,_complete_genome	77.500	80	7	4	1728	1806	188647	188578	4.62e-06	55.4
ERR3077555.sra.1905	NC_017351_503713_505252	82.684	1103	51	62	87	1062	1097	8	0.0	975
ERR3077555.sra.1912	NC_017673_449361_451191	75.246	1624	145	107	89	1472	1	1607	0.0	866
ERR3077555.sra.1912	NC_017673_449361_451191	81.290	155	15	7	1601	1741	1648	1802	5.64e-29	131
ERR3077555.sra.1916	gi|509139559|ref|NC_021320.1|_Halovirus_HRTV-5,_complete_genome	83.929	56	9	0	741	796	55937	55882	9.84e-08	60.8
ERR3077555.sra.1917	NC_022604_535772_537326	85.294	102	11	3	2804	2902	1	101	8.93e-22	107
ERR3077555.sra.1943	gi|506498026|ref|NC_021247.1|_Adoxophyes_honmai_enomopoxvirus_'L',_complete_genome	90.000	40	4	0	1455	1494	654	615	3.68e-06	55.4
ERR3077555.sra.1943	gi|506498026|ref|NC_021247.1|_Adoxophyes_honmai_enomopoxvirus_'L',_complete_genome	90.000	40	4	0	1455	1494	228097	228136	3.68e-06	55.4
ERR3077555.sra.1948	gi|448824968|ref|NC_020232.1|_Megavirus_lba_isolate_LBA111,_complete_genome	84.000	50	8	0	1720	1769	372119	372168	5.24e-06	55.4
ERR3077555.sra.1951	NC_017342_3586_5125	86.449	1011	51	43	48	989	543	1536	0.0	1090
ERR3077555.sra.1953	NC_002976_105734_107287	76.265	514	39	33	570	1005	1551	1043	2.11e-81	304
ERR3077555.sra.1990	NC_017342_3586_5125	86.200	1587	98	63	1031	2544	1539	1	0.0	1700
ERR3077555.sra.2003	NC_017673_449361_451191	71.629	571	70	43	48	536	1012	1572	1.82e-46	188
ERR3077555.sra.2003	NC_017673_449361_451191	85.827	127	5	9	645	760	1697	1821	7.74e-26	120
ERR3077555.sra.2043	NC_007793_512890_514444	75.064	1552	152	95	832	2163	1	1537	0.0	838
ERR3077555.sra.2098	NC_022604_535772_537326	72.214	1310	134	91	1341	2432	25	1322	1.26e-145	518
ERR3077555.sra.2175	gi|9631294|ref|NC_001993.1|_Melanoplus_sanguinipes_entomopoxvirus,_complete_genome	86.364	44	6	0	1363	1406	108236	108279	9.16e-06	53.6
ERR3077555.sra.2359	NC_017351_503713_505252	87.569	901	53	34	77	925	625	1518	0.0	1020
ERR3077555.sra.2371	NC_017347_522050_523611	85.504	476	27	26	92	535	466	1	2.56e-130	468
ERR3077555.sra.2403	NC_009632_541500_543044	83.065	1057	80	52	3289	4259	1545	502	0.0	955
ERR3077555.sra.2417	NC_016912_448817_450376	86.036	1597	93	65	766	2269	1	1560	0.0	1700
ERR3077555.sra.2476	gi|32453825|ref|NC_004927.1|_Halovirus_HF1,_complete_genome	85.185	54	6	1	284	335	20743	20796	3.86e-07	59.0
ERR3077555.sra.2565	NC_021839_1492052_1493604	82.770	1567	171	62	1017	2505	1	1546	0.0	1418
ERR3077555.sra.2586	gi|506497718|ref|NC_021246.1|_Mythimna_separata_entomopoxvirus_'L',_complete_genome	81.250	64	10	2	1117	1179	22077	22015	4.14e-06	55.4
ERR3077555.sra.2625	NC_017673_449361_451191	88.379	327	13	13	2600	2907	1677	1357	7.80e-105	383
ERR3077555.sra.2625	NC_017673_449361_451191	85.714	175	10	9	2350	2512	1819	1648	2.10e-42	176
ERR3077555.sra.2655	NC_021040_348381_351031	78.431	102	14	4	2778	2872	2598	2498	5.30e-12	75.2
ERR3077555.sra.2658	NC_021009_505857_508732	87.302	63	5	3	1628	1687	203	265	4.76e-10	68.0
ERR3077555.sra.2666	NC_022604_535772_537326	81.499	1054	84	60	112	1074	1034	1	0.0	852
ERR3077555.sra.2736	NC_017673_449361_451191	87.742	1395	65	56	1607	2917	1829	457	0.0	1588
ERR3077555.sra.2751	gi|313767999|ref|NC_014765.1|_Bathycoccus_sp._RCC1105_virus_BpV1,_complete_genome	73.885	157	32	5	717	868	11417	11265	5.72e-15	84.2
ERR3077555.sra.2837	NC_017673_449361_451191	81.885	541	42	25	2764	3251	1831	1294	2.19e-131	471
ERR3077555.sra.2921	NC_021009_505857_508732	72.659	267	56	14	2156	2413	182	440	2.68e-21	105
ERR3077555.sra.2978	NC_022226_483035_484865	83.251	1827	107	103	751	2413	1792	1	0.0	1635
ERR3077555.sra.3022	NC_017673_449361_451191	85.782	1688	88	71	1269	2820	1680	9	0.0	1779
ERR3077555.sra.3022	NC_017673_449361_451191	90.206	194	6	8	1002	1188	1831	1644	6.88e-62	241
ERR3077555.sra.3110	NC_017673_449361_451191	86.681	1877	118	72	347	2137	1	1831	0.0	2053
ERR3077555.sra.3303	NC_022226_483035_484865	80.530	1849	162	98	1287	2973	1813	1	0.0	1451
ERR3077555.sra.3521	gi|119964534|ref|NC_008725.1|_Maruca_vitrata_MNPV,_complete_genome	86.000	50	6	1	2751	2800	85411	85363	6.53e-06	55.4
ERR3077555.sra.3540	gi|700074740|ref|NC_025355.1|_Tailam_virus_strain_TL8K,_complete_genome	86.667	45	6	0	2962	3006	10772	10816	5.25e-06	55.4
ERR3077555.sra.3563	gi|310830989|ref|NC_014637.1|_Cafeteria_roenbergensis_virus_BV-PW1,_complete_genome	74.074	108	23	4	1093	1196	260529	260423	4.86e-06	55.4
ERR3077555.sra.3602	NC_017673_449361_451191	84.870	1421	84	71	53	1383	452	1831	0.0	1391
ERR3077555.sra.3724	NC_017673_449361_451191	78.681	910	88	45	65	884	938	1831	0.0	659
ERR3077555.sra.3751	NC_017673_449361_451191	70.703	1594	144	109	584	1858	1591	2	8.40e-161	569
ERR3077555.sra.3752	NC_017673_449361_451191	79.700	601	53	30	1452	1998	1831	1246	2.44e-128	461
ERR3077555.sra.3768	gi|30844336|ref|NC_003663.2|_Cowpox_virus,_complete_genome	82.812	64	4	4	1603	1666	10341	10397	3.42e-06	55.4
ERR3077555.sra.3843	NC_021670_551557_553097	80.114	704	58	37	84	711	503	1200	1.18e-153	545
ERR3077555.sra.3991	NC_017347_522050_523611	89.189	111	10	1	47	155	114	4	1.35e-32	143
ERR3077555.sra.4073	EF463060	77.581	1240	95	69	1676	2761	1444	234	0.0	838
ERR3077555.sra.4097	NC_021040_348381_351031	79.381	97	12	4	3766	3855	2598	2503	7.88e-12	75.2
ERR3077555.sra.4106	NC_017673_449361_451191	76.673	523	30	34	2406	2840	1679	1161	6.27e-87	324
ERR3077555.sra.4106	NC_017673_449361_451191	86.667	180	5	8	2183	2344	1829	1651	6.28e-49	197
ERR3077555.sra.4119	NC_017673_449361_451191	86.303	1869	88	82	331	2087	1	1813	0.0	1999
ERR3077555.sra.4128	gi|310830989|ref|NC_014637.1|_Cafeteria_roenbergensis_virus_BV-PW1,_complete_genome	69.231	208	45	11	869	1071	435068	434875	5.41e-06	55.4
ERR3077555.sra.4177	NC_021040_348381_351031	74.627	134	25	5	346	474	2469	2598	2.13e-12	75.2
ERR3077555.sra.4350	NC_017673_449361_451191	85.366	287	10	16	63	327	1555	1831	1.55e-75	286
ERR3077555.sra.4357	NC_022226_483035_484865	87.599	1645	76	66	1917	3455	1623	1	0.0	1867
ERR3077555.sra.4357	NC_022226_483035_484865	81.967	122	12	8	1629	1741	1813	1693	8.41e-18	95.1
ERR3077555.sra.4387	NC_017673_449361_451191	85.510	1891	111	87	152	1942	1	1828	0.0	1930
ERR3077555.sra.4453	NC_022604_535772_537326	85.185	459	27	23	1677	2105	1	448	1.09e-126	455
ERR3077555.sra.4555	NC_017673_449361_451191	91.398	186	7	5	52	231	1429	1611	8.71e-65	250
ERR3077555.sra.4555	NC_017673_449361_451191	83.212	137	9	7	422	546	1696	1830	2.50e-27	125
ERR3077555.sra.4576	NC_022604_535772_537326	82.075	106	6	7	2144	2238	1	104	2.28e-15	86.0
ERR3077555.sra.4686	AE015929	81.084	1586	126	82	499	1942	1554	1	0.0	1296
ERR3077555.sra.4702	NC_021020_589522_591540	75.424	118	17	5	162	267	252	135	5.15e-11	71.6
ERR3077555.sra.4759	AE015929	84.533	1584	123	63	174	1665	1	1554	0.0	1579
ERR3077555.sra.4767	gi|9629210|ref|NC_001782.1|_Saccharomyces_cerevisiae_killer_virus_M1,_complete_genome	90.426	94	7	1	754	847	1199	1108	7.28e-28	127
ERR3077555.sra.4819	AE015929	76.918	1512	162	83	446	1774	10	1517	0.0	948
ERR3077555.sra.4820	NC_020450_475434_475549	96.970	33	1	0	2580	2612	57	25	7.28e-06	55.4
ERR3077555.sra.4829	NC_022604_535772_537326	78.650	726	49	43	33	661	726	10	2.82e-144	513
ERR3077555.sra.4861	NC_017347_522050_523611	84.842	475	34	22	71	520	462	1	2.08e-130	468
ERR3077555.sra.4903	NC_017342_3586_5125	86.113	1577	98	71	811	2305	1539	2	0.0	1645
ERR3077555.sra.4947	NC_021350_359864_361325	75.248	101	25	0	2262	2362	1461	1361	1.86e-10	69.8
ERR3077555.sra.4952	NC_017342_3586_5125	85.308	878	43	45	31	832	673	1540	0.0	877
ERR3077555.sra.5034	NC_022226_483035_484865	88.819	1422	67	60	892	2248	1680	286	0.0	1662
ERR3077555.sra.5034	NC_022226_483035_484865	92.308	169	5	5	650	811	1815	1648	2.42e-59	232
ERR3077555.sra.5193	NC_017673_449361_451191	83.784	296	21	17	3024	3295	1831	1539	1.71e-69	266
ERR3077555.sra.5294	NC_022226_483035_484865	89.245	1218	50	49	1703	2849	1796	589	0.0	1462
ERR3077555.sra.5314	NC_022226_483035_484865	85.853	1852	93	89	514	2237	1813	3	0.0	1914
ERR3077555.sra.5327	gi|506498026|ref|NC_021247.1|_Adoxophyes_honmai_enomopoxvirus_'L',_complete_genome	87.234	47	4	1	3329	3375	56384	56340	6.32e-06	55.4
ERR3077555.sra.5364	gi|441431943|ref|NC_020104.1|_Acanthamoeba_polyphaga_moumouvirus,_complete_genome	71.658	187	40	7	728	907	474920	474740	3.32e-13	78.8
ERR3077555.sra.5364	gi|441431943|ref|NC_020104.1|_Acanthamoeba_polyphaga_moumouvirus,_complete_genome	71.622	148	30	7	782	922	290827	290969	1.08e-06	57.2
ERR3077555.sra.5410	NC_022226_483035_484865	87.715	1864	82	81	1403	3170	1	1813	0.0	2100
ERR3077555.sra.5435	gi|310830989|ref|NC_014637.1|_Cafeteria_roenbergensis_virus_BV-PW1,_complete_genome	83.077	65	9	2	2030	2093	127404	127467	1.34e-07	60.8
ERR3077555.sra.5495	gi|441431943|ref|NC_020104.1|_Acanthamoeba_polyphaga_moumouvirus,_complete_genome	75.676	111	26	1	1329	1438	474737	474847	5.04e-12	75.2
ERR3077555.sra.5495	gi|441431943|ref|NC_020104.1|_Acanthamoeba_polyphaga_moumouvirus,_complete_genome	71.304	115	32	1	1325	1438	290959	290845	4.72e-06	55.4
ERR3077555.sra.5554	NC_021350_359864_361325	69.582	263	60	11	2004	2252	1031	1287	2.85e-14	82.4
ERR3077555.sra.5586	NC_021839_1492052_1493604	82.983	1569	160	56	660	2147	4	1546	0.0	1471
ERR3077555.sra.5605	gi|441431943|ref|NC_020104.1|_Acanthamoeba_polyphaga_moumouvirus,_complete_genome	82.812	64	10	1	603	666	81921	81983	3.63e-08	62.6
ERR3077555.sra.5605	gi|441431943|ref|NC_020104.1|_Acanthamoeba_polyphaga_moumouvirus,_complete_genome	80.303	66	12	1	603	668	81891	81955	1.54e-06	57.2
ERR3077555.sra.5636	NC_021350_359864_361325	72.727	319	72	9	95	401	1147	1462	1.18e-36	156
ERR3077555.sra.5746	NC_017673_449361_451191	85.853	926	62	33	69	956	927	1821	0.0	993
ERR3077555.sra.5847	NC_021350_359864_361325	70.000	320	82	10	2722	3029	1142	1459	3.01e-23	113
ERR3077555.sra.5869	NC_022604_535772_537326	90.411	730	24	22	35	724	724	1	0.0	944
ERR3077555.sra.5896	NC_017347_522050_523611	84.685	111	12	5	2338	2445	1	109	2.62e-21	105
ERR3077555.sra.5900	AE015929	82.234	1576	126	75	2327	3785	1	1539	0.0	1380
ERR3077555.sra.5988	NC_022113_452808_454347	84.915	1359	75	64	95	1347	1335	1	0.0	1355
ERR3077555.sra.6026	NC_007793_512890_514444	87.805	861	36	36	73	868	857	1	0.0	980
ERR3077555.sra.6058	NC_007793_512890_514444	89.268	1584	62	63	921	2426	2	1555	0.0	1903
ERR3077555.sra.6163	NC_020450_475434_475549	96.970	33	1	0	701	733	57	25	3.30e-06	55.4
ERR3077555.sra.6172	gi|441431943|ref|NC_020104.1|_Acanthamoeba_polyphaga_moumouvirus,_complete_genome	80.612	98	19	0	1692	1789	474849	474752	7.18e-17	91.5
ERR3077555.sra.6172	gi|441431943|ref|NC_020104.1|_Acanthamoeba_polyphaga_moumouvirus,_complete_genome	72.028	143	35	3	1680	1818	290828	290969	2.35e-10	69.8
ERR3077555.sra.6172	gi|441431943|ref|NC_020104.1|_Acanthamoeba_polyphaga_moumouvirus,_complete_genome	82.456	57	9	1	798	854	476172	476117	5.17e-06	55.4
ERR3077555.sra.6197	NC_017673_449361_451191	79.963	1632	131	98	764	2221	1617	8	0.0	1204
ERR3077555.sra.6197	NC_017673_449361_451191	93.571	140	1	6	543	675	1829	1691	2.94e-47	192
ERR3077555.sra.6213	NC_007793_512890_514444	84.669	724	49	37	2040	2705	1	720	0.0	695
ERR3077555.sra.6215	NC_017342_3586_5125	84.719	1564	87	69	558	1993	1	1540	0.0	1570
ERR3077555.sra.6217	NC_022113_452808_454347	84.157	688	41	31	105	731	681	1	0.0	672
ERR3077555.sra.6263	NC_007793_512890_514444	86.460	805	38	40	139	894	783	1	0.0	845
ERR3077555.sra.6295	NC_016912_448817_450376	84.153	1565	90	74	193	1604	1560	1	0.0	1514
ERR3077555.sra.6317	NC_021040_348381_351031	71.654	127	23	5	207	322	2469	2593	1.51e-06	57.2
ERR3077555.sra.6346	gi|314055095|ref|NC_014789.1|_Ostreococcus_tauri_virus_2,_complete_genome	75.281	89	21	1	2143	2230	9315	9403	3.67e-07	59.0
ERR3077555.sra.6349	NC_010079_512793_514332	86.128	1002	58	45	999	1928	1540	548	0.0	1050
ERR3077555.sra.6385	NC_017673_449361_451191	86.689	586	26	23	63	606	1256	1831	0.0	648
ERR3077555.sra.6537	NC_022226_483035_484865	82.761	1601	110	80	93	1565	1571	9	0.0	1433
ERR3077555.sra.6587	NC_017347_522050_523611	74.274	723	78	52	1161	1799	1562	864	9.44e-89	329
ERR3077555.sra.6757	NC_017347_522050_523611	75.796	471	54	29	2131	2553	3	461	1.97e-67	259
ERR3077555.sra.6805	gi|228861590|ref|NC_012639.1|_Euproctis_pseudoconspersa_nucleopolyhedrovirus,_complete_genome	76.316	76	18	0	35	110	9166	9091	1.53e-06	57.2
ERR3077555.sra.6899	NC_007793_512890_514444	85.153	1475	95	70	1097	2487	1	1435	0.0	1469
ERR3077555.sra.6933	NC_021350_359864_361325	66.216	444	114	15	1288	1707	1031	1462	3.14e-16	89.7
ERR3077555.sra.6954	NC_017673_449361_451191	75.231	1837	227	121	500	2167	36	1813	0.0	922
ERR3077555.sra.6961	gi|170676268|ref|NC_010489.1|_Tomato_zonate_spot_virus_segment_S,_complete_sequence	81.081	74	12	1	1806	1877	2254	2327	6.78e-10	68.0
ERR3077555.sra.7003	NC_017342_3586_5125	84.815	1429	97	63	2248	3579	1	1406	0.0	1424
ERR3077555.sra.7010	NC_022604_535772_537326	80.382	994	79	53	583	1473	1	981	0.0	780
ERR3077555.sra.7170	NC_021040_348381_351031	81.667	120	16	4	352	466	2480	2598	1.11e-21	105
ERR3077555.sra.7287	NC_022226_483035_484865	83.162	1164	99	53	78	1183	689	1813	0.0	1068
ERR3077555.sra.7294	NC_021839_1492052_1493604	79.145	1568	191	69	264	1710	1553	1	0.0	1166
ERR3077555.sra.7335	NC_022226_483035_484865	81.332	1591	111	83	1285	2711	6	1574	0.0	1326
ERR3077555.sra.7364	gi|313767999|ref|NC_014765.1|_Bathycoccus_sp._RCC1105_virus_BpV1,_complete_genome	68.610	223	42	12	2050	2250	11282	11498	4.47e-07	59.0
ERR3077555.sra.7378	NC_022226_483035_484865	80.403	1041	60	56	1385	2291	1813	783	0.0	839
ERR3077555.sra.7514	NC_022604_535772_537326	85.217	230	14	12	37	246	230	1	1.58e-57	226
ERR3077555.sra.7805	NC_022442_495034_496588	78.571	1078	84	62	95	1036	483	1549	0.0	756
ERR3077555.sra.7812	NC_022442_495034_496588	75.032	793	69	55	1691	2362	1256	472	5.62e-112	407
ERR3077555.sra.7906	NC_017673_449361_451191	90.320	1064	32	37	2773	3779	1680	631	0.0	1352
ERR3077555.sra.7906	NC_017673_449361_451191	90.196	153	6	7	2526	2671	1813	1663	5.27e-45	185
ERR3077555.sra.7914	NC_017342_3586_5125	85.650	1547	77	72	286	1696	3	1540	0.0	1595
ERR3077555.sra.7933	NC_009632_541500_543044	76.289	1455	147	89	2026	3305	1439	8	0.0	847
ERR3077555.sra.7956	NC_017341_525714_527253	83.980	1573	97	76	309	1761	2	1539	0.0	1498
ERR3077555.sra.7970	NC_017351_503713_505252	86.772	1081	56	46	72	1090	485	1540	0.0	1177
ERR3077555.sra.7985	NC_017673_449361_451191	86.603	418	23	22	79	474	1199	1605	1.71e-119	432
ERR3077555.sra.7985	NC_017673_449361_451191	88.060	134	6	6	655	781	1699	1829	2.39e-35	152
ERR3077555.sra.8004	NC_022442_495034_496588	83.915	516	31	25	3000	3471	302	809	2.50e-137	491
ERR3077555.sra.8004	NC_022442_495034_496588	83.957	187	8	10	2796	2966	1	181	7.20e-43	178
ERR3077555.sra.8011	NC_017673_449361_451191	73.582	670	72	46	1911	2488	1831	1175	2.23e-79	298
ERR3077555.sra.8074	NC_021040_348381_351031	81.000	100	16	3	2401	2499	2598	2501	9.32e-15	84.2
ERR3077555.sra.8105	AE015929	83.924	1524	92	79	675	2054	1515	1	0.0	1425
ERR3077555.sra.8139	NC_016912_448817_450376	74.382	1577	158	93	77	1424	1560	1	0.0	825
ERR3077555.sra.8206	NC_007793_512890_514444	86.534	1411	80	65	73	1386	1398	1	0.0	1494
ERR3077555.sra.8232	gi|441431943|ref|NC_020104.1|_Acanthamoeba_polyphaga_moumouvirus,_complete_genome	80.000	120	19	2	2168	2286	474737	474852	8.59e-21	104
ERR3077555.sra.8232	gi|441431943|ref|NC_020104.1|_Acanthamoeba_polyphaga_moumouvirus,_complete_genome	71.429	161	36	3	2129	2283	290999	290843	3.42e-13	78.8
ERR3077555.sra.8289	gi|506497718|ref|NC_021246.1|_Mythimna_separata_entomopoxvirus_'L',_complete_genome	80.000	85	12	5	2482	2561	259499	259583	4.76e-07	59.0
ERR3077555.sra.8311	NC_022442_495034_496588	67.826	460	43	27	909	1270	584	1036	1.40e-30	136
ERR3077555.sra.8311	NC_022442_495034_496588	75.455	110	7	7	589	680	105	212	7.23e-09	64.4
ERR3077555.sra.8331	NC_022604_535772_537326	83.479	799	67	37	154	902	784	1	0.0	738
ERR3077555.sra.8370	NC_007793_512890_514444	87.962	1379	61	59	1276	2585	1	1343	0.0	1568
ERR3077555.sra.8377	gi|157953191|ref|NC_009899.1|_Paramecium_bursaria_Chlorella_virus_AR158,_complete_genome	80.952	63	11	1	1036	1098	172274	172213	1.67e-06	57.2
ERR3077555.sra.8565	gi|308814349|ref|NC_014594.1|_Tomato_leaf_curl_Bangladesh_betasatellite,_complete_genome	72.642	106	27	1	9	114	837	734	3.41e-07	59.0
ERR3077555.sra.8570	gi|30844336|ref|NC_003663.2|_Cowpox_virus,_complete_genome	81.429	70	8	3	1018	1086	10407	10342	3.45e-07	59.0
ERR3077555.sra.8588	NC_017673_449361_451191	79.839	124	10	7	187	297	1697	1818	1.42e-17	93.3
ERR3077555.sra.8630	NC_020450_475434_475549	96.970	33	1	0	1784	1816	25	57	3.73e-06	55.4
ERR3077555.sra.8639	NC_017347_522050_523611	79.862	1018	54	60	63	933	1014	1	0.0	778
ERR3077555.sra.8675	NC_021350_359864_361325	72.764	246	55	8	485	722	1462	1221	1.38e-24	116
ERR3077555.sra.8705	NC_017347_522050_523611	84.840	719	39	36	57	712	712	1	0.0	706
ERR3077555.sra.8732	gi|543145307|ref|NC_022332.1|_Eel_picornavirus_1_strain_F15_05,_complete_genome	81.818	88	11	1	12	94	7539	7452	9.05e-16	87.8
ERR3077555.sra.8753	NC_017673_449361_451191	70.930	1290	114	101	984	2030	1618	347	9.69e-115	416
ERR3077555.sra.8753	NC_017673_449361_451191	82.639	144	8	10	704	833	1831	1691	3.63e-25	118
ERR3077555.sra.8829	NC_017673_449361_451191	88.966	1441	51	54	705	2057	1623	203	0.0	1736
ERR3077555.sra.8829	NC_017673_449361_451191	95.804	143	0	4	397	537	1829	1691	1.40e-55	219
ERR3077555.sra.8930	NC_022442_495034_496588	80.641	873	60	55	1226	2011	41	891	0.0	663
ERR3077555.sra.8931	AE015929	84.050	953	71	44	596	1481	612	1550	0.0	908
ERR3077555.sra.8931	AE015929	85.029	521	40	25	94	581	12	527	8.25e-143	509
ERR3077555.sra.8957	NC_017347_522050_523611	91.379	116	1	4	81	189	114	1	4.61e-36	154
ERR3077555.sra.9020	NC_021350_359864_361325	76.027	146	27	5	3203	3343	1211	1353	8.80e-17	91.5
ERR3077555.sra.9034	gi|441431943|ref|NC_020104.1|_Acanthamoeba_polyphaga_moumouvirus,_complete_genome	78.761	113	22	2	3342	3454	474763	474873	3.24e-16	89.7
ERR3077555.sra.9034	gi|441431943|ref|NC_020104.1|_Acanthamoeba_polyphaga_moumouvirus,_complete_genome	72.956	159	32	5	3309	3458	290968	290812	1.68e-13	80.6
ERR3077555.sra.9239	NC_017347_522050_523611	80.702	114	6	6	2820	2920	4	114	5.65e-18	95.1
ERR3077555.sra.9256	NC_017351_503713_505252	87.491	1415	62	65	604	1935	1	1383	0.0	1564
ERR3077555.sra.9265	NC_009782_531922_533476	78.922	1224	99	76	52	1144	1197	2	0.0	845
ERR3077555.sra.9301	gi|508181800|ref|NC_021312.1|_Phaeocystis_globosa_virus_strain_16T,_complete_genome	78.378	74	15	1	1955	2028	182767	182839	4.59e-07	59.0
ERR3077555.sra.9322	gi|116326687|ref|NC_008518.1|_Trichoplusia_ni_ascovirus_2c,_complete_genome	84.127	63	6	4	2552	2612	86646	86586	5.90e-06	55.4
ERR3077555.sra.9372	gi|506497718|ref|NC_021246.1|_Mythimna_separata_entomopoxvirus_'L',_complete_genome	72.358	123	25	5	807	922	249766	249646	5.52e-06	55.4
ERR3077555.sra.9399	NC_017673_449361_451191	87.375	1196	54	49	1023	2134	1829	647	0.0	1342
ERR3077555.sra.9416	NC_017673_449361_451191	78.912	147	12	6	58	188	1688	1831	1.07e-24	116
ERR3077555.sra.9430	EF463060	83.098	1343	104	61	78	1311	1334	6	0.0	1234
ERR3077555.sra.9434	NC_021350_359864_361325	84.746	59	9	0	661	719	1290	1232	2.93e-09	66.2
ERR3077555.sra.9499	gi|113200747|ref|NC_008300.1|_Melon_yellow_spot_virus_segment_S,_complete_sequence	82.759	58	8	1	217	272	1956	1899	9.25e-07	57.2
ERR3077555.sra.9523	gi|148828660|ref|NC_009560.1|_Tomato_yellow_leaf_curl_Vietnam_virus_satellite_DNA_beta,_complete_genome	76.744	86	20	0	8	93	1010	925	3.44e-09	66.2
ERR3077555.sra.9535	NC_022604_535772_537326	91.284	218	8	9	3727	3939	1	212	1.13e-72	277
ERR3077555.sra.9541	NC_017673_449361_451191	87.287	1644	74	66	453	1986	5	1623	0.0	1847
ERR3077555.sra.9541	NC_017673_449361_451191	93.893	131	3	4	2166	2293	1703	1831	1.16e-45	187
ERR3077555.sra.9587	gi|12084983|ref|NC_002642.1|_Yaba-like_disease_virus,_complete_genome	80.000	65	11	1	2574	2636	68576	68512	1.81e-06	57.2
ERR3077555.sra.9590	NC_020450_475434_475549	96.970	33	1	0	1853	1885	25	57	5.71e-06	55.4
ERR3077555.sra.9593	NC_017673_449361_451191	91.039	1328	39	41	920	2187	1831	524	0.0	1746
ERR3077555.sra.9606	NC_022604_535772_537326	85.586	111	9	5	2382	2488	1	108	1.77e-23	113
ERR3077555.sra.9775	NC_017673_449361_451191	77.644	1740	146	99	754	2264	1831	106	0.0	1157
ERR3077555.sra.9807	NC_021350_359864_361325	69.551	312	73	13	461	760	1446	1145	7.19e-19	96.9
ERR3077555.sra.9821	NC_022604_535772_537326	82.432	370	26	22	64	400	370	7	3.72e-83	311
ERR3077555.sra.9822	NC_017673_449361_451191	83.708	534	41	25	509	1002	1831	1304	1.36e-140	500
ERR3077555.sra.9827	NC_020450_475434_475549	96.970	33	1	0	2222	2254	57	25	4.66e-06	55.4
ERR3077555.sra.9860	NC_017347_522050_523611	90.254	472	20	17	66	519	464	1	2.09e-167	590
ERR3077555.sra.9878	gi|363539767|ref|NC_016072.1|_Megavirus_chiliensis,_complete_genome	77.528	89	19	1	2309	2397	865421	865334	7.56e-10	68.0
ERR3077555.sra.9892	NC_017342_3586_5125	85.517	1519	87	64	339	1747	38	1533	0.0	1579
ERR3077555.sra.9898	gi|441431943|ref|NC_020104.1|_Acanthamoeba_polyphaga_moumouvirus,_complete_genome	78.049	82	12	4	1371	1451	81906	81982	3.70e-06	55.4
ERR3077555.sra.9942	NC_022226_483035_484865	88.615	1827	72	70	1265	2974	1808	1	0.0	2165
ERR3077555.sra.9943	gi|9631294|ref|NC_001993.1|_Melanoplus_sanguinipes_entomopoxvirus,_complete_genome	71.429	133	24	6	1669	1800	144629	144748	5.27e-06	55.4
ERR3077555.sra.9950	gi|472342562|ref|NC_020864.1|_Micromonas_pusilla_virus_12T_genomic_sequence	80.328	61	12	0	3800	3860	166755	166695	1.95e-06	57.2
ERR3077555.sra.9956	NC_021350_359864_361325	73.984	246	50	7	2450	2686	1222	1462	2.74e-30	136
ERR3077555.sra.9969	NC_022226_483035_484865	79.060	1681	162	101	1309	2857	1	1623	0.0	1160
ERR3077555.sra.9969	NC_022226_483035_484865	86.992	123	11	2	3030	3147	1691	1813	3.91e-33	145
ERR3077555.sra.9980	gi|441431943|ref|NC_020104.1|_Acanthamoeba_polyphaga_moumouvirus,_complete_genome	73.034	178	40	4	1606	1776	290988	290812	5.60e-18	95.1
ERR3077555.sra.9980	gi|441431943|ref|NC_020104.1|_Acanthamoeba_polyphaga_moumouvirus,_complete_genome	74.675	154	33	4	1635	1784	474737	474888	2.38e-16	89.7
ERR3077555.sra.10006	NC_017673_449361_451191	89.314	627	16	24	2281	2867	1680	1065	0.0	767
ERR3077555.sra.10006	NC_017673_449361_451191	90.270	185	9	4	2017	2193	1831	1648	1.71e-62	242
ERR3077555.sra.10048	gi|363539767|ref|NC_016072.1|_Megavirus_chiliensis,_complete_genome	74.101	139	28	5	870	1002	602869	602733	1.90e-11	73.4
ERR3077555.sra.10052	gi|529153477|ref|NC_021925.1|_Choristoneura_occidentalis_alphabaculovirus,_complete_genome	86.667	45	6	0	1357	1401	55622	55666	4.85e-06	55.4
ERR3077555.sra.10071	NC_022113_452808_454347	86.895	1549	88	63	61	1514	1529	1	0.0	1698
ERR3077555.sra.10178	NC_007793_512890_514444	86.735	1568	58	63	516	1949	1552	1	0.0	1741
ERR3077555.sra.10200	gi|506497718|ref|NC_021246.1|_Mythimna_separata_entomopoxvirus_'L',_complete_genome	75.455	110	19	5	1490	1592	58089	58197	2.87e-08	62.6
ERR3077555.sra.10220	NC_020450_475434_475549	81.176	85	13	2	1587	1668	19	103	6.48e-12	75.2
ERR3077555.sra.10437	NC_017673_449361_451191	91.045	67	4	2	84	148	1755	1821	4.23e-16	87.8
ERR3077555.sra.10491	NC_017673_449361_451191	84.615	884	56	45	69	909	970	1816	0.0	850
ERR3077555.sra.10501	NC_022604_535772_537326	84.726	838	47	42	2	764	833	2	0.0	818
ERR3077555.sra.10634	NC_007793_512890_514444	88.850	1139	51	42	1825	2918	1	1108	0.0	1361
ERR3077555.sra.10684	NC_017347_522050_523611	90.351	114	4	4	3328	3437	4	114	4.19e-33	145
ERR3077555.sra.10739	NC_007793_512890_514444	87.438	1401	65	55	52	1360	1382	1	0.0	1586
ERR3077555.sra.10801	gi|57753434|ref|NC_006633.1|_Cotesia_congregata_virus_complete_genome,_segment_Circle1	83.636	55	8	1	3369	3423	11275	11328	6.12e-06	55.4
ERR3077555.sra.10885	NC_017351_503713_505252	85.751	1565	73	71	1588	3027	1540	1	0.0	1633
ERR3077555.sra.10985	gi|314055095|ref|NC_014789.1|_Ostreococcus_tauri_virus_2,_complete_genome	70.543	258	62	9	1454	1703	9476	9225	5.46e-18	95.1
ERR3077555.sra.11081	NC_002745_506161_507715	77.557	704	63	43	2841	3456	1	697	7.62e-125	450
ERR3077555.sra.11157	gi|76253626|ref|NC_007415.1|_Sclerotinia_sclerotiorum_debilitation-associated_RNA_virus,_complete_genome	79.221	77	1	1	1495	1571	5470	5409	1.26e-12	77.0
ERR3077555.sra.11158	NC_017673_449361_451191	76.952	807	70	57	101	804	830	1623	1.81e-129	464
ERR3077555.sra.11158	NC_017673_449361_451191	92.000	125	3	5	965	1083	1708	1831	2.36e-39	165
ERR3077555.sra.11210	NC_009632_541500_543044	78.099	1589	150	93	859	2299	1539	1	0.0	1056
ERR3077555.sra.11268	EF463060	87.752	1486	64	57	307	1720	3	1442	0.0	1710
ERR3077555.sra.11321	NC_017673_449361_451191	88.704	301	20	9	2956	3248	1667	1373	2.85e-98	361
ERR3077555.sra.11321	NC_017673_449361_451191	91.005	189	9	7	2688	2869	1831	1644	6.72e-62	241
ERR3077555.sra.11390	NC_020450_475434_475549	96.970	33	1	0	855	887	25	57	3.29e-06	55.4
ERR3077555.sra.11433	NC_017139_69712_71266	80.252	1585	145	81	888	2338	1553	3	0.0	1234
ERR3077555.sra.11460	gi|345107188|ref|NC_015960.1|_Yoka_poxvirus,_complete_genome	83.871	62	7	2	903	964	9937	9879	9.74e-08	60.8
ERR3077555.sra.11461	gi|472342562|ref|NC_020864.1|_Micromonas_pusilla_virus_12T_genomic_sequence	84.000	50	8	0	94	143	166744	166695	4.32e-06	55.4
ERR3077555.sra.11472	gi|113200747|ref|NC_008300.1|_Melon_yellow_spot_virus_segment_S,_complete_sequence	76.842	95	19	2	29	122	1875	1967	2.30e-09	66.2
ERR3077555.sra.11583	NC_017347_522050_523611	98.485	66	1	0	48	113	66	1	5.93e-24	114
ERR3077555.sra.11593	gi|313767999|ref|NC_014765.1|_Bathycoccus_sp._RCC1105_virus_BpV1,_complete_genome	71.491	228	51	8	1176	1392	11265	11489	5.56e-18	95.1
ERR3077555.sra.11599	NC_002758_530475_532029	78.961	1597	139	91	74	1529	1541	1	0.0	1133
ERR3077555.sra.11619	NC_017342_3586_5125	88.967	1559	60	59	920	2385	1	1540	0.0	1871
ERR3077555.sra.11622	NC_017351_503713_505252	88.697	1566	63	60	692	2171	2	1539	0.0	1858
ERR3077555.sra.11668	NC_021839_1492052_1493604	83.060	1588	147	55	2134	3640	1553	7	0.0	1514
ERR3077555.sra.11669	gi|21426072|ref|NC_004003.1|_Goatpox_virus_Pellor,_complete_genome	88.372	43	5	0	2355	2397	22174	22216	4.12e-06	55.4
ERR3077555.sra.11673	NC_002976_105734_107287	86.367	1577	87	71	359	1830	1554	1	0.0	1671
ERR3077555.sra.11714	gi|313767999|ref|NC_014765.1|_Bathycoccus_sp._RCC1105_virus_BpV1,_complete_genome	70.667	225	59	6	406	624	11266	11489	6.23e-16	87.8
ERR3077555.sra.11752	NC_021350_359864_361325	75.221	113	20	5	1285	1389	1332	1220	2.69e-08	62.6
ERR3077555.sra.11856	NC_017673_449361_451191	86.549	1866	101	71	728	2480	1831	3	0.0	2049
ERR3077555.sra.11895	gi|441431943|ref|NC_020104.1|_Acanthamoeba_polyphaga_moumouvirus,_complete_genome	71.779	163	35	5	1690	1842	474737	474898	3.67e-12	75.2
ERR3077555.sra.11895	gi|441431943|ref|NC_020104.1|_Acanthamoeba_polyphaga_moumouvirus,_complete_genome	71.338	157	32	8	1679	1824	290966	290812	9.84e-07	57.2
ERR3077555.sra.11903	NC_017673_449361_451191	81.735	657	55	29	1250	1843	1829	1175	4.98e-162	572
ERR3077555.sra.11958	NC_017673_449361_451191	87.475	998	54	39	2848	3787	1831	847	0.0	1124
ERR3077555.sra.11980	gi|9631294|ref|NC_001993.1|_Melanoplus_sanguinipes_entomopoxvirus,_complete_genome	75.862	87	16	2	157	242	34109	34027	5.27e-07	59.0
ERR3077555.sra.11988	NC_021350_359864_361325	72.362	199	44	6	1879	2068	1265	1461	5.71e-18	95.1
ERR3077555.sra.12008	NC_022604_535772_537326	83.019	371	27	20	60	395	370	1	3.86e-88	327
ERR3077555.sra.12060	NC_021350_359864_361325	78.049	164	32	4	393	554	1372	1211	1.38e-25	120
ERR3077555.sra.12070	NC_020450_475434_475549	96.970	33	1	0	3058	3090	57	25	5.86e-06	55.4
ERR3077555.sra.12104	NC_021040_348381_351031	77.174	92	12	5	130	213	2508	2598	1.11e-06	57.2
ERR3077555.sra.12110	gi|170676268|ref|NC_010489.1|_Tomato_zonate_spot_virus_segment_S,_complete_sequence	73.077	104	27	1	2	104	2261	2364	2.76e-07	59.0
ERR3077555.sra.12226	NC_002758_530475_532029	76.471	731	64	46	61	692	1419	698	3.27e-120	434
ERR3077555.sra.12226	NC_002758_530475_532029	70.526	475	47	39	845	1232	475	7	4.28e-30	134
ERR3077555.sra.12299	NC_022226_483035_484865	87.519	1314	56	55	2571	3797	1806	514	0.0	1483
ERR3077555.sra.12305	gi|313767999|ref|NC_014765.1|_Bathycoccus_sp._RCC1105_virus_BpV1,_complete_genome	68.889	225	55	8	1163	1377	11484	11265	8.31e-10	68.0
ERR3077555.sra.12382	gi|441431943|ref|NC_020104.1|_Acanthamoeba_polyphaga_moumouvirus,_complete_genome	77.477	111	20	2	3082	3188	474853	474744	1.18e-14	84.2
ERR3077555.sra.12382	gi|441431943|ref|NC_020104.1|_Acanthamoeba_polyphaga_moumouvirus,_complete_genome	70.548	146	35	4	3050	3188	290804	290948	4.69e-07	59.0
ERR3077555.sra.12402	NC_022604_535772_537326	84.712	713	47	33	1717	2384	2	697	0.0	702
ERR3077555.sra.12419	gi|118496614|ref|NC_008603.1|_Paramecium_bursaria_Chlorella_virus_FR483,_complete_genome	81.356	59	11	0	665	723	19798	19740	1.18e-06	57.2
ERR3077555.sra.12493	gi|114680053|ref|NC_008349.1|_Plutella_xylostella_multiple_nucleopolyhedrovirus,_complete_genome	88.889	45	5	0	1451	1495	97888	97932	5.35e-07	59.0
ERR3077555.sra.12496	NC_010079_512793_514332	85.468	1569	91	71	688	2148	1540	1	0.0	1606
ERR3077555.sra.12520	NC_022226_483035_484865	82.503	1646	103	82	1064	2548	1622	1	0.0	1469
ERR3077555.sra.12520	NC_022226_483035_484865	84.058	69	5	3	923	986	1758	1691	1.12e-09	68.0
ERR3077555.sra.12528	gi|310830989|ref|NC_014637.1|_Cafeteria_roenbergensis_virus_BV-PW1,_complete_genome	69.231	156	29	6	1454	1594	127555	127404	4.04e-06	55.4
ERR3077555.sra.12563	NC_017673_449361_451191	87.602	1718	94	62	1030	2667	1	1679	0.0	1966
ERR3077555.sra.12615	NC_020450_475434_475549	96.970	33	1	0	422	454	57	25	3.26e-06	55.4
ERR3077555.sra.12690	NC_007793_512890_514444	86.982	868	45	37	65	885	709	1555	0.0	951
ERR3077555.sra.12709	NC_017351_503713_505252	84.169	1516	80	72	40	1419	1492	1	0.0	1472
ERR3077555.sra.12710	NC_017347_522050_523611	83.186	113	12	4	3611	3723	4	109	1.14e-21	107
ERR3077555.sra.12713	NC_017673_449361_451191	89.681	533	19	14	1987	2491	1674	1150	0.0	682
ERR3077555.sra.12713	NC_017673_449361_451191	84.656	189	16	6	1718	1894	1831	1644	1.93e-48	196
ERR3077555.sra.12798	NC_022222_460809_462348	85.471	1232	58	62	1211	2366	1	1187	0.0	1245
ERR3077555.sra.12839	NC_010079_512793_514332	86.023	1388	70	67	1742	3033	18	1377	0.0	1438
ERR3077555.sra.12851	gi|15078713|ref|NC_003038.1|_Invertebrate_iridescent_virus_6,_complete_genome	83.019	53	3	1	598	650	183606	183560	1.08e-06	57.2
ERR3077555.sra.12884	NC_022604_535772_537326	72.048	1592	194	111	479	1864	1	1547	2.45e-167	590
ERR3077555.sra.12910	NC_009632_541500_543044	77.390	1088	65	69	108	1025	1543	467	0.0	706
ERR3077555.sra.12926	NC_022604_535772_537326	72.544	1486	140	88	1235	2469	1469	1	0.0	686
ERR3077555.sra.13100	NC_017673_449361_451191	81.311	305	21	18	3352	3624	1785	1485	6.10e-63	244
ERR3077555.sra.13113	NC_009782_531922_533476	78.320	1250	99	75	1369	2460	1	1236	0.0	850
ERR3077555.sra.13133	NC_009782_531922_533476	81.873	662	45	39	2151	2740	1	659	1.03e-153	545
ERR3077555.sra.13166	gi|363539767|ref|NC_016072.1|_Megavirus_chiliensis,_complete_genome	68.605	172	47	4	1119	1285	322366	322197	5.18e-06	55.4
ERR3077555.sra.13215	gi|506498026|ref|NC_021247.1|_Adoxophyes_honmai_enomopoxvirus_'L',_complete_genome	73.214	112	18	5	3606	3713	13047	13150	6.76e-06	55.4
ERR3077555.sra.13233	NC_022442_495034_496588	77.560	869	73	50	80	841	680	1533	1.17e-161	572
ERR3077555.sra.13252	gi|363539767|ref|NC_016072.1|_Megavirus_chiliensis,_complete_genome	70.696	273	61	10	2241	2498	602896	602628	9.58e-21	104
ERR3077555.sra.13351	gi|506497718|ref|NC_021246.1|_Mythimna_separata_entomopoxvirus_'L',_complete_genome	83.333	54	7	1	983	1034	158287	158340	6.34e-06	55.4
ERR3077555.sra.13385	NC_017347_522050_523611	79.680	438	33	28	2650	3038	4	434	1.21e-83	313
ERR3077555.sra.13421	NC_017347_522050_523611	85.115	477	25	22	86	525	468	1	1.44e-134	482
ERR3077555.sra.13458	gi|311977355|ref|NC_014649.1|_Acanthamoeba_polyphaga_mimivirus,_complete_genome	79.012	81	9	5	2231	2307	984407	984331	3.96e-06	55.4
ERR3077555.sra.13525	NC_021009_505857_508732	84.466	103	8	5	2703	2800	180	279	4.84e-19	98.7
ERR3077555.sra.13528	NC_007793_512890_514444	80.367	708	44	44	2754	3377	1	697	1.86e-151	538
ERR3077555.sra.13809	NC_021040_348381_351031	75.610	123	22	6	2593	2709	2598	2478	7.57e-10	68.0
ERR3077555.sra.13865	gi|335352415|ref|NC_015521.1|_Cutthroat_trout_virus,_complete_genome	94.828	58	2	1	1456	1512	7310	7253	6.37e-16	87.8
ERR3077555.sra.13885	NC_010184_9027_10571	84.305	892	75	38	2071	2904	1544	660	0.0	865
ERR3077555.sra.13904	NC_021350_359864_361325	86.567	67	7	2	3704	3769	1222	1287	2.39e-11	73.4
ERR3077555.sra.14027	gi|363539767|ref|NC_016072.1|_Megavirus_chiliensis,_complete_genome	80.645	62	11	1	1869	1930	769140	769200	3.83e-06	55.4
ERR3077555.sra.14199	NC_022113_452808_454347	84.556	1567	82	73	698	2137	1534	1	0.0	1550
ERR3077555.sra.14333	NC_021350_359864_361325	70.181	332	75	14	518	836	1142	1462	4.54e-23	111
ERR3077555.sra.14419	NC_007793_512890_514444	76.570	1592	146	99	101	1502	1	1555	0.0	948
ERR3077555.sra.14444	NC_021350_359864_361325	69.955	223	45	11	2415	2618	1243	1462	9.50e-11	71.6
ERR3077555.sra.14503	gi|448824968|ref|NC_020232.1|_Megavirus_lba_isolate_LBA111,_complete_genome	75.221	113	21	6	2171	2281	1032096	1032203	1.41e-06	57.2
ERR3077555.sra.14556	gi|51949957|ref|NC_006259.1|_Bovine_parvovirus_2,_complete_genome	78.205	78	9	4	211	282	5518	5443	3.73e-06	53.6
ERR3077555.sra.14625	NC_021040_348381_351031	79.310	87	10	4	1786	1865	2593	2508	1.92e-09	66.2
ERR3077555.sra.14818	NC_017341_525714_527253	80.998	1563	108	87	253	1649	1540	1	0.0	1258
ERR3077555.sra.14844	NC_007793_512890_514444	81.410	1135	87	56	2239	3266	1	1118	0.0	955
ERR3077555.sra.14873	gi|441431943|ref|NC_020104.1|_Acanthamoeba_polyphaga_moumouvirus,_complete_genome	77.027	74	14	1	1697	1767	81903	81976	4.68e-06	55.4
ERR3077555.sra.14887	NC_017351_503713_505252	87.042	1420	73	59	4165	5492	1538	138	0.0	1566
ERR3077555.sra.14894	gi|310830989|ref|NC_014637.1|_Cafeteria_roenbergensis_virus_BV-PW1,_complete_genome	84.615	52	7	1	1102	1153	39293	39243	4.26e-06	55.4
ERR3077555.sra.14920	NC_022604_535772_537326	82.684	231	10	12	71	272	230	1	8.42e-53	210
ERR3077555.sra.14948	NC_021350_359864_361325	71.782	202	39	6	356	540	1243	1443	1.90e-18	96.9
ERR3077555.sra.15014	NC_016605_58385_59951	81.627	1328	154	47	155	1423	247	1543	0.0	1164
ERR3077555.sra.15087	gi|506498610|ref|NC_021249.1|_Choristoneura_rosaceana_entomopoxvirus_'L',_complete_genome	73.377	154	36	2	2	155	220888	220740	2.01e-16	89.7
ERR3077555.sra.15122	NC_017673_449361_451191	85.321	1853	111	76	354	2074	1825	2	0.0	1918
ERR3077555.sra.15179	gi|345107188|ref|NC_015960.1|_Yoka_poxvirus,_complete_genome	82.759	58	6	2	1610	1667	31843	31896	4.34e-06	55.4
ERR3077555.sra.15205	gi|363539767|ref|NC_016072.1|_Megavirus_chiliensis,_complete_genome	72.381	105	28	1	1152	1255	166657	166761	5.34e-06	55.4
ERR3077555.sra.15229	NC_021009_505857_508732	81.905	105	16	3	2947	3050	194	296	2.08e-17	93.3
ERR3077555.sra.15249	NC_017673_449361_451191	79.799	698	71	34	2516	3169	1831	1160	7.50e-150	533
ERR3077555.sra.15250	NC_021350_359864_361325	68.482	257	53	9	1160	1396	1211	1459	9.07e-15	84.2
ERR3077555.sra.15304	NC_010079_512793_514332	87.617	1502	65	67	1271	2668	1524	40	0.0	1678
ERR3077555.sra.15316	NC_022113_452808_454347	83.934	1220	77	67	1685	2808	1	1197	0.0	1122
ERR3077555.sra.15323	NC_022604_535772_537326	86.598	97	7	4	45	135	97	1	1.01e-20	104
ERR3077555.sra.15337	NC_021350_359864_361325	70.859	326	72	13	2811	3118	1462	1142	4.38e-26	122
ERR3077555.sra.15350	gi|310830989|ref|NC_014637.1|_Cafeteria_roenbergensis_virus_BV-PW1,_complete_genome	71.429	119	15	5	3557	3660	127404	127518	1.82e-06	57.2
ERR3077555.sra.15485	NC_021350_359864_361325	71.888	249	56	7	83	323	1220	1462	5.14e-24	114
ERR3077555.sra.15511	gi|441431943|ref|NC_020104.1|_Acanthamoeba_polyphaga_moumouvirus,_complete_genome	78.626	131	26	2	1325	1455	474737	474865	7.60e-21	104
ERR3077555.sra.15511	gi|441431943|ref|NC_020104.1|_Acanthamoeba_polyphaga_moumouvirus,_complete_genome	75.301	166	32	5	1299	1461	290979	290820	9.26e-20	100
ERR3077555.sra.15531	NC_017347_522050_523611	84.180	512	29	27	1509	1997	4	486	2.14e-135	484
ERR3077555.sra.15541	CP001015	79.702	1478	148	82	548	1893	1458	1	0.0	1081
ERR3077555.sra.15720	gi|332290587|ref|NC_015467.1|_Groundnut_ringspot_and_Tomato_chlorotic_spot_virus_reassortant_segment_S,_complete_genome	76.543	81	14	2	266	345	1853	1929	1.35e-06	57.2
ERR3077555.sra.15802	NC_022604_535772_537326	78.307	1028	81	63	2769	3659	1	1023	0.0	693
ERR3077555.sra.15824	gi|448826160|ref|NC_020235.1|_Rosellinia_necatrix_partitivirus_2_CP_gene_for_capsid_protein,_complete_cds	84.932	73	5	1	28	100	1825	1759	9.77e-15	84.2
ERR3077555.sra.15927	gi|441431943|ref|NC_020104.1|_Acanthamoeba_polyphaga_moumouvirus,_complete_genome	76.829	82	15	2	871	952	81906	81983	1.65e-06	57.2
ERR3077555.sra.15943	AE015929	85.805	1578	94	66	1001	2483	1	1543	0.0	1656
ERR3077555.sra.15980	NC_022226_483035_484865	83.243	1665	117	79	541	2097	1	1611	0.0	1537
ERR3077555.sra.16046	NC_017673_449361_451191	89.474	171	2	6	51	207	1653	1821	1.95e-54	215
ERR3077555.sra.16122	NC_020450_475434_475549	96.970	33	1	0	384	416	25	57	4.88e-06	55.4
ERR3077555.sra.16148	NC_007793_512890_514444	88.387	1593	92	48	1624	3162	1	1554	0.0	1907
ERR3077555.sra.16160	NC_017347_522050_523611	86.417	508	24	23	2676	3150	1	496	1.43e-152	542
ERR3077555.sra.16173	gi|109255272|ref|NC_008168.1|_Choristoneura_occidentalis_granulovirus,_complete_genome	84.615	52	8	0	1819	1870	81060	81009	3.41e-07	59.0
ERR3077555.sra.16293	NC_022113_452808_454347	88.762	1139	51	38	1036	2115	3	1123	0.0	1375
ERR3077555.sra.16315	gi|345107188|ref|NC_015960.1|_Yoka_poxvirus,_complete_genome	86.000	50	6	1	2616	2664	9869	9918	4.96e-06	55.4
ERR3077555.sra.16349	NC_021040_348381_351031	80.672	119	16	4	2648	2760	2598	2481	1.48e-19	100
ERR3077555.sra.16362	gi|441431943|ref|NC_020104.1|_Acanthamoeba_polyphaga_moumouvirus,_complete_genome	80.282	71	12	2	3035	3104	728016	728085	5.71e-07	59.0
ERR3077555.sra.16391	gi|313767999|ref|NC_014765.1|_Bathycoccus_sp._RCC1105_virus_BpV1,_complete_genome	70.073	137	31	2	3011	3137	11272	11408	4.65e-08	62.6
ERR3077555.sra.16399	gi|448826160|ref|NC_020235.1|_Rosellinia_necatrix_partitivirus_2_CP_gene_for_capsid_protein,_complete_cds	91.429	70	6	0	59	128	1825	1756	1.41e-19	100
ERR3077555.sra.16433	NC_014643_985110_986624	88.325	848	31	41	1668	2468	1515	689	0.0	960
ERR3077555.sra.16445	NC_021350_359864_361325	73.725	255	55	4	1318	1563	1211	1462	6.41e-35	150
ERR3077555.sra.16452	gi|313767999|ref|NC_014765.1|_Bathycoccus_sp._RCC1105_virus_BpV1,_complete_genome	75.373	134	21	8	694	820	11280	11408	6.98e-10	68.0
ERR3077555.sra.16486	NC_017351_503713_505252	84.463	1564	98	66	148	1590	1540	1	0.0	1559
ERR3077555.sra.16548	NC_009632_541500_543044	79.412	1394	94	74	55	1264	1438	54	0.0	1061
ERR3077555.sra.16585	gi|659488383|ref|NC_024447.1|_Pigeonpox_virus_isolate_FeP2,_complete_genome	88.636	44	3	1	1640	1683	85388	85347	3.65e-06	55.4
ERR3077555.sra.16587	NC_017673_449361_451191	80.475	1854	143	103	1042	2724	1	1806	0.0	1445
ERR3077555.sra.16657	NC_022226_483035_484865	80.011	1841	124	112	208	1835	1815	6	0.0	1380
ERR3077555.sra.16725	NC_017337_517908_519462	84.942	1295	56	81	1134	2321	1	1263	0.0	1216
ERR3077555.sra.16754	gi|509139559|ref|NC_021320.1|_Halovirus_HRTV-5,_complete_genome	83.929	56	9	0	2323	2378	55882	55937	1.08e-07	60.8
ERR3077555.sra.16844	NC_022226_483035_484865	86.906	1642	66	72	411	1927	1623	6	0.0	1804
ERR3077555.sra.16844	NC_022226_483035_484865	86.400	125	5	6	119	233	1813	1691	2.14e-29	132
ERR3077555.sra.16845	NC_017673_449361_451191	96.667	90	1	1	2811	2900	1831	1744	1.02e-33	147
ERR3077555.sra.16924	gi|313767999|ref|NC_014765.1|_Bathycoccus_sp._RCC1105_virus_BpV1,_complete_genome	67.841	227	52	7	2448	2656	6912	6689	7.26e-10	68.0
ERR3077555.sra.16952	gi|506498274|ref|NC_021248.1|_Choristoneura_biennis_entomopoxvirus_'L',_complete_genome	83.051	59	8	2	1931	1989	193569	193513	5.93e-06	55.4
ERR3077555.sra.16999	gi|448824968|ref|NC_020232.1|_Megavirus_lba_isolate_LBA111,_complete_genome	76.415	106	17	6	3381	3482	1032091	1032192	5.32e-07	59.0
ERR3077555.sra.17023	NC_022442_495034_496588	75.397	252	22	20	72	288	468	222	1.27e-26	122
ERR3077555.sra.17184	NC_022113_452808_454347	85.940	1394	80	67	434	1756	24	1372	0.0	1433
ERR3077555.sra.17197	NC_017673_449361_451191	86.307	1855	80	87	586	2291	1831	2	0.0	1965
ERR3077555.sra.17214	gi|313767999|ref|NC_014765.1|_Bathycoccus_sp._RCC1105_virus_BpV1,_complete_genome	73.438	128	27	4	924	1048	11366	11489	3.78e-09	66.2
ERR3077555.sra.17233	NC_021009_505857_508732	78.409	88	5	5	59	134	265	180	7.26e-09	64.4
ERR3077555.sra.17285	gi|441431943|ref|NC_020104.1|_Acanthamoeba_polyphaga_moumouvirus,_complete_genome	78.082	73	12	2	1873	1944	840164	840095	3.45e-06	55.4
ERR3077555.sra.17339	gi|363539767|ref|NC_016072.1|_Megavirus_chiliensis,_complete_genome	72.642	106	28	1	1380	1485	166657	166761	1.53e-06	57.2
ERR3077555.sra.17346	NC_017347_522050_523611	81.935	620	45	33	72	628	616	1	9.23e-148	526
ERR3077555.sra.17348	NC_017673_449361_451191	73.929	537	58	37	60	524	1050	1576	4.40e-63	244
ERR3077555.sra.17348	NC_017673_449361_451191	76.963	191	23	13	691	863	1644	1831	7.97e-22	107
ERR3077555.sra.17375	NC_017673_449361_451191	90.138	872	36	36	88	933	984	1831	0.0	1068
ERR3077555.sra.17388	NC_021350_359864_361325	76.154	130	26	3	1693	1822	1226	1350	1.93e-15	86.0
ERR3077555.sra.17404	NC_022442_495034_496588	76.579	649	57	45	33	594	909	1549	2.82e-100	369
ERR3077555.sra.17405	NC_016912_448817_450376	83.908	870	62	43	66	885	719	1560	0.0	814
ERR3077555.sra.17456	NC_021040_348381_351031	79.245	106	15	6	102	202	2493	2596	5.86e-11	71.6
ERR3077555.sra.17476	NC_017673_449361_451191	80.415	434	34	25	82	470	1246	1673	1.23e-89	333
ERR3077555.sra.17476	NC_017673_449361_451191	84.058	138	8	8	589	718	1693	1824	9.51e-28	127
ERR3077555.sra.17640	NC_021009_505857_508732	89.855	69	6	1	3010	3077	192	260	2.55e-16	89.7
ERR3077555.sra.17686	NC_022604_535772_537326	87.535	1059	38	37	67	1057	1033	1	0.0	1232
ERR3077555.sra.17688	NC_022604_535772_537326	85.680	824	42	35	189	953	1	807	0.0	865
ERR3077555.sra.17701	NC_022604_535772_537326	88.849	834	39	25	2055	2861	1	807	0.0	1021
ERR3077555.sra.17730	NC_016912_448817_450376	88.512	1593	56	65	413	1911	1	1560	0.0	1869
ERR3077555.sra.17804	gi|506498274|ref|NC_021248.1|_Choristoneura_biennis_entomopoxvirus_'L',_complete_genome	78.049	82	15	3	2274	2353	202941	203021	1.21e-06	57.2
ERR3077555.sra.17844	NC_017673_449361_451191	85.932	789	39	38	1661	2387	1611	833	0.0	816
ERR3077555.sra.17844	NC_017673_449361_451191	79.310	145	7	9	1355	1480	1831	1691	7.32e-22	107
ERR3077555.sra.17935	NC_017673_449361_451191	82.258	124	10	6	165	276	1691	1814	1.74e-22	109
ERR3077555.sra.17981	NC_022226_483035_484865	86.063	1844	105	76	974	2700	1813	5	0.0	1963
ERR3077555.sra.17992	NC_021350_359864_361325	70.968	248	54	9	3111	3347	1222	1462	8.28e-19	98.7
ERR3077555.sra.18047	gi|827044641|ref|NC_008520.2|_Anticarsia_gemmatalis_nucleopolyhedrovirus,_complete_genome	90.698	43	3	1	312	353	5453	5495	1.44e-06	57.2
ERR3077555.sra.18074	NC_003923_491534_493088	86.661	1102	58	51	73	1103	1099	16	0.0	1175
ERR3077555.sra.18144	gi|441431943|ref|NC_020104.1|_Acanthamoeba_polyphaga_moumouvirus,_complete_genome	72.593	135	26	4	2796	2919	474764	474898	2.96e-10	69.8
ERR3077555.sra.18150	NC_003923_491534_493088	84.075	1595	101	84	761	2253	1	1544	0.0	1490
ERR3077555.sra.18154	NC_021350_359864_361325	70.880	443	102	14	1300	1728	1033	1462	1.34e-43	179
ERR3077555.sra.18268	NC_021350_359864_361325	68.261	230	44	10	1080	1288	1241	1462	8.21e-10	68.0
ERR3077555.sra.18282	NC_017347_522050_523611	81.982	111	8	8	1675	1778	4	109	1.79e-15	86.0
ERR3077555.sra.18298	NC_007793_512890_514444	87.429	1583	91	62	382	1888	1	1551	0.0	1775
ERR3077555.sra.18303	gi|506497718|ref|NC_021246.1|_Mythimna_separata_entomopoxvirus_'L',_complete_genome	86.000	50	6	1	2715	2763	240985	240936	5.86e-06	55.4
ERR3077555.sra.18307	NC_017673_449361_451191	85.875	800	50	31	77	836	1055	1831	0.0	850
ERR3077555.sra.18388	gi|441431943|ref|NC_020104.1|_Acanthamoeba_polyphaga_moumouvirus,_complete_genome	83.607	61	5	3	1666	1725	351936	351992	1.06e-06	57.2
ERR3077555.sra.18445	NC_009632_541500_543044	88.375	757	29	31	44	756	749	8	0.0	883
ERR3077555.sra.18465	gi|589287691|ref|NC_023611.1|_Invertebrate_iridescent_virus_30_complete_genome	82.353	68	7	4	1226	1293	70923	70985	5.34e-06	55.4
ERR3077555.sra.18734	NC_021350_359864_361325	69.374	431	96	25	165	578	1051	1462	3.23e-20	102
ERR3077555.sra.18752	NC_017673_449361_451191	87.946	224	16	9	73	286	1402	1624	3.22e-65	251
ERR3077555.sra.18752	NC_017673_449361_451191	83.704	135	3	10	456	572	1696	1829	1.67e-24	116
ERR3077555.sra.18814	NC_017347_522050_523611	88.764	356	17	13	60	396	352	1	1.98e-117	425
ERR3077555.sra.18903	NC_010079_512793_514332	82.176	864	57	43	109	901	700	1537	0.0	758
ERR3077555.sra.18913	NC_022442_495034_496588	88.048	251	16	8	3804	4047	34	277	4.33e-78	295
ERR3077555.sra.18967	gi|585299329|ref|NC_023423.1|_Pithovirus_sibericum_isolate_P1084-T,_complete_genome	87.234	47	6	0	2334	2380	397068	397022	5.08e-07	59.0
ERR3077555.sra.18967	gi|585299329|ref|NC_023423.1|_Pithovirus_sibericum_isolate_P1084-T,_complete_genome	87.234	47	6	0	2334	2380	398263	398309	5.08e-07	59.0
ERR3077555.sra.18994	NC_007793_512890_514444	81.226	1534	116	86	1086	2466	1	1515	0.0	1236
ERR3077555.sra.19111	NC_017763_474448_476002	85.451	1141	53	56	81	1133	1116	1	0.0	1159
ERR3077555.sra.19181	NC_017673_449361_451191	85.639	1135	56	50	1448	2487	1831	709	0.0	1184
ERR3077555.sra.19184	NC_022604_535772_537326	79.787	470	54	24	16	446	468	1	1.64e-94	349
ERR3077555.sra.19308	NC_021040_348381_351031	85.246	61	4	4	84	142	2504	2561	1.79e-06	57.2
ERR3077555.sra.19327	NC_017673_449361_451191	88.550	131	2	8	56	175	1703	1831	5.83e-33	145
ERR3077555.sra.19353	NC_010079_512793_514332	89.372	1402	49	53	71	1393	1381	1	0.0	1709
ERR3077555.sra.19435	NC_016912_448817_450376	83.302	1581	114	79	707	2158	1560	1	0.0	1440
ERR3077555.sra.19444	NC_017347_522050_523611	70.159	1384	111	98	1861	2948	31	1408	2.95e-129	464
ERR3077555.sra.19573	NC_017673_449361_451191	76.033	968	84	53	171	1007	879	1829	2.42e-168	594
ERR3077555.sra.19684	NC_022604_535772_537326	83.213	1251	95	57	683	1839	1	1230	0.0	1157
ERR3077555.sra.19699	AE015929	83.691	1398	112	66	91	1396	175	1548	0.0	1301
ERR3077555.sra.19783	NC_017341_525714_527253	83.410	874	66	42	2425	3230	1540	678	0.0	805
ERR3077555.sra.19819	gi|119953744|ref|NC_008724.1|_Acanthocystis_turfacea_Chlorella_virus_1,_complete_genome	81.818	55	10	0	1932	1986	84051	83997	4.65e-06	55.4
ERR3077555.sra.19850	NC_017673_449361_451191	82.765	1085	94	56	89	1101	766	1829	0.0	946
ERR3077555.sra.20009	NC_017673_449361_451191	83.077	130	12	6	291	410	1684	1813	4.19e-25	118
ERR3077555.sra.20009	NC_017673_449361_451191	77.778	99	10	6	88	174	1568	1666	8.10e-09	64.4
ERR3077555.sra.20067	NC_009566_376402_377942	84.715	1387	88	63	1376	2658	1541	175	0.0	1373
ERR3077555.sra.20116	NC_017673_449361_451191	80.112	357	32	20	1738	2067	1831	1487	8.74e-71	269
ERR3077555.sra.20126	NC_022604_535772_537326	75.446	505	49	28	1044	1474	26	529	7.94e-78	293
ERR3077555.sra.20149	NC_022604_535772_537326	89.286	112	5	4	3020	3126	1	110	1.98e-30	136
ERR3077555.sra.20159	gi|82524281|ref|NC_007609.1|_Dulcamara_mottle_virus,_complete_genome	93.220	59	4	0	123	181	5978	6036	1.99e-16	89.7
ERR3077555.sra.20182	NC_016809_179310_180858	88.889	279	16	8	2869	3133	1549	1272	2.58e-92	342
ERR3077555.sra.20297	NC_017342_3586_5125	89.160	1559	48	58	2787	4243	1	1540	0.0	1898
ERR3077555.sra.20321	NC_017673_449361_451191	85.429	350	16	20	65	397	1277	1608	1.60e-92	343
ERR3077555.sra.20321	NC_017673_449361_451191	79.856	139	15	6	587	713	1691	1828	5.99e-22	109
ERR3077555.sra.20342	NC_022604_535772_537326	81.848	303	20	17	1386	1657	1	299	5.47e-66	253
ERR3077555.sra.20360	NC_020450_475434_475549	96.970	33	1	0	221	253	25	57	4.55e-06	55.4
ERR3077555.sra.20447	NC_002758_530475_532029	84.550	822	46	38	1982	2735	1	809	0.0	812
ERR3077555.sra.20534	NC_017351_503713_505252	86.661	1162	47	47	72	1147	1147	8	0.0	1283
ERR3077555.sra.20540	gi|124378202|ref|NC_008912.1|_Glypta_fumiferanae_ichnovirus_segment_C9,_complete_sequence	77.714	175	28	7	6	178	2694	2859	4.55e-25	118
ERR3077555.sra.20577	gi|126882977|ref|NC_002686.2|_Cercopithecine_herpesvirus_9,_complete_genome	80.000	60	12	0	393	452	100836	100895	3.49e-06	55.4
ERR3077555.sra.20582	NC_017347_522050_523611	91.411	163	8	3	2346	2503	1	162	1.40e-56	223
ERR3077555.sra.20655	NC_017351_503713_505252	75.298	1344	133	75	113	1269	1448	117	0.0	769
ERR3077555.sra.20778	NC_022226_483035_484865	79.231	1690	154	101	486	2013	1667	13	0.0	1187
ERR3077555.sra.20778	NC_022226_483035_484865	82.051	156	13	9	256	399	1800	1648	3.17e-28	129
ERR3077555.sra.20786	gi|345107188|ref|NC_015960.1|_Yoka_poxvirus,_complete_genome	88.095	42	5	0	718	759	9915	9874	9.81e-06	53.6
ERR3077555.sra.20898	NC_022604_535772_537326	74.938	810	77	52	1363	2052	1	804	1.81e-117	425
ERR3077555.sra.20919	NC_009632_541500_543044	89.917	1567	55	51	1898	3383	1545	1	0.0	1977
ERR3077555.sra.20940	NC_007622_473153_474707	79.600	1500	136	89	100	1461	1468	1	0.0	1077
ERR3077555.sra.20952	NC_017347_522050_523611	87.041	463	25	19	2310	2747	1	453	2.12e-143	511
ERR3077555.sra.20978	NC_007793_512890_514444	89.001	1582	72	50	1607	3113	1	1555	0.0	1936
ERR3077555.sra.20986	gi|506497718|ref|NC_021246.1|_Mythimna_separata_entomopoxvirus_'L',_complete_genome	80.282	71	10	3	1609	1676	126727	126796	3.36e-06	55.4
ERR3077555.sra.21055	NC_017673_449361_451191	85.816	141	5	4	3639	3764	1831	1691	2.13e-37	159
ERR3077555.sra.21056	gi|508181800|ref|NC_021312.1|_Phaeocystis_globosa_virus_strain_16T,_complete_genome	90.476	42	3	1	1703	1743	169330	169289	4.89e-06	55.4
ERR3077555.sra.21084	NC_022226_483035_484865	84.420	1855	141	84	664	2416	1813	5	0.0	1799
ERR3077555.sra.21085	NC_017673_449361_451191	89.160	1679	76	54	1817	3413	1677	23	0.0	2060
ERR3077555.sra.21085	NC_017673_449361_451191	97.826	184	2	2	1557	1738	1831	1648	5.97e-82	307
ERR3077555.sra.21110	gi|441431943|ref|NC_020104.1|_Acanthamoeba_polyphaga_moumouvirus,_complete_genome	82.456	57	7	1	235	288	367146	367090	1.81e-06	57.2
ERR3077555.sra.21143	NC_016912_448817_450376	87.805	1599	75	67	621	2138	1	1560	0.0	1811
ERR3077555.sra.21180	gi|30018262|ref|NC_004730.1|_Indian_peanut_clump_virus_RNA_2,_complete_sequence	82.456	57	10	0	31	87	2221	2165	4.24e-07	59.0
ERR3077555.sra.21208	gi|472342562|ref|NC_020864.1|_Micromonas_pusilla_virus_12T_genomic_sequence	83.051	59	8	2	997	1053	166753	166695	4.17e-06	55.4
ERR3077555.sra.21209	NC_021040_348381_351031	82.075	106	13	4	481	581	2481	2585	1.06e-17	93.3
ERR3077555.sra.21210	NC_022226_483035_484865	79.799	1792	123	100	346	1920	1771	2	0.0	1366
ERR3077555.sra.21217	NC_017351_503713_505252	84.391	1544	98	76	589	2016	20	1536	0.0	1485
ERR3077555.sra.21266	gi|506498026|ref|NC_021247.1|_Adoxophyes_honmai_enomopoxvirus_'L',_complete_genome	90.000	40	4	0	138	177	615	654	4.96e-06	55.4
ERR3077555.sra.21266	gi|506498026|ref|NC_021247.1|_Adoxophyes_honmai_enomopoxvirus_'L',_complete_genome	90.000	40	4	0	138	177	228136	228097	4.96e-06	55.4
ERR3077555.sra.21305	NC_022604_535772_537326	75.951	736	83	37	2358	3005	20	749	2.55e-124	448
ERR3077555.sra.21365	gi|345107188|ref|NC_015960.1|_Yoka_poxvirus,_complete_genome	82.812	64	6	3	3702	3765	9937	9879	1.97e-06	57.2
ERR3077555.sra.21413	NC_022226_483035_484865	72.117	1474	120	98	539	1732	1668	206	8.19e-179	628
ERR3077555.sra.21413	NC_022226_483035_484865	78.862	123	4	8	359	459	1770	1648	1.70e-16	89.7
ERR3077555.sra.21468	NC_022113_452808_454347	75.480	1562	131	94	940	2272	1539	1	0.0	893
ERR3077555.sra.21473	gi|119953744|ref|NC_008724.1|_Acanthocystis_turfacea_Chlorella_virus_1,_complete_genome	79.688	64	13	0	771	834	84054	83991	1.27e-06	57.2
ERR3077555.sra.21518	NC_017673_449361_451191	82.748	997	69	47	1916	2821	1680	696	0.0	904
ERR3077555.sra.21518	NC_017673_449361_451191	91.351	185	6	6	1660	1835	1831	1648	4.79e-63	244
ERR3077555.sra.21547	NC_021350_359864_361325	72.000	250	57	10	751	995	1462	1221	2.68e-20	102
ERR3077555.sra.21573	gi|441431943|ref|NC_020104.1|_Acanthamoeba_polyphaga_moumouvirus,_complete_genome	76.687	163	28	6	3702	3859	290812	290969	4.24e-21	105
ERR3077555.sra.21573	gi|441431943|ref|NC_020104.1|_Acanthamoeba_polyphaga_moumouvirus,_complete_genome	74.251	167	33	5	3684	3845	474898	474737	7.67e-18	95.1
ERR3077555.sra.21676	NC_022604_535772_537326	72.072	1554	140	106	774	2052	1	1535	2.39e-180	634
ERR3077555.sra.21691	NC_014494_15364_16894	82.366	1310	92	70	1312	2503	34	1322	0.0	1131
ERR3077555.sra.21757	NC_020450_475434_475549	87.500	48	5	1	1456	1503	11	57	1.33e-06	57.2
ERR3077555.sra.21790	NC_007793_512890_514444	83.921	908	48	48	592	1415	1	894	0.0	852
ERR3077555.sra.21810	NC_017673_449361_451191	85.100	1396	75	55	1543	2818	1830	448	0.0	1452
ERR3077555.sra.21839	gi|441431943|ref|NC_020104.1|_Acanthamoeba_polyphaga_moumouvirus,_complete_genome	77.640	161	30	5	1137	1294	474737	474894	8.97e-23	111
ERR3077555.sra.21899	NC_007793_512890_514444	87.727	937	37	35	2330	3195	1554	625	0.0	1085
ERR3077555.sra.21912	NC_017673_449361_451191	87.435	1719	100	68	74	1717	154	1831	0.0	1925
ERR3077555.sra.21964	gi|506497718|ref|NC_021246.1|_Mythimna_separata_entomopoxvirus_'L',_complete_genome	86.000	50	6	1	1469	1517	151518	151469	4.37e-06	55.4
ERR3077555.sra.22055	NC_017347_522050_523611	82.555	728	57	40	1616	2276	4	728	3.83e-177	623
ERR3077555.sra.22067	EF463060	81.445	1024	53	60	66	965	1016	6	0.0	843
ERR3077555.sra.22139	NC_016912_448817_450376	82.688	826	67	38	1247	2010	1	812	0.0	742
ERR3077555.sra.22161	NC_017673_449361_451191	90.244	123	5	5	856	972	1803	1682	9.09e-36	152
ERR3077555.sra.22187	NC_017673_449361_451191	83.594	512	23	29	1701	2153	1815	1306	5.08e-131	470
ERR3077555.sra.22241	NC_017673_449361_451191	81.776	642	35	39	2049	2622	1623	996	7.51e-149	529
ERR3077555.sra.22241	NC_017673_449361_451191	81.560	141	11	5	1758	1883	1831	1691	2.47e-28	129
ERR3077555.sra.22284	NC_022226_483035_484865	70.232	776	70	49	2136	2751	1680	906	1.88e-74	282
ERR3077555.sra.22284	NC_022226_483035_484865	86.290	124	6	7	1925	2038	1792	1670	3.20e-27	125
ERR3077555.sra.22288	NC_017673_449361_451191	82.609	184	15	7	2465	2633	1829	1648	2.49e-41	172
ERR3077555.sra.22288	NC_017673_449361_451191	80.412	97	10	5	2731	2819	1666	1571	5.14e-12	75.2
ERR3077555.sra.22329	NC_009632_541500_543044	76.688	1540	128	104	702	2021	17	1545	0.0	899
ERR3077555.sra.22333	NC_009848_9570_11120	74.507	608	58	43	2107	2623	1549	948	3.43e-77	291
ERR3077555.sra.22346	gi|582973099|ref|NC_023426.1|_Anomala_cuprea_entomopoxvirus_DNA,_complete_genome,_strain:_CV6M	82.759	58	9	1	950	1006	37225	37282	8.58e-07	57.2
ERR3077555.sra.22348	gi|146411807|ref|NC_009449.1|_Honeysuckle_yellow_vein_beta-[Japan:Fukui:2001],_complete_genome	76.471	85	15	2	594	678	852	931	4.40e-07	59.0
ERR3077555.sra.22350	NC_022226_483035_484865	73.979	1641	130	110	707	2068	1623	1	0.0	807
ERR3077555.sra.22350	NC_022226_483035_484865	88.372	86	3	4	461	539	1815	1730	4.34e-19	98.7
ERR3077555.sra.22363	gi|25140980|ref|NC_004426.1|_Wild_potato_mosaic_virus,_complete_genome	90.244	41	4	0	104	144	9878	9838	1.10e-06	57.2
ERR3077555.sra.22417	gi|30844336|ref|NC_003663.2|_Cowpox_virus,_complete_genome	81.667	60	9	1	605	664	10340	10397	1.07e-06	57.2
ERR3077555.sra.22465	NC_018608_540419_542060	80.023	886	84	53	733	1539	1	872	0.0	645
ERR3077555.sra.22473	NC_021350_359864_361325	74.242	132	31	2	755	883	1222	1353	4.27e-13	78.8
