ERR3077556.sra.25	gi|146261990|ref|NC_001826.2|_Murid_herpesvirus_4,_complete_genome	81.250	64	11	1	543	606	1648	1586	3.37e-07	59.0
ERR3077556.sra.120	NC_020450_475434_475549	78.313	83	16	2	3787	3869	100	20	4.75e-08	62.6
ERR3077556.sra.174	NC_013520_103635_105185	85.000	220	10	12	2367	2566	1551	1335	2.12e-54	215
ERR3077556.sra.309	DQ409140	84.194	1278	81	60	2935	4140	3	1231	0.0	1232
ERR3077556.sra.490	NC_014643_985110_986624	95.652	69	0	1	2841	2909	9	74	2.57e-22	109
ERR3077556.sra.513	NC_021040_348381_351031	82.927	82	10	4	499	578	2511	2590	3.90e-11	71.6
ERR3077556.sra.544	AY879305	87.063	1546	82	61	1554	3014	6	1518	0.0	1718
ERR3077556.sra.592	gi|313768203|ref|NC_014767.1|_Micromonas_sp._RCC1109_virus_MpV1,_complete_genome	82.540	63	10	1	2505	2567	138410	138471	1.49e-07	60.8
ERR3077556.sra.594	NC_015875_2081382_2082934	83.311	737	54	38	1577	2261	8	727	0.0	666
ERR3077556.sra.608	NC_013715_1592163_1593688	88.601	1544	74	57	2121	3583	4	1526	0.0	1826
ERR3077556.sra.632	gi|508181800|ref|NC_021312.1|_Phaeocystis_globosa_virus_strain_16T,_complete_genome	84.211	57	7	2	1525	1580	409167	409112	6.40e-06	55.4
ERR3077556.sra.632	gi|508181800|ref|NC_021312.1|_Phaeocystis_globosa_virus_strain_16T,_complete_genome	84.211	57	7	2	1525	1580	409358	409303	6.40e-06	55.4
ERR3077556.sra.770	gi|422933791|ref|NC_019495.1|_Cyprinid_herpesvirus_2_strain_ST-J1,_complete_genome	68.240	233	43	12	1993	2216	32754	32544	1.01e-07	60.8
ERR3077556.sra.778	AF399956	73.872	1485	165	95	101	1394	1453	1	0.0	702
ERR3077556.sra.803	AY879305	76.135	1211	115	76	98	1159	1191	6	0.0	695
ERR3077556.sra.868	X87758	88.007	592	26	27	2963	3533	9	576	0.0	666
ERR3077556.sra.906	NC_003028_15344_16903	81.290	310	26	17	82	375	1267	1560	1.75e-64	250
ERR3077556.sra.980	NC_022239_16927_18470	81.936	692	52	35	1946	2582	1544	871	7.44e-168	592
ERR3077556.sra.1154	NC_013715_1592163_1593688	89.984	609	20	24	72	648	601	2	0.0	753
ERR3077556.sra.1189	gi|509140160|ref|NC_021327.1|_Halovirus_HCTV-5,_complete_genome	84.746	59	8	1	1297	1355	36840	36783	4.41e-08	62.6
ERR3077556.sra.1233	AY594189	82.722	1499	117	70	1177	2554	1478	1	0.0	1348
ERR3077556.sra.1377	gi|11068003|ref|NC_002593.1|_Plutella_xylostella_granulovirus,_complete_genome	74.194	93	19	2	1492	1584	57732	57819	6.92e-06	55.4
ERR3077556.sra.1518	NC_017595_14961_16496	83.500	400	25	26	2235	2597	1522	1127	6.11e-93	343
ERR3077556.sra.1522	NC_021350_359864_361325	71.326	279	64	8	3051	3317	1452	1178	4.63e-26	122
ERR3077556.sra.1524	AY995770	82.389	1482	99	79	843	2183	1483	23	0.0	1288
ERR3077556.sra.1553	NC_020450_475434_475549	94.286	35	2	0	3168	3202	60	26	5.77e-06	55.4
ERR3077556.sra.1576	CP000725	77.817	1420	149	82	264	1536	1510	110	0.0	921
ERR3077556.sra.1702	AY584476	82.528	1511	150	64	1786	3228	1	1465	0.0	1350
ERR3077556.sra.1799	NC_015311_319175_320649	80.407	541	50	29	98	589	942	1475	4.19e-115	417
ERR3077556.sra.1853	D86183	86.395	882	40	41	81	918	673	1518	0.0	937
ERR3077556.sra.1861	NC_015215_16481_18017	85.760	1566	122	53	452	1945	1	1537	0.0	1671
ERR3077556.sra.1863	NC_013715_1592163_1593688	85.860	1570	98	68	1418	2907	1526	1	0.0	1636
ERR3077556.sra.1878	NC_013174_721228_722761	80.013	1571	168	70	277	1739	1533	1	0.0	1234
ERR3077556.sra.1982	gi|313768203|ref|NC_014767.1|_Micromonas_sp._RCC1109_virus_MpV1,_complete_genome	84.375	64	7	3	2534	2596	138471	138410	1.18e-07	60.8
ERR3077556.sra.2006	gi|313768203|ref|NC_014767.1|_Micromonas_sp._RCC1109_virus_MpV1,_complete_genome	87.931	58	7	0	820	877	138410	138467	1.92e-11	73.4
ERR3077556.sra.2381	NC_013203_1457029_1458528	70.178	845	98	62	1888	2585	13	850	3.62e-64	248
ERR3077556.sra.2433	gi|761895455|ref|NC_001650.2|_Equid_herpesvirus_2_strain_86_67,_complete_genome	75.758	99	19	2	1944	2037	145762	145860	3.96e-09	66.2
ERR3077556.sra.2467	NC_013715_1592163_1593688	90.141	142	7	4	122	256	1385	1526	5.43e-44	181
ERR3077556.sra.2486	X87758	72.309	957	79	68	81	855	1323	371	1.81e-107	392
ERR3077556.sra.2556	NC_006449_17815_19369	82.273	220	24	11	110	318	1340	1555	4.05e-45	185
ERR3077556.sra.2582	CP000725	84.731	1526	72	75	450	1835	1	1505	0.0	1508
ERR3077556.sra.2613	NC_021009_505857_508732	83.784	74	9	3	134	204	274	201	1.51e-10	69.8
ERR3077556.sra.2621	NC_013715_1592163_1593688	81.106	868	78	45	100	906	845	3	0.0	700
ERR3077556.sra.2622	DQ409140	87.990	1249	60	53	98	1288	274	1490	0.0	1418
ERR3077556.sra.2741	NC_021350_359864_361325	70.741	270	48	13	1602	1842	1179	1446	1.56e-19	100
ERR3077556.sra.2936	gi|441431943|ref|NC_020104.1|_Acanthamoeba_polyphaga_moumouvirus,_complete_genome	77.714	175	31	4	136	305	474894	474723	3.38e-28	129
ERR3077556.sra.3025	gi|310830989|ref|NC_014637.1|_Cafeteria_roenbergensis_virus_BV-PW1,_complete_genome	72.222	162	37	7	2494	2649	434652	434493	4.26e-09	66.2
ERR3077556.sra.3025	gi|310830989|ref|NC_014637.1|_Cafeteria_roenbergensis_virus_BV-PW1,_complete_genome	72.393	163	33	8	2494	2651	434988	434833	4.26e-09	66.2
ERR3077556.sra.3025	gi|310830989|ref|NC_014637.1|_Cafeteria_roenbergensis_virus_BV-PW1,_complete_genome	69.925	266	51	18	2400	2651	434969	434719	1.49e-08	64.4
ERR3077556.sra.3025	gi|310830989|ref|NC_014637.1|_Cafeteria_roenbergensis_virus_BV-PW1,_complete_genome	71.176	170	35	8	2494	2651	434712	434545	5.19e-08	62.6
ERR3077556.sra.3025	gi|310830989|ref|NC_014637.1|_Cafeteria_roenbergensis_virus_BV-PW1,_complete_genome	71.333	150	35	5	2502	2649	435056	434913	5.19e-08	62.6
ERR3077556.sra.3025	gi|310830989|ref|NC_014637.1|_Cafeteria_roenbergensis_virus_BV-PW1,_complete_genome	71.605	162	38	7	2494	2649	435054	434895	1.81e-07	60.8
ERR3077556.sra.3025	gi|310830989|ref|NC_014637.1|_Cafeteria_roenbergensis_virus_BV-PW1,_complete_genome	74.737	95	19	2	2558	2651	398415	398325	6.33e-07	59.0
ERR3077556.sra.3025	gi|310830989|ref|NC_014637.1|_Cafeteria_roenbergensis_virus_BV-PW1,_complete_genome	70.370	162	38	6	2494	2651	434934	434779	6.33e-07	59.0
ERR3077556.sra.3025	gi|310830989|ref|NC_014637.1|_Cafeteria_roenbergensis_virus_BV-PW1,_complete_genome	69.939	163	43	5	2494	2651	434784	434623	2.21e-06	57.2
ERR3077556.sra.3025	gi|310830989|ref|NC_014637.1|_Cafeteria_roenbergensis_virus_BV-PW1,_complete_genome	71.345	171	33	10	2494	2651	434844	434677	2.21e-06	57.2
ERR3077556.sra.3025	gi|310830989|ref|NC_014637.1|_Cafeteria_roenbergensis_virus_BV-PW1,_complete_genome	70.270	148	35	5	2494	2638	434628	434487	7.71e-06	55.4
ERR3077556.sra.3025	gi|310830989|ref|NC_014637.1|_Cafeteria_roenbergensis_virus_BV-PW1,_complete_genome	70.807	161	29	9	2494	2649	434754	434607	7.71e-06	55.4
ERR3077556.sra.3040	AY278611	88.223	467	30	15	2665	3114	1	459	2.73e-155	551
ERR3077556.sra.3048	NC_013715_1592163_1593688	82.955	1191	83	57	1897	2984	1510	337	0.0	1085
ERR3077556.sra.3051	gi|472342562|ref|NC_020864.1|_Micromonas_pusilla_virus_12T_genomic_sequence	71.000	200	43	6	1721	1910	198858	198664	4.02e-15	86.0
ERR3077556.sra.3060	NC_013715_1592163_1593688	74.833	1498	160	96	350	1645	1524	42	0.0	765
ERR3077556.sra.3116	gi|448824857|ref|NC_020231.1|_Caviid_herpesvirus_2_strain_21222,_complete_genome	87.324	71	2	2	71	141	223337	223400	2.44e-15	86.0
ERR3077556.sra.3142	NC_021040_348381_351031	71.429	196	37	11	899	1079	2394	2585	2.31e-10	69.8
ERR3077556.sra.3225	NC_013715_1592163_1593688	81.224	245	17	13	109	328	1278	1518	1.83e-50	203
ERR3077556.sra.3233	AY349407	87.799	418	27	12	2636	3031	1537	1122	2.18e-137	491
ERR3077556.sra.3251	DQ232518	76.176	1360	129	79	2974	4168	1464	135	0.0	812
ERR3077556.sra.3320	NC_013520_103635_105185	79.211	837	75	44	78	825	725	1551	6.45e-175	616
ERR3077556.sra.3372	gi|526118633|ref|NC_021858.1|_Pandoravirus_dulcis,_complete_genome	81.967	61	10	1	2626	2686	496306	496247	1.37e-06	57.2
ERR3077556.sra.3489	AY278625	74.550	1501	190	87	304	1635	10	1487	0.0	765
ERR3077556.sra.3564	NC_013714_1976919_1978437	78.796	1528	127	90	889	2236	9	1519	0.0	1067
ERR3077556.sra.3649	gi|506498274|ref|NC_021248.1|_Choristoneura_biennis_entomopoxvirus_'L',_complete_genome	75.000	112	13	7	2103	2208	165370	165472	4.50e-07	59.0
ERR3077556.sra.3654	CP001015	85.105	1477	103	57	1819	3199	1458	3	0.0	1521
ERR3077556.sra.3661	gi|761895455|ref|NC_001650.2|_Equid_herpesvirus_2_strain_86_67,_complete_genome	78.409	88	19	0	2942	3029	145849	145762	2.47e-11	73.4
ERR3077556.sra.3745	gi|472342562|ref|NC_020864.1|_Micromonas_pusilla_virus_12T_genomic_sequence	83.051	59	10	0	2073	2131	166753	166695	2.87e-08	62.6
ERR3077556.sra.3908	NC_021350_359864_361325	72.034	236	49	8	1546	1767	1181	1413	6.41e-22	107
ERR3077556.sra.3914	AY188353	82.324	1205	70	61	67	1140	337	1529	0.0	1067
ERR3077556.sra.3954	NC_022604_535772_537326	80.337	356	22	24	117	424	362	7	1.98e-68	262
ERR3077556.sra.4014	AF287793	77.841	1399	138	94	2519	3759	4	1388	0.0	857
ERR3077556.sra.4120	gi|310830989|ref|NC_014637.1|_Cafeteria_roenbergensis_virus_BV-PW1,_complete_genome	87.500	48	5	1	2230	2276	136326	136279	1.59e-06	57.2
ERR3077556.sra.4177	gi|422933791|ref|NC_019495.1|_Cyprinid_herpesvirus_2_strain_ST-J1,_complete_genome	72.358	123	30	2	1825	1947	32714	32596	9.58e-09	64.4
ERR3077556.sra.4177	gi|422933791|ref|NC_019495.1|_Cyprinid_herpesvirus_2_strain_ST-J1,_complete_genome	76.744	86	15	3	1822	1905	30150	30068	1.42e-06	57.2
ERR3077556.sra.4340	gi|310830989|ref|NC_014637.1|_Cafeteria_roenbergensis_virus_BV-PW1,_complete_genome	87.500	48	6	0	1323	1370	136326	136279	1.00e-07	60.8
ERR3077556.sra.4349	gi|472342562|ref|NC_020864.1|_Micromonas_pusilla_virus_12T_genomic_sequence	84.211	57	7	2	1010	1065	166695	166750	4.37e-06	55.4
ERR3077556.sra.4440	NC_013715_1592163_1593688	84.606	812	54	40	58	817	793	1	0.0	785
ERR3077556.sra.4477	NC_022584_1536869_1538421	81.175	1583	132	78	502	1949	1	1552	0.0	1310
ERR3077556.sra.4569	NC_021040_348381_351031	75.676	148	26	4	3727	3865	2591	2445	2.15e-18	96.9
ERR3077556.sra.4677	NC_021018_3070260_3072809	83.099	71	10	2	4042	4110	250	180	1.18e-09	68.0
ERR3077556.sra.4728	NC_013715_1592163_1593688	84.125	800	53	40	78	817	786	1	0.0	756
ERR3077556.sra.4752	NC_013203_1457029_1458528	84.850	1538	79	82	650	2071	1500	1	0.0	1492
ERR3077556.sra.4921	AY349403	84.062	1167	62	58	79	1133	369	1523	0.0	1117
ERR3077556.sra.5102	AY349396	84.962	133	9	7	49	170	1386	1518	2.86e-28	129
ERR3077556.sra.5192	NC_021350_359864_361325	75.419	179	33	8	452	621	1150	1326	5.35e-19	98.7
ERR3077556.sra.5196	NC_015215_16481_18017	80.537	1043	106	49	83	1059	225	1236	0.0	832
ERR3077556.sra.5234	NC_015215_16481_18017	79.285	1231	123	68	524	1646	1537	331	0.0	883
ERR3077556.sra.5249	gi|448824857|ref|NC_020231.1|_Caviid_herpesvirus_2_strain_21222,_complete_genome	82.432	74	3	1	19	92	223337	223400	1.41e-13	80.6
ERR3077556.sra.5298	gi|109255272|ref|NC_008168.1|_Choristoneura_occidentalis_granulovirus,_complete_genome	73.333	105	27	1	5	109	35078	34975	1.02e-07	60.8
ERR3077556.sra.5298	gi|109255272|ref|NC_008168.1|_Choristoneura_occidentalis_granulovirus,_complete_genome	72.477	109	29	1	1	109	35740	35633	3.58e-07	59.0
ERR3077556.sra.5298	gi|109255272|ref|NC_008168.1|_Choristoneura_occidentalis_granulovirus,_complete_genome	72.477	109	29	1	1	109	35950	35843	3.58e-07	59.0
ERR3077556.sra.5298	gi|109255272|ref|NC_008168.1|_Choristoneura_occidentalis_granulovirus,_complete_genome	72.477	109	29	1	1	109	36160	36053	3.58e-07	59.0
ERR3077556.sra.5301	DQ409140	84.354	1502	99	70	204	1601	1484	15	0.0	1456
ERR3077556.sra.5321	NC_010572_2102295_2103827	78.467	1579	204	68	1536	3029	1530	3	0.0	1131
ERR3077556.sra.5347	NC_021350_359864_361325	68.111	323	89	9	839	1153	1452	1136	6.15e-17	91.5
ERR3077556.sra.5353	NC_021040_348381_351031	73.626	273	48	10	1095	1350	2599	2334	2.48e-33	145
ERR3077556.sra.5415	AF432133	78.997	319	24	16	2807	3094	1501	1195	6.39e-62	241
ERR3077556.sra.5430	L14327	84.940	1162	92	50	925	2032	1	1133	0.0	1157
ERR3077556.sra.5587	NC_015678_4661_6196	81.927	1256	92	58	1901	3038	1535	297	0.0	1103
ERR3077556.sra.5680	AM420076	87.453	797	54	26	44	808	783	1	0.0	911
ERR3077556.sra.5843	NC_013714_1976919_1978437	71.189	1135	122	83	582	1514	172	1303	4.00e-105	383
ERR3077556.sra.5884	NC_013715_1592163_1593688	83.854	384	28	24	2038	2395	9	384	8.40e-91	336
ERR3077556.sra.5886	NC_021350_359864_361325	72.340	141	35	3	1303	1439	1220	1360	1.87e-10	69.8
ERR3077556.sra.5895	gi|118496614|ref|NC_008603.1|_Paramecium_bursaria_Chlorella_virus_FR483,_complete_genome	78.667	75	13	2	122	193	19754	19828	1.91e-06	57.2
ERR3077556.sra.6155	L16473	85.724	1506	102	69	2388	3814	1478	7	0.0	1541
ERR3077556.sra.6159	NC_021040_348381_351031	90.244	41	4	0	2605	2645	2588	2548	1.59e-06	57.2
ERR3077556.sra.6359	NC_021350_359864_361325	72.277	303	67	11	1813	2104	1293	997	7.69e-30	134
ERR3077556.sra.6430	NC_017592_15332_16890	85.907	667	30	33	2501	3118	9	660	0.0	688
ERR3077556.sra.6440	gi|310830989|ref|NC_014637.1|_Cafeteria_roenbergensis_virus_BV-PW1,_complete_genome	86.000	50	7	0	1812	1861	451380	451331	3.88e-07	59.0
ERR3077556.sra.6559	NC_015215_16481_18017	73.785	1049	116	73	77	999	515	1530	7.72e-130	466
ERR3077556.sra.6586	gi|482651011|ref|NC_021099.1|_Hop_trefoil_cryptic_virus_2_isolate_IPP_GelbSK_segment_RNA_2,_complete_sequence	81.000	100	4	1	57	156	2342	2258	9.97e-21	104
ERR3077556.sra.6607	NC_013715_1592163_1593688	86.507	1586	84	70	366	1881	1526	1	0.0	1698
ERR3077556.sra.6647	NC_020450_475434_475549	80.723	83	10	3	1704	1780	19	101	2.85e-10	69.8
ERR3077556.sra.7084	NC_013715_1592163_1593688	78.910	1541	144	91	1915	3293	1526	5	0.0	1067
ERR3077556.sra.7122	NC_017586_802727_804240	78.161	87	14	4	1287	1368	1513	1427	1.96e-07	59.0
ERR3077556.sra.7134	DQ409140	74.380	1210	175	74	1986	3111	5	1163	8.33e-162	572
ERR3077556.sra.7223	L14326	78.795	1212	123	64	90	1190	1266	78	0.0	859
ERR3077556.sra.7273	CP000725	86.348	857	48	31	57	860	850	10	0.0	940
ERR3077556.sra.7352	gi|113200752|ref|NC_008307.1|_Melon_yellow_spot_virus_segment_M,_complete_sequence	80.612	98	18	1	1	97	1184	1087	8.60e-16	87.8
ERR3077556.sra.7416	NC_013715_1592163_1593688	86.620	1562	106	62	1742	3242	1526	7	0.0	1689
ERR3077556.sra.7479	L16473	68.244	803	86	59	989	1629	1478	683	2.87e-45	185
ERR3077556.sra.7479	L16473	69.388	245	39	16	1809	2018	385	142	1.94e-09	66.2
ERR3077556.sra.7516	NC_013715_1592163_1593688	88.718	390	22	14	2215	2590	4	385	9.07e-129	462
ERR3077556.sra.7615	NC_020450_475434_475549	81.944	72	10	2	829	898	19	89	2.88e-09	66.2
ERR3077556.sra.7643	gi|422933791|ref|NC_019495.1|_Cyprinid_herpesvirus_2_strain_ST-J1,_complete_genome	69.767	172	31	7	2766	2936	32624	32775	1.12e-08	64.4
ERR3077556.sra.7661	NC_013715_1592163_1593688	81.646	1531	139	72	673	2074	4	1521	0.0	1297
ERR3077556.sra.7714	NC_023150_5226889_5227080	86.179	123	11	5	1794	1915	1	118	1.83e-28	129
ERR3077556.sra.7770	AM420069	83.910	1504	114	74	565	1965	1486	8	0.0	1404
ERR3077556.sra.7779	NC_013715_1592163_1593688	81.150	1565	118	78	2579	4013	9	1526	0.0	1301
ERR3077556.sra.7819	NC_013715_1592163_1593688	89.070	1537	75	53	1785	3247	9	1526	0.0	1860
ERR3077556.sra.7822	NC_015875_2081382_2082934	84.595	383	19	16	36	381	380	1	1.87e-106	389
ERR3077556.sra.7853	NC_021040_348381_351031	74.453	137	23	7	171	296	2435	2570	2.08e-10	69.8
ERR3077556.sra.7882	NC_020450_475434_475549	80.000	70	12	1	642	709	22	91	1.36e-07	60.8
ERR3077556.sra.7903	gi|509139559|ref|NC_021320.1|_Halovirus_HRTV-5,_complete_genome	89.474	57	5	1	2624	2680	55882	55937	2.09e-11	73.4
ERR3077556.sra.7955	CP000725	79.203	1505	165	72	224	1599	9	1494	0.0	1112
ERR3077556.sra.7977	gi|448824968|ref|NC_020232.1|_Megavirus_lba_isolate_LBA111,_complete_genome	71.795	117	31	2	3345	3460	519046	518931	6.50e-06	55.4
ERR3077556.sra.8077	NC_011565_61786_63306	90.909	55	4	1	2652	2706	1396	1343	1.72e-11	73.4
ERR3077556.sra.8236	NC_021040_348381_351031	74.545	110	22	3	2272	2375	2645	2536	9.13e-09	64.4
ERR3077556.sra.8255	AE015929	83.175	1575	108	74	943	2381	1	1554	0.0	1454
ERR3077556.sra.8425	gi|73852470|ref|NC_007346.1|_Emiliania_huxleyi_virus_86,_complete_genome	73.737	99	22	2	2674	2768	311356	311454	1.77e-06	57.2
ERR3077556.sra.8499	FJ976440	83.887	1384	114	56	1996	3297	1357	1	0.0	1337
ERR3077556.sra.8631	EU126662	79.065	941	92	52	3200	4066	34	943	0.0	670
ERR3077556.sra.8654	NC_021040_348381_351031	78.797	349	47	18	628	959	2255	2593	1.86e-61	239
ERR3077556.sra.8734	AY278611	86.866	1340	71	51	1752	3024	1	1302	0.0	1490
ERR3077556.sra.8782	NC_014371_962840_964317	84.646	762	61	33	81	814	741	8	0.0	749
ERR3077556.sra.8811	gi|363539767|ref|NC_016072.1|_Megavirus_chiliensis,_complete_genome	76.543	81	19	0	2231	2311	602784	602864	1.43e-07	60.8
ERR3077556.sra.8866	NC_021350_359864_361325	70.482	332	82	9	2320	2638	1459	1131	8.22e-29	131
ERR3077556.sra.8879	NC_013714_1976919_1978437	82.891	339	19	18	161	463	1183	1518	8.38e-81	304
ERR3077556.sra.9008	NC_013715_1592163_1593688	91.892	407	13	13	92	480	1119	1523	1.23e-153	545
ERR3077556.sra.9067	NC_021350_359864_361325	78.824	85	14	3	82	163	1228	1311	3.77e-08	62.6
ERR3077556.sra.9130	NC_015678_4661_6196	90.629	715	35	20	67	758	830	1535	0.0	926
ERR3077556.sra.9164	gi|14602241|ref|NC_002816.1|_Cydia_pomonella_granulovirus,_complete_genome	88.000	50	5	1	348	397	20406	20454	1.54e-07	60.8
ERR3077556.sra.9165	NC_014370_369973_371450	77.958	989	92	58	1067	1945	2	974	0.0	654
ERR3077556.sra.9176	NC_013715_1592163_1593688	75.165	1059	101	62	1661	2568	19	1066	2.57e-167	590
ERR3077556.sra.9235	gi|472342562|ref|NC_020864.1|_Micromonas_pusilla_virus_12T_genomic_sequence	81.967	61	10	1	1574	1634	198857	198798	1.65e-06	57.2
ERR3077556.sra.9359	NC_021009_505857_508732	70.463	281	51	15	2262	2517	176	449	5.13e-18	95.1
ERR3077556.sra.9440	gi|363539767|ref|NC_016072.1|_Megavirus_chiliensis,_complete_genome	75.926	108	25	1	2007	2113	550429	550536	5.72e-12	75.2
ERR3077556.sra.9538	gi|119953744|ref|NC_008724.1|_Acanthocystis_turfacea_Chlorella_virus_1,_complete_genome	83.929	56	8	1	1847	1902	83997	84051	1.73e-06	57.2
ERR3077556.sra.9617	AF366266	84.916	1253	89	52	49	1217	1237	1	0.0	1265
ERR3077556.sra.9641	NC_013203_1457029_1458528	90.313	991	24	35	1678	2615	1497	526	0.0	1261
ERR3077556.sra.9702	AF432133	88.626	1521	66	63	1530	2959	1505	1	0.0	1775
ERR3077556.sra.9709	gi|20153336|ref|NC_003624.1|_Impatiens_necrotic_spot_virus_segment_S,_complete_sequence	85.455	55	5	2	1984	2038	1810	1759	1.26e-06	57.2
ERR3077556.sra.9741	NC_021350_359864_361325	66.573	356	103	9	1507	1858	1362	1019	1.89e-13	80.6
ERR3077556.sra.9772	AY995770	88.164	1411	60	60	1857	3184	1498	112	0.0	1622
ERR3077556.sra.9788	gi|33622203|ref|NC_005068.1|_Cryptophlebia_leucotreta_granulovirus,_complete_genome	76.042	96	18	2	1838	1933	22141	22051	2.59e-09	66.2
ERR3077556.sra.9835	gi|761895455|ref|NC_001650.2|_Equid_herpesvirus_2_strain_86_67,_complete_genome	79.518	83	12	4	871	950	145773	145853	1.12e-07	60.8
ERR3077556.sra.10129	L16473	80.658	1489	126	81	632	1978	10	1478	0.0	1171
ERR3077556.sra.10136	NC_022226_483035_484865	82.764	1288	91	62	60	1243	553	1813	0.0	1164
ERR3077556.sra.10191	gi|448824857|ref|NC_020231.1|_Caviid_herpesvirus_2_strain_21222,_complete_genome	86.111	72	2	2	44	115	223337	223400	1.17e-14	84.2
ERR3077556.sra.10194	L16473	87.203	1516	70	59	832	2261	1	1478	0.0	1709
ERR3077556.sra.10221	DQ409140	83.978	181	16	6	2943	3112	1471	1293	5.34e-44	181
ERR3077556.sra.10309	gi|311977355|ref|NC_014649.1|_Acanthamoeba_polyphaga_mimivirus,_complete_genome	72.358	123	30	2	233	351	977538	977660	8.68e-09	64.4
ERR3077556.sra.10329	gi|32453825|ref|NC_004927.1|_Halovirus_HF1,_complete_genome	81.818	55	10	0	1268	1322	20797	20743	7.52e-06	55.4
ERR3077556.sra.10347	X84007	82.969	640	39	35	52	625	636	1	1.27e-160	569
ERR3077556.sra.10382	AM157419	76.682	1501	118	104	1742	3024	43	1529	0.0	870
ERR3077556.sra.10417	NC_013715_1592163_1593688	82.713	457	37	20	57	481	452	6	1.01e-114	416
ERR3077556.sra.10469	NC_021040_348381_351031	77.982	109	20	4	2431	2537	2588	2482	4.68e-12	75.2
ERR3077556.sra.10517	gi|448824857|ref|NC_020231.1|_Caviid_herpesvirus_2_strain_21222,_complete_genome	85.075	67	2	4	1	67	223343	223401	2.99e-09	66.2
ERR3077556.sra.10830	NC_021040_348381_351031	83.529	85	8	4	226	307	2490	2571	6.39e-13	78.8
ERR3077556.sra.10864	gi|509139559|ref|NC_021320.1|_Halovirus_HRTV-5,_complete_genome	86.792	53	4	2	891	941	55882	55933	3.87e-07	59.0
ERR3077556.sra.10865	gi|555928251|ref|NC_022615.1|_Dill_cryptic_virus_1_isolate_IPP_hortorum_segment_2,_complete_sequence	85.714	63	9	0	2	64	1815	1753	2.62e-11	73.4
ERR3077556.sra.10898	X84007	84.825	1318	81	59	56	1276	1296	1	0.0	1321
ERR3077556.sra.10906	AF432133	71.629	571	66	34	140	620	915	1479	8.70e-60	233
ERR3077556.sra.10948	gi|340025671|ref|NC_000852.5|_Paramecium_bursaria_Chlorella_virus_1,_complete_genome	83.607	61	7	2	1336	1395	165716	165774	3.78e-07	59.0
ERR3077556.sra.10948	gi|340025671|ref|NC_000852.5|_Paramecium_bursaria_Chlorella_virus_1,_complete_genome	81.967	61	8	2	1336	1395	165337	165395	4.61e-06	55.4
ERR3077556.sra.10948	gi|340025671|ref|NC_000852.5|_Paramecium_bursaria_Chlorella_virus_1,_complete_genome	81.967	61	8	2	1336	1395	165510	165568	4.61e-06	55.4
ERR3077556.sra.10972	NC_013715_1592163_1593688	85.326	184	18	7	78	255	181	1	1.33e-45	187
ERR3077556.sra.10975	NC_021350_359864_361325	66.960	454	112	15	1310	1744	986	1420	2.90e-22	109
ERR3077556.sra.10998	L16469	82.948	1472	115	67	2384	3737	1	1454	0.0	1359
ERR3077556.sra.11098	NC_013715_1592163_1593688	72.021	1494	147	104	451	1677	16	1505	1.02e-165	585
ERR3077556.sra.11111	GQ131418	86.114	929	68	35	65	950	591	1501	0.0	991
ERR3077556.sra.11208	NC_020450_475434_475549	79.167	72	11	2	4496	4563	91	20	2.25e-06	57.2
ERR3077556.sra.11361	gi|32453825|ref|NC_004927.1|_Halovirus_HF1,_complete_genome	83.333	60	8	2	2699	2757	20740	20798	2.32e-06	57.2
ERR3077556.sra.11574	MH161341.1	83.133	83	11	3	2579	2660	715	635	1.91e-12	77.0
ERR3077556.sra.11597	gi|345107188|ref|NC_015960.1|_Yoka_poxvirus,_complete_genome	83.051	59	8	2	890	947	9926	9869	5.00e-06	55.4
ERR3077556.sra.11736	NC_013715_1592163_1593688	87.188	320	18	11	2650	2951	1524	1210	7.42e-99	363
ERR3077556.sra.11765	NC_017342_3586_5125	83.267	1512	107	80	1693	3086	1500	17	0.0	1357
ERR3077556.sra.11818	gi|48843719|ref|NC_005902.1|_Lymphocystis_disease_virus_-_isolate_China,_complete_genome	85.417	48	7	0	3331	3378	16612	16565	7.43e-06	55.4
ERR3077556.sra.11891	gi|441431943|ref|NC_020104.1|_Acanthamoeba_polyphaga_moumouvirus,_complete_genome	76.087	184	35	6	3339	3515	474894	474713	7.41e-24	114
ERR3077556.sra.11891	gi|441431943|ref|NC_020104.1|_Acanthamoeba_polyphaga_moumouvirus,_complete_genome	73.729	118	27	3	3380	3495	290843	290958	1.17e-08	64.4
ERR3077556.sra.11901	X84007	87.936	1003	52	36	75	1033	536	1513	0.0	1168
ERR3077556.sra.11938	CP001015	88.003	1492	72	54	1192	2610	1	1458	0.0	1737
ERR3077556.sra.12018	NC_017595_14961_16496	93.709	302	9	6	3650	3944	1530	1232	4.50e-122	441
ERR3077556.sra.12030	AF399956	88.059	1499	67	60	705	2134	1	1456	0.0	1727
ERR3077556.sra.12267	AY584476	84.515	1453	91	55	1555	2908	1	1418	0.0	1480
ERR3077556.sra.12353	NC_022239_16927_18470	92.135	89	1	2	2134	2216	1	89	2.56e-27	125
ERR3077556.sra.12362	GQ131418	87.184	515	26	23	58	544	986	1488	4.33e-159	563
ERR3077556.sra.12504	AF287781	83.422	1502	115	64	101	1491	1	1479	0.0	1418
ERR3077556.sra.12518	NC_015875_2081382_2082934	81.614	223	12	13	2683	2891	1	208	4.04e-45	185
ERR3077556.sra.12546	M59055	91.089	101	2	5	54	150	103	6	3.76e-27	125
ERR3077556.sra.12670	NC_021040_348381_351031	83.117	77	8	3	636	710	2512	2585	9.68e-11	71.6
ERR3077556.sra.12682	NC_021009_505857_508732	85.149	101	11	3	2177	2277	174	270	2.53e-21	105
ERR3077556.sra.12815	NC_021040_348381_351031	78.761	113	16	6	2412	2517	2593	2482	1.32e-12	77.0
ERR3077556.sra.12946	gi|310830989|ref|NC_014637.1|_Cafeteria_roenbergensis_virus_BV-PW1,_complete_genome	83.333	60	8	2	118	177	386226	386169	2.48e-06	57.2
ERR3077556.sra.13043	Y13106	86.967	1197	80	45	51	1183	1188	4	0.0	1324
ERR3077556.sra.13081	gi|482651011|ref|NC_021099.1|_Hop_trefoil_cryptic_virus_2_isolate_IPP_GelbSK_segment_RNA_2,_complete_sequence	93.750	64	4	0	1919	1982	2322	2259	4.57e-19	98.7
ERR3077556.sra.13159	AM420069	76.740	589	76	28	2757	3298	1	575	4.60e-102	374
ERR3077556.sra.13211	NC_021040_348381_351031	75.342	146	24	6	183	316	2436	2581	3.26e-15	86.0
ERR3077556.sra.13266	NC_021018_3070260_3072809	74.528	106	21	4	112	214	237	135	9.90e-07	57.2
ERR3077556.sra.13301	gi|509139559|ref|NC_021320.1|_Halovirus_HRTV-5,_complete_genome	83.636	55	8	1	1770	1824	55937	55884	3.67e-06	55.4
ERR3077556.sra.13319	gi|310830989|ref|NC_014637.1|_Cafeteria_roenbergensis_virus_BV-PW1,_complete_genome	76.923	91	18	2	2920	3007	399491	399401	1.30e-08	64.4
ERR3077556.sra.13319	gi|310830989|ref|NC_014637.1|_Cafeteria_roenbergensis_virus_BV-PW1,_complete_genome	76.923	91	18	2	2920	3007	399497	399407	1.30e-08	64.4
ERR3077556.sra.13319	gi|310830989|ref|NC_014637.1|_Cafeteria_roenbergensis_virus_BV-PW1,_complete_genome	76.923	91	18	2	2920	3007	399503	399413	1.30e-08	64.4
ERR3077556.sra.13319	gi|310830989|ref|NC_014637.1|_Cafeteria_roenbergensis_virus_BV-PW1,_complete_genome	76.923	91	18	2	2920	3007	399509	399419	1.30e-08	64.4
ERR3077556.sra.13319	gi|310830989|ref|NC_014637.1|_Cafeteria_roenbergensis_virus_BV-PW1,_complete_genome	76.923	91	18	2	2920	3007	399515	399425	1.30e-08	64.4
ERR3077556.sra.13319	gi|310830989|ref|NC_014637.1|_Cafeteria_roenbergensis_virus_BV-PW1,_complete_genome	76.923	91	18	2	2920	3007	399521	399431	1.30e-08	64.4
ERR3077556.sra.13319	gi|310830989|ref|NC_014637.1|_Cafeteria_roenbergensis_virus_BV-PW1,_complete_genome	76.923	91	18	2	2920	3007	399527	399437	1.30e-08	64.4
ERR3077556.sra.13319	gi|310830989|ref|NC_014637.1|_Cafeteria_roenbergensis_virus_BV-PW1,_complete_genome	76.744	86	18	1	2920	3003	399485	399400	4.55e-08	62.6
ERR3077556.sra.13319	gi|310830989|ref|NC_014637.1|_Cafeteria_roenbergensis_virus_BV-PW1,_complete_genome	76.667	90	18	2	2921	3007	399532	399443	4.55e-08	62.6
ERR3077556.sra.13319	gi|310830989|ref|NC_014637.1|_Cafeteria_roenbergensis_virus_BV-PW1,_complete_genome	75.581	86	19	1	2920	3003	399431	399346	5.54e-07	59.0
ERR3077556.sra.13319	gi|310830989|ref|NC_014637.1|_Cafeteria_roenbergensis_virus_BV-PW1,_complete_genome	75.824	91	19	2	2920	3007	399461	399371	5.54e-07	59.0
ERR3077556.sra.13319	gi|310830989|ref|NC_014637.1|_Cafeteria_roenbergensis_virus_BV-PW1,_complete_genome	75.824	91	19	2	2920	3007	399467	399377	5.54e-07	59.0
ERR3077556.sra.13319	gi|310830989|ref|NC_014637.1|_Cafeteria_roenbergensis_virus_BV-PW1,_complete_genome	75.824	91	19	2	2920	3007	399473	399383	5.54e-07	59.0
ERR3077556.sra.13319	gi|310830989|ref|NC_014637.1|_Cafeteria_roenbergensis_virus_BV-PW1,_complete_genome	75.581	86	19	1	2920	3003	434928	434843	5.54e-07	59.0
ERR3077556.sra.13319	gi|310830989|ref|NC_014637.1|_Cafeteria_roenbergensis_virus_BV-PW1,_complete_genome	75.581	86	19	1	2920	3003	435060	434975	5.54e-07	59.0
ERR3077556.sra.13319	gi|310830989|ref|NC_014637.1|_Cafeteria_roenbergensis_virus_BV-PW1,_complete_genome	75.000	84	17	1	2920	3003	434910	434831	1.93e-06	57.2
ERR3077556.sra.13319	gi|310830989|ref|NC_014637.1|_Cafeteria_roenbergensis_virus_BV-PW1,_complete_genome	79.104	67	10	1	2937	3003	435061	434999	1.93e-06	57.2
ERR3077556.sra.13319	gi|310830989|ref|NC_014637.1|_Cafeteria_roenbergensis_virus_BV-PW1,_complete_genome	78.378	74	13	2	2937	3007	434929	434856	6.75e-06	55.4
ERR3077556.sra.13350	gi|472342562|ref|NC_020864.1|_Micromonas_pusilla_virus_12T_genomic_sequence	86.667	45	6	0	4495	4539	166711	166755	7.76e-06	55.4
ERR3077556.sra.13350	gi|472342562|ref|NC_020864.1|_Micromonas_pusilla_virus_12T_genomic_sequence	86.667	45	6	0	4495	4539	167180	167224	7.76e-06	55.4
ERR3077556.sra.13456	NC_014370_369973_371450	83.621	1508	108	77	287	1685	1478	1	0.0	1384
ERR3077556.sra.13466	M59055	91.071	112	7	1	60	168	117	6	2.04e-36	156
ERR3077556.sra.13497	NC_013715_1592163_1593688	79.695	788	60	52	52	753	753	1526	4.32e-157	556
ERR3077556.sra.13702	gi|441431943|ref|NC_020104.1|_Acanthamoeba_polyphaga_moumouvirus,_complete_genome	72.826	184	40	6	1182	1357	474713	474894	2.94e-16	89.7
ERR3077556.sra.13756	NC_013715_1592163_1593688	78.843	1158	84	65	108	1118	375	1518	0.0	836
ERR3077556.sra.13801	gi|73852470|ref|NC_007346.1|_Emiliania_huxleyi_virus_86,_complete_genome	77.500	80	13	3	1136	1215	181662	181588	5.45e-06	55.4
ERR3077556.sra.13964	gi|9630966|ref|NC_001973.1|_Lymantria_dispar_MNPV,_complete_genome	78.049	82	13	3	2837	2918	12233	12309	4.18e-07	59.0
ERR3077556.sra.13985	gi|313768203|ref|NC_014767.1|_Micromonas_sp._RCC1109_virus_MpV1,_complete_genome	84.000	50	8	0	1485	1534	136766	136717	5.16e-06	55.4
ERR3077556.sra.14084	NC_021018_3070260_3072809	75.373	134	23	7	3254	3381	127	256	7.83e-11	71.6
ERR3077556.sra.14119	CP001015	81.325	1494	132	77	873	2263	1	1450	0.0	1222
ERR3077556.sra.14151	gi|313768203|ref|NC_014767.1|_Micromonas_sp._RCC1109_virus_MpV1,_complete_genome	83.607	61	9	1	192	252	138412	138471	3.08e-08	62.6
ERR3077556.sra.14214	DQ409140	84.064	502	31	25	3409	3868	15	509	6.11e-133	477
ERR3077556.sra.14285	AF432133	86.797	1530	88	68	123	1567	2	1502	0.0	1645
ERR3077556.sra.14286	gi|313768203|ref|NC_014767.1|_Micromonas_sp._RCC1109_virus_MpV1,_complete_genome	78.462	65	14	0	487	551	136779	136715	6.08e-06	55.4
ERR3077556.sra.14428	NC_013715_1592163_1593688	82.063	446	35	24	130	540	1091	1526	1.36e-102	376
ERR3077556.sra.14437	gi|448824857|ref|NC_020231.1|_Caviid_herpesvirus_2_strain_21222,_complete_genome	83.562	73	3	1	55	127	223337	223400	3.75e-14	82.4
ERR3077556.sra.14446	NC_021040_348381_351031	71.942	139	27	6	60	195	2513	2642	5.91e-07	59.0
ERR3077556.sra.14463	gi|340025671|ref|NC_000852.5|_Paramecium_bursaria_Chlorella_virus_1,_complete_genome	85.965	57	5	2	675	729	165717	165772	1.41e-07	60.8
ERR3077556.sra.14463	gi|340025671|ref|NC_000852.5|_Paramecium_bursaria_Chlorella_virus_1,_complete_genome	84.211	57	6	2	675	729	165338	165393	1.72e-06	57.2
ERR3077556.sra.14463	gi|340025671|ref|NC_000852.5|_Paramecium_bursaria_Chlorella_virus_1,_complete_genome	84.211	57	6	2	675	729	165511	165566	1.72e-06	57.2
ERR3077556.sra.14467	NC_013715_1592163_1593688	79.464	1529	133	88	470	1823	4	1526	0.0	1108
ERR3077556.sra.14484	NC_007793_512890_514444	84.103	1560	87	74	1116	2536	1545	8	0.0	1507
ERR3077556.sra.14508	AF432133	81.577	1509	133	74	1691	3078	1498	14	0.0	1265
ERR3077556.sra.14599	DQ409140	83.113	1516	112	72	1490	2893	1	1484	0.0	1386
ERR3077556.sra.14657	gi|116326687|ref|NC_008518.1|_Trichoplusia_ni_ascovirus_2c,_complete_genome	86.667	60	3	5	3801	3858	86591	86647	6.85e-06	55.4
ERR3077556.sra.14714	NC_013715_1592163_1593688	80.000	780	44	51	163	851	770	12	1.50e-162	574
ERR3077556.sra.14718	X84007	76.746	1518	161	86	1093	2458	1	1478	0.0	937
ERR3077556.sra.14777	NC_020450_475434_475549	79.762	84	12	4	1397	1477	101	20	2.64e-08	62.6
ERR3077556.sra.14818	CP000725	83.592	1097	79	56	53	1084	446	1506	0.0	1005
ERR3077556.sra.14830	NC_021175_16001_17556	90.462	346	9	12	3137	3465	1551	1213	1.13e-122	443
ERR3077556.sra.14847	AF432133	83.333	1488	173	51	819	2260	47	1505	0.0	1404
ERR3077556.sra.14848	gi|313843970|ref|NC_014766.1|_Ostreococcus_lucimarinus_virus_OlV1,_complete_genome	74.286	105	24	3	2238	2340	16065	16168	1.53e-06	57.2
ERR3077556.sra.14869	NC_017673_449361_451191	90.710	732	33	25	2892	3593	1831	1105	0.0	933
ERR3077556.sra.15005	NC_013520_103635_105185	84.342	1603	95	79	1209	2709	3	1551	0.0	1544
ERR3077556.sra.15077	NC_017347_522050_523611	77.323	269	20	15	49	277	268	1	1.35e-43	179
ERR3077556.sra.15092	X84007	72.679	1508	178	91	513	1810	30	1513	0.0	666
ERR3077556.sra.15124	gi|761895455|ref|NC_001650.2|_Equid_herpesvirus_2_strain_86_67,_complete_genome	78.261	92	18	2	1041	1132	145859	145770	2.90e-10	69.8
ERR3077556.sra.15219	NC_020450_475434_475549	82.353	85	12	2	2388	2470	103	20	1.56e-13	80.6
ERR3077556.sra.15371	AM157441	78.934	1519	133	88	314	1661	53	1555	0.0	1068
ERR3077556.sra.15385	NC_015760_14959_16494	75.386	1491	150	92	93	1392	72	1536	0.0	816
ERR3077556.sra.15386	NC_013714_1976919_1978437	74.417	1544	156	104	508	1839	1517	1	0.0	751
ERR3077556.sra.15479	gi|313843970|ref|NC_014766.1|_Ostreococcus_lucimarinus_virus_OlV1,_complete_genome	70.183	218	45	13	3558	3758	16097	15883	1.51e-07	60.8
ERR3077556.sra.15602	NC_021350_359864_361325	70.681	191	40	8	818	1000	1232	1414	6.23e-11	71.6
ERR3077556.sra.15705	gi|675510812|ref|NC_024777.1|_Small_begomovirus-associated_satellite_isolate_Sa19-S1,_complete_sequence	92.105	38	3	0	1	38	190	153	4.26e-06	55.4
ERR3077556.sra.15748	AY995770	83.585	1060	89	47	2406	3410	25	1054	0.0	996
ERR3077556.sra.15782	AM420069	85.680	1236	78	50	60	1222	1210	1	0.0	1296
ERR3077556.sra.15886	NC_013520_103635_105185	75.468	534	54	37	82	555	1035	1551	2.86e-72	275
ERR3077556.sra.15958	FJ983115	76.536	814	71	54	1345	2054	16	813	1.40e-131	471
ERR3077556.sra.15977	GQ131418	82.412	995	74	46	3195	4106	1505	529	0.0	890
ERR3077556.sra.16047	NC_017673_449361_451191	87.660	624	31	20	47	636	1041	1652	0.0	729
ERR3077556.sra.16047	NC_017673_449361_451191	88.043	184	13	6	740	917	1651	1831	6.90e-54	214
ERR3077556.sra.16062	AY995768	92.140	827	24	24	1841	2628	1478	654	0.0	1130
ERR3077556.sra.16342	NC_013715_1592163_1593688	85.403	1562	115	67	1892	3376	1526	1	0.0	1590
ERR3077556.sra.16399	gi|441431943|ref|NC_020104.1|_Acanthamoeba_polyphaga_moumouvirus,_complete_genome	79.104	67	12	1	311	377	172505	172441	4.88e-06	55.4
ERR3077556.sra.16432	gi|21686665|ref|NC_004062.1|_Phthorimaea_operculella_granulovirus,_complete_genome	79.412	68	13	1	2375	2441	99016	99083	1.59e-06	57.2
ERR3077556.sra.16436	AY005038	79.650	1199	86	67	93	1145	1187	1	0.0	902
ERR3077556.sra.16463	gi|472342562|ref|NC_020864.1|_Micromonas_pusilla_virus_12T_genomic_sequence	83.929	56	9	0	2266	2321	198853	198798	1.37e-07	60.8
ERR3077556.sra.16495	NC_013715_1592163_1593688	86.282	1560	100	61	112	1598	1525	7	0.0	1676
ERR3077556.sra.16641	gi|313768203|ref|NC_014767.1|_Micromonas_sp._RCC1109_virus_MpV1,_complete_genome	82.540	63	10	1	2505	2567	138410	138471	1.49e-07	60.8
ERR3077556.sra.16722	NC_017595_14961_16496	83.500	400	25	26	2235	2597	1522	1127	6.11e-93	343
ERR3077556.sra.16773	NC_013715_1592163_1593688	85.145	1555	79	76	1224	2663	9	1526	0.0	1557
ERR3077556.sra.16819	NC_014370_369973_371450	88.372	86	3	3	1708	1791	1	81	6.83e-21	104
ERR3077556.sra.16856	gi|448824857|ref|NC_020231.1|_Caviid_herpesvirus_2_strain_21222,_complete_genome	85.915	71	3	1	18	88	223337	223400	2.65e-15	86.0
ERR3077556.sra.16883	gi|146261990|ref|NC_001826.2|_Murid_herpesvirus_4,_complete_genome	81.250	64	11	1	543	606	1648	1586	3.37e-07	59.0
ERR3077556.sra.16944	AF399956	73.872	1485	165	95	101	1394	1453	1	0.0	702
ERR3077556.sra.16971	NC_013715_1592163_1593688	89.984	609	20	24	72	648	601	2	0.0	753
ERR3077556.sra.17087	gi|506497718|ref|NC_021246.1|_Mythimna_separata_entomopoxvirus_'L',_complete_genome	73.006	163	25	12	915	1063	195633	195476	3.80e-07	59.0
ERR3077556.sra.17099	AF432132	82.573	614	42	33	118	680	600	1	6.04e-151	536
ERR3077556.sra.17118	NC_021350_359864_361325	70.100	301	66	13	828	1108	1419	1123	1.15e-19	100
ERR3077556.sra.17134	NC_021350_359864_361325	71.359	206	47	8	522	718	1211	1413	1.26e-13	80.6
ERR3077556.sra.17199	NC_015875_2081382_2082934	83.311	737	54	38	1577	2261	8	727	0.0	666
ERR3077556.sra.17216	X87758	88.007	592	26	27	2963	3533	9	576	0.0	666
ERR3077556.sra.17247	AY594189	82.722	1499	117	70	1177	2554	1478	1	0.0	1348
ERR3077556.sra.17308	GU470899	84.893	1549	140	54	565	2052	7	1522	0.0	1581
ERR3077556.sra.17316	NC_022604_535772_537326	76.224	143	17	6	2046	2176	1	138	1.48e-17	93.3
ERR3077556.sra.17334	NC_014643_985110_986624	78.934	394	34	22	2916	3269	3	387	2.18e-74	282
ERR3077556.sra.17352	AY278622	76.792	293	23	19	1957	2209	15	302	4.58e-43	178
ERR3077556.sra.17417	AJ006965	85.724	1443	93	61	1387	2762	60	1456	0.0	1501
ERR3077556.sra.17426	NC_013715_1592163_1593688	80.089	1577	137	97	1324	2777	4	1526	0.0	1151
ERR3077556.sra.17483	gi|340025671|ref|NC_000852.5|_Paramecium_bursaria_Chlorella_virus_1,_complete_genome	85.484	62	6	3	1694	1755	165717	165775	1.12e-07	60.8
ERR3077556.sra.17483	gi|340025671|ref|NC_000852.5|_Paramecium_bursaria_Chlorella_virus_1,_complete_genome	84.127	63	7	3	1694	1756	165338	165397	3.92e-07	59.0
ERR3077556.sra.17483	gi|340025671|ref|NC_000852.5|_Paramecium_bursaria_Chlorella_virus_1,_complete_genome	83.871	62	7	3	1694	1755	165511	165569	1.37e-06	57.2
ERR3077556.sra.17583	NC_003028_15344_16903	81.290	310	26	17	82	375	1267	1560	1.75e-64	250
ERR3077556.sra.17610	gi|509140160|ref|NC_021327.1|_Halovirus_HCTV-5,_complete_genome	84.746	59	8	1	1297	1355	36840	36783	4.41e-08	62.6
ERR3077556.sra.17685	NC_015311_319175_320649	80.407	541	50	29	98	589	942	1475	4.19e-115	417
ERR3077556.sra.17730	gi|9631294|ref|NC_001993.1|_Melanoplus_sanguinipes_entomopoxvirus,_complete_genome	87.755	49	4	2	1784	1831	14311	14264	5.10e-06	55.4
ERR3077556.sra.17734	AM157441	83.555	1204	68	67	103	1195	1225	41	0.0	1094
ERR3077556.sra.18022	gi|168804017|ref|NC_010356.1|_Glossina_pallidipes_salivary_gland_hypertrophy_virus,_complete_genome	75.610	82	19	1	2721	2802	75430	75350	6.87e-06	55.4
ERR3077556.sra.18042	AF366266	87.316	1088	62	47	75	1110	1064	1	0.0	1198
ERR3077556.sra.18127	NC_013715_1592163_1593688	84.538	1384	100	66	2574	3860	1524	158	0.0	1337
ERR3077556.sra.18151	NC_013203_1457029_1458528	70.304	1512	184	104	2224	3486	1500	5	6.95e-132	473
ERR3077556.sra.18159	NC_013715_1592163_1593688	82.833	1567	112	77	270	1720	1526	1	0.0	1407
ERR3077556.sra.18195	NC_022584_1536869_1538421	91.829	257	11	6	2902	3149	1	256	4.93e-95	351
ERR3077556.sra.18272	NC_014643_985110_986624	95.652	69	0	1	2841	2909	9	74	2.57e-22	109
ERR3077556.sra.18315	gi|422933791|ref|NC_019495.1|_Cyprinid_herpesvirus_2_strain_ST-J1,_complete_genome	68.240	233	43	12	1993	2216	32754	32544	1.01e-07	60.8
ERR3077556.sra.18421	CP000725	77.817	1420	149	82	264	1536	1510	110	0.0	921
ERR3077556.sra.18511	NC_022244_15977_17520	85.638	752	54	30	1982	2692	4	742	0.0	783
ERR3077556.sra.18595	NC_013715_1592163_1593688	88.601	1544	74	57	2121	3583	4	1526	0.0	1826
ERR3077556.sra.18596	gi|508181800|ref|NC_021312.1|_Phaeocystis_globosa_virus_strain_16T,_complete_genome	84.211	57	7	2	1525	1580	409167	409112	6.40e-06	55.4
ERR3077556.sra.18596	gi|508181800|ref|NC_021312.1|_Phaeocystis_globosa_virus_strain_16T,_complete_genome	84.211	57	7	2	1525	1580	409358	409303	6.40e-06	55.4
ERR3077556.sra.18688	NC_013715_1592163_1593688	90.787	521	20	15	66	560	1003	1521	0.0	681
ERR3077556.sra.18809	AY188353	73.247	1383	116	96	2440	3576	1516	142	7.16e-177	623
ERR3077556.sra.18879	gi|448824857|ref|NC_020231.1|_Caviid_herpesvirus_2_strain_21222,_complete_genome	87.324	71	2	2	72	142	223337	223400	3.15e-15	86.0
ERR3077556.sra.18919	NC_013520_103635_105185	85.000	220	10	12	2367	2566	1551	1335	2.12e-54	215
ERR3077556.sra.18971	NC_021040_348381_351031	82.927	82	10	4	499	578	2511	2590	3.90e-11	71.6
ERR3077556.sra.19065	AY995770	82.389	1482	99	79	843	2183	1483	23	0.0	1288
ERR3077556.sra.19069	NC_020450_475434_475549	94.286	35	2	0	3168	3202	60	26	5.77e-06	55.4
ERR3077556.sra.19168	NC_013520_103635_105185	87.042	355	13	14	1982	2304	1551	1198	8.07e-110	399
ERR3077556.sra.19274	NC_021350_359864_361325	74.839	155	32	5	1460	1610	1220	1371	6.68e-16	87.8
ERR3077556.sra.19373	AY879305	87.063	1546	82	61	1554	3014	6	1518	0.0	1718
ERR3077556.sra.19510	gi|189043078|ref|NC_010739.1|_Ursus_maritimus_papillomavirus_1,_complete_genome	76.667	90	17	3	1256	1342	3278	3366	4.06e-07	59.0
ERR3077556.sra.19546	X84007	82.407	1529	106	87	173	1554	1513	1	0.0	1305
ERR3077556.sra.19564	NC_013715_1592163_1593688	78.416	1427	137	91	90	1380	135	1526	0.0	930
ERR3077556.sra.19650	NC_021040_348381_351031	73.099	171	33	7	2013	2170	2599	2429	3.45e-14	82.4
ERR3077556.sra.19783	AY879305	76.135	1211	115	76	98	1159	1191	6	0.0	695
ERR3077556.sra.19802	NC_022239_16927_18470	81.936	692	52	35	1946	2582	1544	871	7.44e-168	592
ERR3077556.sra.19845	gi|11068003|ref|NC_002593.1|_Plutella_xylostella_granulovirus,_complete_genome	74.194	93	19	2	1492	1584	57732	57819	6.92e-06	55.4
ERR3077556.sra.19867	NC_021350_359864_361325	71.326	279	64	8	3051	3317	1452	1178	4.63e-26	122
ERR3077556.sra.19884	NC_015215_16481_18017	82.491	1582	151	67	1772	3277	6	1537	0.0	1416
ERR3077556.sra.19931	NC_021350_359864_361325	70.462	325	77	15	1574	1887	1452	1136	1.18e-20	104
ERR3077556.sra.20010	gi|526118633|ref|NC_021858.1|_Pandoravirus_dulcis,_complete_genome	86.275	51	7	0	2035	2085	96645	96695	1.04e-07	60.8
ERR3077556.sra.20089	DQ409140	84.194	1278	81	60	2935	4140	3	1231	0.0	1232
ERR3077556.sra.20122	NC_013203_1457029_1458528	70.178	845	98	62	1888	2585	13	850	3.62e-64	248
ERR3077556.sra.20160	NC_013715_1592163_1593688	90.141	142	7	4	122	256	1385	1526	5.43e-44	181
ERR3077556.sra.20175	X87758	72.309	957	79	68	81	855	1323	371	1.81e-107	392
ERR3077556.sra.20220	CP000725	84.731	1526	72	75	450	1835	1	1505	0.0	1508
ERR3077556.sra.20255	NC_020450_475434_475549	78.873	71	12	2	1582	1651	90	22	4.21e-06	55.4
ERR3077556.sra.20305	NC_013170_12849_14352	78.936	470	29	34	2199	2598	1484	1015	3.62e-83	311
ERR3077556.sra.20399	NC_020450_475434_475549	78.313	83	16	2	3787	3869	100	20	4.75e-08	62.6
ERR3077556.sra.20527	gi|48843719|ref|NC_005902.1|_Lymphocystis_disease_virus_-_isolate_China,_complete_genome	87.755	49	5	1	4091	4139	16612	16565	6.86e-07	59.0
ERR3077556.sra.20563	NR_024816	81.134	1023	95	55	1958	2899	3	1008	0.0	816
ERR3077556.sra.20637	NC_021350_359864_361325	70.601	466	113	15	2881	3327	1452	992	9.92e-43	178
ERR3077556.sra.20638	gi|448824857|ref|NC_020231.1|_Caviid_herpesvirus_2_strain_21222,_complete_genome	81.429	70	1	2	3	72	223343	223400	2.62e-10	69.8
ERR3077556.sra.20705	NC_021040_348381_351031	75.148	169	30	10	2988	3150	2597	2435	3.97e-14	82.4
ERR3077556.sra.20706	NC_013715_1592163_1593688	74.627	134	10	8	74	185	143	12	1.98e-12	75.2
ERR3077556.sra.20731	NC_013715_1592163_1593688	73.515	808	87	51	1492	2183	4	800	2.77e-103	378
ERR3077556.sra.20731	NC_013715_1592163_1593688	76.336	131	13	7	2357	2469	1052	1182	2.98e-14	82.4
ERR3077556.sra.20842	NC_021350_359864_361325	68.072	332	69	16	3164	3470	1426	1107	4.24e-14	82.4
ERR3077556.sra.20868	AY836507	77.228	1436	153	87	448	1732	41	1453	0.0	881
ERR3077556.sra.21012	gi|509139559|ref|NC_021320.1|_Halovirus_HRTV-5,_complete_genome	89.474	57	4	2	3263	3318	55882	55937	2.66e-10	69.8
ERR3077556.sra.21263	NC_021350_359864_361325	72.193	187	40	7	169	346	1230	1413	3.24e-14	82.4
ERR3077556.sra.21320	NC_010572_2102295_2103827	78.840	1569	201	67	266	1743	2	1530	0.0	1150
ERR3077556.sra.21492	gi|761895455|ref|NC_001650.2|_Equid_herpesvirus_2_strain_86_67,_complete_genome	75.758	99	19	2	1944	2037	145762	145860	3.96e-09	66.2
ERR3077556.sra.21506	NR_024816	80.801	1198	96	65	64	1143	312	1493	0.0	951
ERR3077556.sra.21560	NC_013715_1592163_1593688	85.860	1570	98	68	1418	2907	1526	1	0.0	1636
ERR3077556.sra.21561	NC_015215_16481_18017	85.760	1566	122	53	452	1945	1	1537	0.0	1671
ERR3077556.sra.21564	gi|441431943|ref|NC_020104.1|_Acanthamoeba_polyphaga_moumouvirus,_complete_genome	71.613	155	30	8	570	712	474737	474889	4.12e-07	59.0
ERR3077556.sra.21648	gi|313768203|ref|NC_014767.1|_Micromonas_sp._RCC1109_virus_MpV1,_complete_genome	87.931	58	7	0	820	877	138410	138467	1.92e-11	73.4
ERR3077556.sra.21725	NC_013715_1592163_1593688	88.411	1070	52	44	91	1106	475	1526	0.0	1238
ERR3077556.sra.21800	NC_015964_438409_439961	86.082	970	65	45	912	1835	1551	606	0.0	1002
ERR3077556.sra.21801	gi|313767999|ref|NC_014765.1|_Bathycoccus_sp._RCC1105_virus_BpV1,_complete_genome	70.621	177	50	2	795	970	7794	7619	4.37e-13	78.8
ERR3077556.sra.21811	AY349403	85.123	1546	93	66	2357	3788	1527	5	0.0	1577
ERR3077556.sra.21949	gi|441431939|ref|NC_020102.1|_Aspergillus_foetidus_dsRNA_mycovirus_ORF1,_segment_4,_genomic_RNA	95.349	43	0	1	357	397	1991	1949	1.99e-09	66.2
ERR3077556.sra.21999	D86183	86.395	882	40	41	81	918	673	1518	0.0	937
ERR3077556.sra.22059	gi|313768203|ref|NC_014767.1|_Micromonas_sp._RCC1109_virus_MpV1,_complete_genome	84.375	64	7	3	2534	2596	138471	138410	1.18e-07	60.8
ERR3077556.sra.22238	NC_016912_448817_450376	73.653	835	92	50	96	807	728	1557	2.48e-111	405
ERR3077556.sra.22277	NC_021020_589522_591540	81.111	90	9	4	1287	1371	237	151	5.57e-12	75.2
ERR3077556.sra.22298	gi|313767999|ref|NC_014765.1|_Bathycoccus_sp._RCC1105_virus_BpV1,_complete_genome	68.246	211	57	7	1956	2158	7743	7535	1.19e-06	57.2
ERR3077556.sra.22318	NC_006449_17815_19369	82.273	220	24	11	110	318	1340	1555	4.05e-45	185
ERR3077556.sra.22422	EU126662	83.900	1205	78	56	2606	3722	1453	277	0.0	1151
ERR3077556.sra.22444	NC_013203_1457029_1458528	87.442	1521	69	53	243	1666	5	1500	0.0	1754
ERR3077556.sra.22462	gi|472342562|ref|NC_020864.1|_Micromonas_pusilla_virus_12T_genomic_sequence	86.000	50	6	1	1514	1563	166743	166695	4.99e-06	55.4
ERR3077556.sra.22500	AM157441	83.075	1353	92	61	55	1283	1380	41	0.0	1256
ERR3077556.sra.22628	NC_021009_505857_508732	77.236	123	15	8	3053	3170	231	345	7.07e-11	71.6
ERR3077556.sra.22697	NC_013715_1592163_1593688	86.709	1565	92	65	1502	2996	1526	8	0.0	1696
ERR3077556.sra.22738	gi|11068003|ref|NC_002593.1|_Plutella_xylostella_granulovirus,_complete_genome	73.109	119	29	1	577	692	57701	57819	2.63e-10	69.8
ERR3077556.sra.22790	NC_015215_16481_18017	85.915	1569	112	68	1260	2756	5	1536	0.0	1626
ERR3077556.sra.22845	AF320620	71.987	1485	135	102	493	1708	1474	2	2.30e-169	598
ERR3077556.sra.22957	gi|73852470|ref|NC_007346.1|_Emiliania_huxleyi_virus_86,_complete_genome	74.286	105	24	2	2676	2777	18969	18865	3.83e-08	62.6
ERR3077556.sra.23091	X84007	77.362	1524	116	91	217	1525	4	1513	0.0	993
ERR3077556.sra.23286	NC_012803_419927_421558	84.504	413	38	13	4204	4599	1589	1186	4.96e-116	421
ERR3077556.sra.23369	AF543299	82.338	385	26	19	3808	4170	2	366	1.20e-91	340
ERR3077556.sra.23419	NC_015678_4661_6196	85.214	886	69	38	46	892	863	1	0.0	892
ERR3077556.sra.23532	NC_015875_2081382_2082934	85.882	85	5	3	3820	3899	1	83	2.64e-17	93.3
ERR3077556.sra.23553	NC_013714_1976919_1978437	83.468	1240	75	63	63	1192	300	1519	0.0	1146
ERR3077556.sra.23592	AY584476	86.391	1499	72	67	3231	4630	4	1469	0.0	1600
ERR3077556.sra.23600	AY349404	82.323	973	82	52	1295	2199	1534	584	0.0	827
ERR3077556.sra.23603	NC_009632_541500_543044	90.547	1555	49	44	407	1881	1541	5	0.0	2031
