ERR3077557.sra.129	NC_020450_475434_475549	79.730	74	12	2	580	651	19	91	8.32e-08	60.8
ERR3077557.sra.153	NC_017595_14961_16496	76.220	656	42	42	14	561	995	346	3.72e-108	394
ERR3077557.sra.160	gi|163954976|ref|NC_010191.1|_Ostreococcus_virus_OsV5,_complete_genome	73.913	115	24	4	1618	1728	10113	10001	7.06e-08	60.8
ERR3077557.sra.183	CP001015	90.183	876	37	31	2300	3145	1	857	0.0	1097
ERR3077557.sra.204	AF224299	81.697	1355	115	66	935	2176	1516	182	0.0	1148
ERR3077557.sra.549	NC_014498_31096_32654	85.935	583	30	26	56	596	577	5	8.51e-174	612
ERR3077557.sra.561	CP001015	82.691	1479	114	64	996	2353	1458	1	0.0	1353
ERR3077557.sra.588	NC_020450_475434_475549	86.517	89	7	3	486	573	103	19	4.85e-19	98.7
ERR3077557.sra.661	CP001015	84.938	1454	83	72	819	2156	1	1434	0.0	1433
ERR3077557.sra.666	CP001015	87.457	1459	67	73	966	2331	1438	3	0.0	1582
ERR3077557.sra.687	NC_020450_475434_475549	81.081	74	12	1	1495	1568	97	26	1.02e-09	68.0
ERR3077557.sra.691	gi|9625955|ref|NC_001350.1|_Saimiriine_herpesvirus_2_complete_genome	73.109	119	28	3	3484	3601	106713	106828	1.58e-07	60.8
ERR3077557.sra.691	gi|9625955|ref|NC_001350.1|_Saimiriine_herpesvirus_2_complete_genome	72.816	103	21	2	3485	3587	106525	106620	1.93e-06	57.2
ERR3077557.sra.691	gi|9625955|ref|NC_001350.1|_Saimiriine_herpesvirus_2_complete_genome	77.333	75	15	1	3482	3556	106612	106684	1.93e-06	57.2
ERR3077557.sra.799	gi|441431943|ref|NC_020104.1|_Acanthamoeba_polyphaga_moumouvirus,_complete_genome	79.339	121	18	4	3070	3183	474894	474774	6.09e-18	95.1
ERR3077557.sra.807	CP000725	86.277	1523	78	66	604	2008	1510	1	0.0	1626
ERR3077557.sra.821	gi|441431943|ref|NC_020104.1|_Acanthamoeba_polyphaga_moumouvirus,_complete_genome	78.641	103	19	2	397	496	474771	474873	8.00e-14	80.6
ERR3077557.sra.833	gi|441431943|ref|NC_020104.1|_Acanthamoeba_polyphaga_moumouvirus,_complete_genome	86.667	45	6	0	1880	1924	627812	627768	4.28e-06	55.4
ERR3077557.sra.911	NC_014498_31096_32654	80.615	846	49	46	88	832	836	5	0.0	682
ERR3077557.sra.931	NC_017059_39033_40502	83.607	61	8	2	2470	2529	1450	1391	3.53e-07	59.0
ERR3077557.sra.933	gi|311977355|ref|NC_014649.1|_Acanthamoeba_polyphaga_mimivirus,_complete_genome	72.185	151	37	3	3155	3305	299051	299196	6.43e-12	75.2
ERR3077557.sra.933	gi|311977355|ref|NC_014649.1|_Acanthamoeba_polyphaga_mimivirus,_complete_genome	68.687	198	57	3	3067	3263	884729	884536	2.74e-10	69.8
ERR3077557.sra.933	gi|311977355|ref|NC_014649.1|_Acanthamoeba_polyphaga_mimivirus,_complete_genome	69.110	191	54	3	3112	3302	884809	884624	2.74e-10	69.8
ERR3077557.sra.933	gi|311977355|ref|NC_014649.1|_Acanthamoeba_polyphaga_mimivirus,_complete_genome	67.083	240	64	5	3067	3305	884765	884540	9.55e-10	68.0
ERR3077557.sra.933	gi|311977355|ref|NC_014649.1|_Acanthamoeba_polyphaga_mimivirus,_complete_genome	69.737	152	42	2	3112	3263	878066	877919	4.06e-08	62.6
ERR3077557.sra.933	gi|311977355|ref|NC_014649.1|_Acanthamoeba_polyphaga_mimivirus,_complete_genome	67.662	201	56	4	3066	3263	878149	877955	1.42e-07	60.8
ERR3077557.sra.933	gi|311977355|ref|NC_014649.1|_Acanthamoeba_polyphaga_mimivirus,_complete_genome	68.421	152	35	2	3114	3265	884843	884705	1.42e-07	60.8
ERR3077557.sra.933	gi|311977355|ref|NC_014649.1|_Acanthamoeba_polyphaga_mimivirus,_complete_genome	69.872	156	42	3	3147	3302	885737	885587	1.42e-07	60.8
ERR3077557.sra.933	gi|311977355|ref|NC_014649.1|_Acanthamoeba_polyphaga_mimivirus,_complete_genome	69.375	160	44	3	3105	3263	878191	878036	4.95e-07	59.0
ERR3077557.sra.933	gi|311977355|ref|NC_014649.1|_Acanthamoeba_polyphaga_mimivirus,_complete_genome	67.513	197	55	4	3105	3294	88357	88163	1.73e-06	57.2
ERR3077557.sra.933	gi|311977355|ref|NC_014649.1|_Acanthamoeba_polyphaga_mimivirus,_complete_genome	71.028	107	18	2	3153	3259	239398	239491	1.73e-06	57.2
ERR3077557.sra.933	gi|311977355|ref|NC_014649.1|_Acanthamoeba_polyphaga_mimivirus,_complete_genome	69.231	156	43	3	3105	3259	299585	299736	1.73e-06	57.2
ERR3077557.sra.933	gi|311977355|ref|NC_014649.1|_Acanthamoeba_polyphaga_mimivirus,_complete_genome	69.079	152	43	2	3112	3263	878264	878117	1.73e-06	57.2
ERR3077557.sra.933	gi|311977355|ref|NC_014649.1|_Acanthamoeba_polyphaga_mimivirus,_complete_genome	68.212	151	35	3	3114	3264	88104	87967	6.03e-06	55.4
ERR3077557.sra.933	gi|311977355|ref|NC_014649.1|_Acanthamoeba_polyphaga_mimivirus,_complete_genome	72.549	102	16	3	3112	3213	239402	239491	6.03e-06	55.4
ERR3077557.sra.933	gi|311977355|ref|NC_014649.1|_Acanthamoeba_polyphaga_mimivirus,_complete_genome	67.164	201	57	4	3066	3263	878266	878072	6.03e-06	55.4
ERR3077557.sra.1039	AY879305	90.205	1123	50	34	2033	3103	1518	404	0.0	1431
ERR3077557.sra.1058	AF003929	75.052	958	96	59	1816	2643	5	949	5.83e-144	513
ERR3077557.sra.1087	gi|363539767|ref|NC_016072.1|_Megavirus_chiliensis,_complete_genome	69.620	237	59	9	1279	1510	337121	337349	8.31e-12	75.2
ERR3077557.sra.1087	gi|363539767|ref|NC_016072.1|_Megavirus_chiliensis,_complete_genome	71.795	117	23	3	1896	2011	1235223	1235330	6.39e-07	59.0
ERR3077557.sra.1087	gi|363539767|ref|NC_016072.1|_Megavirus_chiliensis,_complete_genome	72.881	118	29	3	1896	2011	1235232	1235348	6.39e-07	59.0
ERR3077557.sra.1087	gi|363539767|ref|NC_016072.1|_Megavirus_chiliensis,_complete_genome	67.123	219	53	7	1235	1450	337183	337385	2.23e-06	57.2
ERR3077557.sra.1197	AY485603	79.577	1278	133	59	1425	2591	15	1275	0.0	978
ERR3077557.sra.1443	NC_016809_179310_180858	90.608	181	6	8	77	250	182	6	3.58e-57	224
ERR3077557.sra.1457	NC_014498_31096_32654	85.205	757	53	32	38	754	822	1559	0.0	769
ERR3077557.sra.1614	gi|158380386|ref|NC_009552.2|_Geobacillus_virus_E2,_complete_genome	70.621	177	42	5	1218	1388	37776	37948	6.26e-11	71.6
ERR3077557.sra.1692	NC_020450_475434_475549	82.418	91	14	2	2745	2834	111	22	2.91e-15	86.0
ERR3077557.sra.1759	gi|139424470|ref|NC_009334.1|_Human_herpesvirus_4,_complete_genome	74.828	2475	247	158	49	2163	141068	138610	0.0	1281
ERR3077557.sra.1759	gi|139424470|ref|NC_009334.1|_Human_herpesvirus_4,_complete_genome	76.923	91	16	2	848	936	139991	139904	2.04e-09	66.2
ERR3077557.sra.1920	CP001015	86.252	1462	77	59	1025	2378	1446	1	0.0	1577
ERR3077557.sra.1936	NC_022655_1696703_1698247	81.402	1027	65	50	1630	2539	1	1018	0.0	879
ERR3077557.sra.1987	gi|506498274|ref|NC_021248.1|_Choristoneura_biennis_entomopoxvirus_'L',_complete_genome	78.824	85	14	3	1875	1958	35744	35663	3.81e-08	62.6
ERR3077557.sra.2204	NC_013853_16701_18238	78.480	855	67	51	148	902	700	1537	8.02e-167	589
ERR3077557.sra.2217	NC_020450_475434_475549	77.108	83	17	2	2994	3074	101	19	1.50e-06	57.2
ERR3077557.sra.2351	NC_003028_15344_16903	82.126	207	12	12	1673	1865	1560	1365	1.36e-42	176
ERR3077557.sra.2373	NC_021350_359864_361325	67.890	327	86	9	1632	1944	1133	1454	1.35e-17	93.3
ERR3077557.sra.2424	NC_015875_2081382_2082934	80.966	352	19	20	1121	1427	10	358	7.90e-76	286
ERR3077557.sra.2439	AF003930	83.544	790	60	40	1894	2633	1475	706	0.0	722
ERR3077557.sra.2450	NC_018630_15355_16888	80.906	618	48	31	99	661	932	1534	1.25e-141	506
ERR3077557.sra.2463	AF003930	87.240	1536	88	62	547	2014	2	1497	0.0	1707
ERR3077557.sra.2697	gi|509139559|ref|NC_021320.1|_Halovirus_HRTV-5,_complete_genome	85.714	56	7	1	1685	1739	55882	55937	3.46e-08	62.6
ERR3077557.sra.2830	NC_020450_475434_475549	80.556	72	11	3	2846	2916	103	34	2.26e-06	57.2
ERR3077557.sra.2897	NC_010380_15372_16805	77.729	229	24	13	2210	2415	41	265	2.42e-34	149
ERR3077557.sra.2987	NC_014498_31096_32654	71.628	1579	201	94	449	1800	1	1559	3.06e-178	627
ERR3077557.sra.3131	CP001015	85.145	1279	82	46	1179	2394	1	1234	0.0	1341
ERR3077557.sra.3161	NC_014498_31096_32654	86.198	797	47	33	1932	2690	1	772	0.0	850
ERR3077557.sra.3320	NC_017451_357249_358787	88.111	1556	73	60	582	2046	1536	2	0.0	1802
ERR3077557.sra.3414	gi|506497718|ref|NC_021246.1|_Mythimna_separata_entomopoxvirus_'L',_complete_genome	80.000	70	8	3	1025	1093	127646	127710	4.84e-06	55.4
ERR3077557.sra.3513	gi|582973099|ref|NC_023426.1|_Anomala_cuprea_entomopoxvirus_DNA,_complete_genome,_strain:_CV6M	76.744	86	16	3	540	623	3474	3391	4.10e-06	55.4
ERR3077557.sra.3513	gi|582973099|ref|NC_023426.1|_Anomala_cuprea_entomopoxvirus_DNA,_complete_genome,_strain:_CV6M	76.744	86	16	3	540	623	242244	242327	4.10e-06	55.4
ERR3077557.sra.3539	CP001015	89.628	1504	44	67	947	2384	1	1458	0.0	1808
ERR3077557.sra.3565	NC_016809_179310_180858	86.111	216	10	11	63	258	1326	1541	1.03e-56	223
ERR3077557.sra.3654	gi|363539767|ref|NC_016072.1|_Megavirus_chiliensis,_complete_genome	83.000	100	15	2	2981	3080	550430	550527	2.07e-18	96.9
ERR3077557.sra.3680	NC_021350_359864_361325	71.875	160	37	8	2138	2294	1287	1133	1.17e-06	57.2
ERR3077557.sra.3710	gi|441431943|ref|NC_020104.1|_Acanthamoeba_polyphaga_moumouvirus,_complete_genome	76.056	142	27	5	1524	1663	474860	474724	8.21e-16	87.8
ERR3077557.sra.3710	gi|441431943|ref|NC_020104.1|_Acanthamoeba_polyphaga_moumouvirus,_complete_genome	74.167	120	25	4	1536	1653	290843	290958	9.37e-09	64.4
ERR3077557.sra.3831	CP001015	83.079	1442	76	75	1069	2358	1458	33	0.0	1314
ERR3077557.sra.3988	NC_021009_505857_508732	77.391	115	19	5	613	724	296	186	6.21e-12	75.2
ERR3077557.sra.4059	CP001015	82.945	1460	123	71	997	2350	1	1440	0.0	1305
ERR3077557.sra.4128	CP001015	85.174	1295	69	58	64	1251	180	1458	0.0	1319
ERR3077557.sra.4131	NC_015964_438409_439961	82.870	1582	129	73	2105	3573	1	1553	0.0	1431
ERR3077557.sra.4136	gi|509139559|ref|NC_021320.1|_Halovirus_HRTV-5,_complete_genome	87.719	57	5	2	1470	1526	55883	55937	1.43e-08	64.4
ERR3077557.sra.4165	CP001015	89.591	1297	49	48	1605	2833	1458	180	0.0	1591
ERR3077557.sra.4194	gi|118496614|ref|NC_008603.1|_Paramecium_bursaria_Chlorella_virus_FR483,_complete_genome	84.906	53	6	2	495	545	142509	142561	9.59e-06	53.6
ERR3077557.sra.4225	gi|363539767|ref|NC_016072.1|_Megavirus_chiliensis,_complete_genome	75.758	132	27	4	361	488	361835	361705	1.42e-13	80.6
ERR3077557.sra.4225	gi|363539767|ref|NC_016072.1|_Megavirus_chiliensis,_complete_genome	80.303	66	13	0	1337	1402	552503	552568	1.33e-07	60.8
ERR3077557.sra.4244	gi|326910946|ref|NC_015300.1|_Rose_rosette_virus_RNA3,_complete_genome	75.758	99	14	4	975	1073	419	331	4.68e-08	62.6
ERR3077557.sra.4250	NC_021350_359864_361325	72.414	203	47	6	2706	2905	1332	1136	5.82e-18	95.1
ERR3077557.sra.4310	NC_020450_475434_475549	80.899	89	11	4	613	699	19	103	5.10e-11	71.6
ERR3077557.sra.4345	CP001015	87.466	1476	69	50	1380	2757	1458	1	0.0	1707
ERR3077557.sra.4369	GQ009028	73.439	1073	138	75	108	1053	232	1284	2.20e-123	444
ERR3077557.sra.4407	NC_022245_16649_18192	73.228	381	33	29	1073	1388	1543	1167	8.49e-38	159
ERR3077557.sra.4641	gi|441431943|ref|NC_020104.1|_Acanthamoeba_polyphaga_moumouvirus,_complete_genome	73.837	172	33	4	540	702	474726	474894	7.39e-20	100
ERR3077557.sra.4641	gi|441431943|ref|NC_020104.1|_Acanthamoeba_polyphaga_moumouvirus,_complete_genome	72.277	101	25	1	537	637	290969	290872	2.76e-06	55.4
ERR3077557.sra.4651	AY613590	81.102	1434	129	71	72	1384	126	1538	0.0	1173
ERR3077557.sra.4752	AY995770	81.041	1229	102	61	77	1186	1221	5	0.0	1012
ERR3077557.sra.4800	NC_007146_193215_194753	71.923	1040	110	68	728	1597	116	1143	2.05e-115	417
ERR3077557.sra.4823	DQ232536	82.473	833	70	41	2774	3540	1	823	0.0	728
ERR3077557.sra.4830	NC_020450_475434_475549	79.545	88	12	3	1110	1194	19	103	2.63e-10	69.8
ERR3077557.sra.4867	NC_014251_60580_62113	79.690	1226	87	77	68	1138	316	1534	0.0	888
ERR3077557.sra.4881	NC_022655_1696703_1698247	79.472	1213	85	71	110	1179	1220	29	0.0	893
ERR3077557.sra.4958	NC_017511_1177616_1179168	86.250	160	7	7	2458	2602	35	194	2.30e-41	172
ERR3077557.sra.5207	CP001015	90.399	1479	52	49	430	1839	1458	1	0.0	1887
ERR3077557.sra.5217	NC_021040_348381_351031	75.610	164	30	6	2373	2527	2597	2435	4.75e-19	98.7
ERR3077557.sra.5247	NC_020450_475434_475549	80.000	75	10	2	1550	1620	98	25	9.95e-09	64.4
ERR3077557.sra.5285	AF366266	75.392	1211	110	74	88	1120	1201	1	0.0	679
ERR3077557.sra.5383	CP001015	84.331	1436	78	75	1085	2385	1442	19	0.0	1370
ERR3077557.sra.5394	NC_014498_31096_32654	87.582	306	11	19	2233	2514	1559	1257	6.79e-86	320
ERR3077557.sra.5396	CP001015	83.470	1095	88	49	1976	3013	11	1069	0.0	1021
ERR3077557.sra.5452	NC_022245_16649_18192	83.871	217	17	11	80	282	1328	1540	4.84e-50	201
ERR3077557.sra.5482	NC_007146_193215_194753	80.440	818	74	42	1615	2354	19	828	0.0	643
ERR3077557.sra.5506	CP001015	79.769	1473	138	74	1049	2378	1	1456	0.0	1124
ERR3077557.sra.5516	NC_014498_31096_32654	78.796	731	74	35	56	718	722	5	3.11e-150	535
ERR3077557.sra.5619	NC_010380_15372_16805	79.426	209	12	14	1907	2093	39	238	2.07e-34	149
ERR3077557.sra.5658	NC_021350_359864_361325	69.366	284	73	7	3032	3303	1133	1414	5.20e-20	102
ERR3077557.sra.5757	gi|313767999|ref|NC_014765.1|_Bathycoccus_sp._RCC1105_virus_BpV1,_complete_genome	72.449	98	22	1	116	208	11392	11489	3.94e-06	55.4
ERR3077557.sra.5782	gi|508181800|ref|NC_021312.1|_Phaeocystis_globosa_virus_strain_16T,_complete_genome	75.949	79	10	2	476	545	448931	449009	7.28e-07	57.2
ERR3077557.sra.5813	NC_020450_475434_475549	85.526	76	7	3	2741	2812	94	19	5.82e-13	78.8
ERR3077557.sra.5843	NC_003028_15344_16903	91.941	273	9	4	2671	2935	1560	1293	6.48e-106	387
ERR3077557.sra.5913	NC_021350_359864_361325	69.424	278	61	12	107	360	1272	995	1.17e-15	86.0
ERR3077557.sra.6032	NC_016809_179310_180858	83.150	273	18	13	97	345	1281	1549	1.99e-65	251
ERR3077557.sra.6128	gi|311977355|ref|NC_014649.1|_Acanthamoeba_polyphaga_mimivirus,_complete_genome	72.956	159	35	7	1859	2011	518168	518324	1.68e-10	69.8
ERR3077557.sra.6181	NC_003098_15161_16674	76.496	1370	133	82	52	1249	161	1513	0.0	820
ERR3077557.sra.6194	NC_021040_348381_351031	86.667	60	4	2	1644	1699	2585	2526	4.63e-10	68.0
ERR3077557.sra.6201	NC_021350_359864_361325	69.456	239	58	5	898	1123	1369	1133	1.20e-17	93.3
ERR3077557.sra.6202	NC_021350_359864_361325	88.636	44	5	0	638	681	1250	1293	1.41e-06	57.2
ERR3077557.sra.6221	CP001015	85.758	990	49	44	65	979	486	1458	0.0	1034
ERR3077557.sra.6246	NC_014498_31096_32654	81.212	990	70	51	2264	3153	1	974	0.0	821
ERR3077557.sra.6272	NC_020450_475434_475549	79.070	86	12	3	539	620	103	20	1.95e-09	66.2
ERR3077557.sra.6352	CP001015	86.004	1479	98	68	680	2096	9	1440	0.0	1526
ERR3077557.sra.6359	gi|9625955|ref|NC_001350.1|_Saimiriine_herpesvirus_2_complete_genome	70.745	188	36	9	2371	2549	106764	106587	9.30e-10	68.0
ERR3077557.sra.6359	gi|9625955|ref|NC_001350.1|_Saimiriine_herpesvirus_2_complete_genome	69.588	194	34	10	2371	2549	106824	106641	3.95e-08	62.6
ERR3077557.sra.6359	gi|9625955|ref|NC_001350.1|_Saimiriine_herpesvirus_2_complete_genome	69.136	162	36	5	2398	2549	106696	106539	1.68e-06	57.2
ERR3077557.sra.6400	gi|9632388|ref|NC_002051.1|_Tomato_spotted_wilt_virus_RNA_S,_complete_sequence	80.342	117	18	1	26	142	1725	1836	9.15e-22	107
ERR3077557.sra.6415	NC_014498_31096_32654	85.419	871	57	35	395	1204	1	862	0.0	904
ERR3077557.sra.6454	gi|422933791|ref|NC_019495.1|_Cyprinid_herpesvirus_2_strain_ST-J1,_complete_genome	72.571	175	37	7	1193	1366	32563	32727	3.81e-13	78.8
ERR3077557.sra.6478	AY281082	85.215	1001	67	45	56	996	425	1404	0.0	1009
ERR3077557.sra.6520	gi|314055095|ref|NC_014789.1|_Ostreococcus_tauri_virus_2,_complete_genome	77.622	143	23	4	175	313	9197	9334	8.31e-21	104
ERR3077557.sra.6544	CP001015	89.392	1480	54	51	570	1968	1458	1	0.0	1824
ERR3077557.sra.6607	CP001015	85.294	986	61	37	51	957	981	1	0.0	1034
ERR3077557.sra.6651	NC_014498_31096_32654	87.685	203	9	9	62	251	204	5	4.38e-58	228
ERR3077557.sra.6866	NC_016809_179310_180858	82.102	352	28	17	87	410	348	4	1.65e-81	306
ERR3077557.sra.7149	NC_014498_31096_32654	81.461	534	37	23	65	549	521	1	5.98e-131	470
ERR3077557.sra.7214	NC_015875_2081382_2082934	74.743	487	47	34	85	503	481	3	1.51e-61	239
ERR3077557.sra.7379	NC_021020_589522_591540	74.615	130	29	3	178	306	266	140	1.57e-12	77.0
ERR3077557.sra.7542	gi|441431943|ref|NC_020104.1|_Acanthamoeba_polyphaga_moumouvirus,_complete_genome	71.667	180	39	7	1313	1484	474921	474746	5.82e-12	75.2
ERR3077557.sra.7612	gi|441431943|ref|NC_020104.1|_Acanthamoeba_polyphaga_moumouvirus,_complete_genome	73.514	185	38	6	1059	1235	474713	474894	1.67e-18	96.9
ERR3077557.sra.7627	NC_022584_1536869_1538421	86.234	1155	50	51	1762	2821	1545	405	0.0	1234
ERR3077557.sra.7642	NC_020450_475434_475549	83.099	71	10	2	2120	2188	19	89	1.27e-09	68.0
ERR3077557.sra.7668	NC_016826_16620_18163	89.971	349	18	11	2155	2492	1540	1198	3.49e-121	437
ERR3077557.sra.7689	NC_022584_1536869_1538421	85.109	685	46	28	73	727	895	1553	0.0	700
ERR3077557.sra.7726	NC_021040_348381_351031	74.419	129	28	4	767	892	2478	2604	4.13e-11	71.6
ERR3077557.sra.7875	NC_021040_348381_351031	76.608	171	27	8	350	515	2435	2597	1.33e-20	104
ERR3077557.sra.7937	NC_015875_2081382_2082934	74.506	506	33	37	2568	2979	309	812	3.43e-65	251
ERR3077557.sra.7966	NC_003028_15344_16903	88.081	495	27	15	82	548	1070	1560	1.14e-166	589
ERR3077557.sra.8005	CP001015	82.059	1059	68	57	2506	3462	1	1039	0.0	906
ERR3077557.sra.8010	NC_020450_475434_475549	78.495	93	15	2	528	615	111	19	5.34e-12	73.4
ERR3077557.sra.8072	CP001015	85.768	1335	78	64	147	1409	1295	1	0.0	1364
ERR3077557.sra.8077	CP001015	82.569	1331	88	72	59	1279	158	1454	0.0	1160
ERR3077557.sra.8193	gi|62443971|ref|NC_006967.1|_Deerpox_virus_W-1170-84,_complete_genome	83.333	54	9	0	24	77	157465	157518	2.04e-06	57.2
ERR3077557.sra.8250	CP001015	85.810	1339	82	57	101	1368	157	1458	0.0	1398
ERR3077557.sra.8317	NC_007146_193215_194753	83.284	1346	88	62	56	1286	209	1532	0.0	1258
ERR3077557.sra.8385	AY134901	84.184	803	58	37	1689	2431	1507	714	0.0	771
ERR3077557.sra.8479	NC_014498_31096_32654	83.929	56	6	2	88	140	56	1	3.30e-06	55.4
ERR3077557.sra.8658	NC_009566_376402_377942	71.429	609	46	38	86	570	606	2	1.55e-67	259
ERR3077557.sra.8782	gi|441431943|ref|NC_020104.1|_Acanthamoeba_polyphaga_moumouvirus,_complete_genome	75.735	136	27	4	76	209	474763	474894	6.51e-15	84.2
ERR3077557.sra.8788	NC_020450_475434_475549	80.952	84	10	3	985	1063	103	21	4.83e-11	71.6
ERR3077557.sra.8893	NC_021350_359864_361325	71.246	313	79	8	2120	2422	1444	1133	1.89e-29	132
ERR3077557.sra.8905	NC_020450_475434_475549	92.308	39	3	0	194	232	19	57	9.04e-07	57.2
ERR3077557.sra.8951	CP001015	88.275	1484	63	54	1018	2417	1457	1	0.0	1748
ERR3077557.sra.8978	gi|441431943|ref|NC_020104.1|_Acanthamoeba_polyphaga_moumouvirus,_complete_genome	80.000	125	19	3	2791	2910	474771	474894	3.99e-21	105
ERR3077557.sra.9078	NC_016809_179310_180858	75.984	254	26	18	136	358	1296	1545	5.73e-30	134
ERR3077557.sra.9081	NC_007146_193215_194753	79.095	751	75	43	2398	3097	25	744	3.09e-148	527
ERR3077557.sra.9086	NC_020450_475434_475549	81.609	87	11	2	1867	1950	103	19	1.08e-13	80.6
ERR3077557.sra.9097	CP001015	85.003	1487	78	74	518	1888	1458	1	0.0	1474
ERR3077557.sra.9115	NC_020450_475434_475549	81.176	85	12	2	892	973	103	20	1.20e-12	77.0
ERR3077557.sra.9119	NC_016809_179310_180858	82.424	330	26	18	1846	2148	13	337	1.46e-74	282
ERR3077557.sra.9155	NC_015875_2081382_2082934	84.324	370	35	16	1959	2313	11	372	3.02e-96	354
ERR3077557.sra.9245	NC_014498_31096_32654	84.746	177	10	6	84	245	179	5	1.18e-45	187
ERR3077557.sra.9255	NC_020450_475434_475549	80.233	86	9	6	147	227	19	101	3.52e-07	59.0
ERR3077557.sra.9304	gi|441431943|ref|NC_020104.1|_Acanthamoeba_polyphaga_moumouvirus,_complete_genome	79.032	124	21	4	1011	1129	474894	474771	2.60e-17	93.3
ERR3077557.sra.9440	CP001015	88.016	1018	47	41	41	997	454	1457	0.0	1169
ERR3077557.sra.9601	gi|314055095|ref|NC_014789.1|_Ostreococcus_tauri_virus_2,_complete_genome	75.000	144	27	5	1197	1334	9194	9334	6.27e-15	84.2
ERR3077557.sra.9694	NC_021040_348381_351031	80.000	100	14	5	79	174	2492	2589	2.59e-11	73.4
ERR3077557.sra.9953	AF224299	78.256	906	86	56	117	953	653	1516	2.01e-168	594
ERR3077557.sra.10012	NC_023037_13451_15024	89.041	73	5	2	93	162	73	1	2.15e-16	89.7
ERR3077557.sra.10069	NC_016809_179310_180858	75.817	306	29	23	2279	2552	8	300	1.73e-36	156
ERR3077557.sra.10071	NC_015875_2081382_2082934	79.539	738	41	49	66	706	731	7	7.57e-149	529
ERR3077557.sra.10199	NC_016809_179310_180858	90.710	183	2	8	62	232	1368	1547	2.04e-59	232
ERR3077557.sra.10390	NC_014498_31096_32654	73.871	310	26	21	84	345	1256	1558	3.80e-34	149
ERR3077557.sra.10436	CP001015	86.724	1499	87	65	743	2170	1	1458	0.0	1615
ERR3077557.sra.10488	AF287781	83.930	1537	112	70	655	2111	1	1482	0.0	1465
ERR3077557.sra.10733	CP001015	80.556	756	62	41	103	789	740	1	8.86e-168	592
ERR3077557.sra.10739	CP001015	89.514	1316	60	50	1763	3012	1458	155	0.0	1597
ERR3077557.sra.10775	gi|57659323|ref|NC_006645.1|_Cotesia_congregata_virus_complete_genome,_segment_Circle13	79.452	73	10	3	157	228	2946	2878	2.12e-06	55.4
ERR3077557.sra.10843	DQ232536	72.885	461	41	32	1588	1969	1	456	1.39e-49	199
ERR3077557.sra.10879	NC_017451_357249_358787	81.659	916	72	50	75	914	644	1539	0.0	756
ERR3077557.sra.10889	NC_021350_359864_361325	72.581	186	40	5	2502	2682	1397	1218	1.85e-17	93.3
ERR3077557.sra.10938	CP001015	87.776	1268	57	53	2061	3270	1	1228	0.0	1438
ERR3077557.sra.10960	Y13364	73.684	418	51	27	1519	1887	1465	1058	1.13e-46	190
ERR3077557.sra.10960	Y13364	73.333	135	20	5	1996	2117	1235	1366	2.19e-11	73.4
ERR3077557.sra.11070	NC_003028_15344_16903	90.122	739	34	22	1698	2413	1	723	0.0	940
ERR3077557.sra.11195	gi|310830989|ref|NC_014637.1|_Cafeteria_roenbergensis_virus_BV-PW1,_complete_genome	73.649	148	34	3	3668	3815	451455	451313	4.74e-14	82.4
ERR3077557.sra.11210	gi|509139559|ref|NC_021320.1|_Halovirus_HRTV-5,_complete_genome	84.211	57	8	1	1606	1662	55882	55937	2.83e-07	59.0
ERR3077557.sra.11211	CP001015	86.875	1379	82	61	2615	3905	1458	91	0.0	1485
ERR3077557.sra.11270	gi|9629818|ref|NC_001847.1|_Bovine_herpesvirus_1,_complete_genome	80.645	62	11	1	2316	2376	98455	98394	4.58e-06	55.4
ERR3077557.sra.11444	NC_014498_31096_32654	86.034	179	6	10	2128	2295	1	171	1.12e-44	183
ERR3077557.sra.11489	gi|314055095|ref|NC_014789.1|_Ostreococcus_tauri_virus_2,_complete_genome	73.373	169	32	7	1863	2025	9243	9404	3.88e-14	82.4
ERR3077557.sra.11565	NC_009567_443072_444611	85.146	754	40	34	1099	1790	4	747	0.0	767
ERR3077557.sra.11642	gi|9632388|ref|NC_002051.1|_Tomato_spotted_wilt_virus_RNA_S,_complete_sequence	82.000	100	18	0	10	109	1725	1824	1.04e-19	100
ERR3077557.sra.11661	NC_003028_15344_16903	87.834	337	17	14	2079	2395	1	333	2.25e-104	381
ERR3077557.sra.11746	AY613590	86.606	1202	70	49	1102	2235	7	1185	0.0	1303
ERR3077557.sra.11812	NC_020450_475434_475549	83.750	80	12	1	2712	2790	99	20	4.01e-14	82.4
ERR3077557.sra.11868	gi|188543102|ref|NC_010708.1|_Thottapalayam_virus_segment_M,_complete_sequence	81.522	92	13	2	3984	4075	3560	3473	1.51e-14	84.2
ERR3077557.sra.11969	gi|148828660|ref|NC_009560.1|_Tomato_yellow_leaf_curl_Vietnam_virus_satellite_DNA_beta,_complete_genome	76.250	80	19	0	39	118	1010	931	6.44e-07	59.0
ERR3077557.sra.12033	NC_017592_15332_16890	88.935	723	27	24	43	717	722	5	0.0	883
ERR3077557.sra.12072	gi|163954976|ref|NC_010191.1|_Ostreococcus_virus_OsV5,_complete_genome	72.727	143	29	7	87	226	9910	10045	8.52e-08	60.8
ERR3077557.sra.12115	NC_018526_16975_18526	90.971	443	9	15	3247	3659	1552	1111	6.61e-164	580
ERR3077557.sra.12185	NC_020450_475434_475549	85.455	55	8	0	1706	1760	19	73	5.82e-09	64.4
ERR3077557.sra.12403	gi|441431943|ref|NC_020104.1|_Acanthamoeba_polyphaga_moumouvirus,_complete_genome	80.556	72	8	2	934	999	474823	474894	4.96e-09	64.4
ERR3077557.sra.12408	NC_014498_31096_32654	77.828	442	25	27	109	485	1124	1557	6.31e-80	300
ERR3077557.sra.12441	NC_003028_15344_16903	80.759	369	27	24	92	428	1204	1560	7.22e-73	277
ERR3077557.sra.12535	gi|119953744|ref|NC_008724.1|_Acanthocystis_turfacea_Chlorella_virus_1,_complete_genome	82.456	57	9	1	739	795	83997	84052	3.15e-06	55.4
ERR3077557.sra.12604	CP001015	88.410	1484	67	58	2851	4262	8	1458	0.0	1734
ERR3077557.sra.12725	CP001015	85.609	1487	88	68	1132	2535	1	1444	0.0	1525
ERR3077557.sra.12757	NC_021040_348381_351031	75.439	171	28	7	2014	2172	2597	2429	1.03e-19	100
ERR3077557.sra.12824	gi|209401054|ref|NC_011354.1|_Helicoverpa_armigera_NPV_NNg1,_complete_genome	80.000	75	8	4	2472	2544	76477	76408	1.61e-06	57.2
ERR3077557.sra.12873	gi|113200747|ref|NC_008300.1|_Melon_yellow_spot_virus_segment_S,_complete_sequence	78.448	116	21	1	6	121	1956	2067	1.59e-18	96.9
ERR3077557.sra.12917	gi|472342562|ref|NC_020864.1|_Micromonas_pusilla_virus_12T_genomic_sequence	67.241	232	64	7	2583	2807	196689	196463	4.83e-06	55.4
ERR3077557.sra.12925	NC_021350_359864_361325	72.926	229	47	7	778	995	1220	1444	1.32e-24	116
ERR3077557.sra.12957	AF003930	83.995	881	60	40	2676	3499	2	858	0.0	848
ERR3077557.sra.13055	NC_020450_475434_475549	80.000	85	9	4	351	427	103	19	1.90e-09	66.2
ERR3077557.sra.13115	gi|124378059|ref|NC_008837.1|_Glypta_fumiferanae_ichnovirus_segment_A1,_complete_sequence	90.000	40	4	0	1448	1487	1411	1372	3.92e-06	55.4
ERR3077557.sra.13127	NC_014498_31096_32654	88.247	519	25	20	189	678	1048	1559	7.78e-171	603
ERR3077557.sra.13181	gi|327409465|ref|NC_015323.1|_Fowl_adenovirus_C,_complete_genome	69.784	139	24	5	2272	2407	44172	44049	6.92e-06	55.4
ERR3077557.sra.13192	gi|509139559|ref|NC_021320.1|_Halovirus_HRTV-5,_complete_genome	83.929	56	9	0	2242	2297	55882	55937	1.31e-07	60.8
ERR3077557.sra.13209	gi|506498026|ref|NC_021247.1|_Adoxophyes_honmai_enomopoxvirus_'L',_complete_genome	79.104	67	10	2	992	1058	155045	154983	9.65e-06	53.6
ERR3077557.sra.13211	gi|22129792|ref|NC_004102.1|_Hepatitis_C_virus_genotype_1,_complete_genome	84.000	50	5	1	645	694	9465	9511	9.81e-06	53.6
ERR3077557.sra.13262	gi|441431943|ref|NC_020104.1|_Acanthamoeba_polyphaga_moumouvirus,_complete_genome	90.000	40	4	0	1766	1805	935895	935934	4.53e-06	55.4
ERR3077557.sra.13297	gi|311977355|ref|NC_014649.1|_Acanthamoeba_polyphaga_mimivirus,_complete_genome	68.050	241	65	6	1330	1562	518384	518148	5.08e-11	71.6
ERR3077557.sra.13314	CP001015	79.627	1502	133	80	1069	2441	1	1458	0.0	1124
ERR3077557.sra.13367	gi|441431943|ref|NC_020104.1|_Acanthamoeba_polyphaga_moumouvirus,_complete_genome	77.236	123	23	3	1617	1735	474894	474773	1.24e-15	87.8
ERR3077557.sra.13368	CP001015	82.009	856	68	37	1543	2320	1	848	0.0	760
ERR3077557.sra.13453	DQ232536	85.632	1211	82	50	84	1227	1191	6	0.0	1261
ERR3077557.sra.13548	gi|441431943|ref|NC_020104.1|_Acanthamoeba_polyphaga_moumouvirus,_complete_genome	74.603	126	28	2	619	740	474898	474773	4.41e-13	78.8
ERR3077557.sra.13925	NC_021350_359864_361325	67.925	212	52	7	146	343	1235	1444	2.07e-07	59.0
ERR3077557.sra.13983	NC_012470_18043_19591	77.273	286	29	16	79	332	1267	1548	1.87e-44	183
ERR3077557.sra.14035	NC_014498_31096_32654	83.729	295	14	17	105	369	1268	1558	1.11e-70	269
ERR3077557.sra.14100	gi|441431943|ref|NC_020104.1|_Acanthamoeba_polyphaga_moumouvirus,_complete_genome	70.130	154	32	6	613	757	474746	474894	1.17e-06	57.2
ERR3077557.sra.14125	NC_015875_2081382_2082934	68.182	462	57	31	78	452	1095	1553	1.07e-23	113
ERR3077557.sra.14183	gi|81097461|ref|NC_007572.1|_Rotavirus_C_segment_3,_complete_sequence	86.667	45	6	0	1447	1491	1133	1089	5.32e-06	55.4
ERR3077557.sra.14220	NC_021040_348381_351031	78.750	80	12	4	1678	1753	2589	2511	4.49e-06	55.4
ERR3077557.sra.14304	gi|761719463|ref|NC_026509.1|_DeBrazza's_monkey_virus_1_isolate_PREDICT-06530,_complete_genome	95.349	43	1	1	98	140	15684	15643	1.51e-09	66.2
ERR3077557.sra.14324	NC_015875_2081382_2082934	75.992	504	55	29	1385	1868	1541	1084	7.01e-78	293
ERR3077557.sra.14379	NC_007146_193215_194753	73.209	1549	193	95	531	1881	1539	15	0.0	695
ERR3077557.sra.14527	NC_018706_214504_216058	81.579	76	11	2	458	532	6	79	6.28e-10	68.0
ERR3077557.sra.14550	CP001015	86.824	1480	80	61	802	2189	1457	1	0.0	1618
ERR3077557.sra.14619	gi|509139559|ref|NC_021320.1|_Halovirus_HRTV-5,_complete_genome	86.207	58	6	2	2017	2074	55937	55882	2.46e-08	62.6
ERR3077557.sra.14646	gi|509139559|ref|NC_021320.1|_Halovirus_HRTV-5,_complete_genome	89.286	56	5	1	1909	1964	55883	55937	4.47e-11	71.6
ERR3077557.sra.14748	gi|441431943|ref|NC_020104.1|_Acanthamoeba_polyphaga_moumouvirus,_complete_genome	77.982	109	21	3	3005	3111	474758	474865	5.84e-13	78.8
ERR3077557.sra.14812	gi|9631294|ref|NC_001993.1|_Melanoplus_sanguinipes_entomopoxvirus,_complete_genome	78.205	78	13	3	1344	1419	142686	142761	4.64e-06	55.4
ERR3077557.sra.14844	NC_014498_31096_32654	83.592	1548	93	75	2452	3860	33	1558	0.0	1454
ERR3077557.sra.14847	gi|410118099|ref|NC_019023.1|_Human_papillomavirus_type_166_isolate_KC9,_complete_genome	83.929	56	8	1	596	650	2299	2244	1.22e-06	57.2
ERR3077557.sra.15034	gi|18702397|ref|NC_003405.1|_Bhendi_yellow_vein_mosaic_virus-associated_DNA_beta,_complete_genome	68.595	121	22	2	1	105	943	823	7.44e-06	53.6
ERR3077557.sra.15082	NC_015678_4661_6196	79.445	613	61	40	2559	3130	2	590	1.41e-114	416
ERR3077557.sra.15141	NC_021040_348381_351031	76.596	94	17	4	144	233	2498	2590	1.46e-06	57.2
ERR3077557.sra.15192	CP001015	84.860	1037	56	48	2386	3343	4	1018	0.0	1038
ERR3077557.sra.15215	AF003930	80.395	709	68	35	923	1578	2	692	9.29e-158	558
ERR3077557.sra.15322	gi|314055095|ref|NC_014789.1|_Ostreococcus_tauri_virus_2,_complete_genome	72.222	216	46	8	1209	1415	9194	9404	2.11e-18	96.9
ERR3077557.sra.15422	NC_020450_475434_475549	84.615	65	6	3	154	216	103	41	2.38e-08	62.6
ERR3077557.sra.15520	AY613590	85.340	1487	85	63	1278	2645	1538	66	0.0	1535
ERR3077557.sra.15594	NC_014498_31096_32654	85.751	1165	75	56	1380	2466	1559	408	0.0	1182
ERR3077557.sra.15685	gi|441431943|ref|NC_020104.1|_Acanthamoeba_polyphaga_moumouvirus,_complete_genome	86.667	45	6	0	1880	1924	627812	627768	4.28e-06	55.4
ERR3077557.sra.15695	NC_017059_39033_40502	83.607	61	8	2	2470	2529	1450	1391	3.53e-07	59.0
ERR3077557.sra.15707	AF003929	75.052	958	96	59	1816	2643	5	949	5.83e-144	513
ERR3077557.sra.15805	NC_013853_16701_18238	78.480	855	67	51	148	902	700	1537	8.02e-167	589
ERR3077557.sra.15826	NC_018630_15355_16888	80.906	618	48	31	99	661	932	1534	1.25e-141	506
ERR3077557.sra.15936	NC_003028_15344_16903	83.744	1581	110	75	874	2332	1560	5	0.0	1487
ERR3077557.sra.16082	NC_010380_15372_16805	77.729	229	24	13	2210	2415	41	265	2.42e-34	149
ERR3077557.sra.16185	NC_014498_31096_32654	85.935	583	30	26	56	596	577	5	8.51e-174	612
ERR3077557.sra.16347	NC_009567_443072_444611	88.625	1556	65	60	582	2046	4	1538	0.0	1838
ERR3077557.sra.16355	CP001015	89.628	1504	44	67	947	2384	1	1458	0.0	1808
ERR3077557.sra.16374	CP001015	83.079	1442	76	75	1069	2358	1458	33	0.0	1314
ERR3077557.sra.16400	NC_020450_475434_475549	79.730	74	12	2	580	651	19	91	8.32e-08	60.8
ERR3077557.sra.16403	CP001015	90.183	876	37	31	2300	3145	1	857	0.0	1097
ERR3077557.sra.16447	NC_020450_475434_475549	86.517	89	7	3	486	573	103	19	4.85e-19	98.7
ERR3077557.sra.16455	CP001015	84.938	1454	83	72	819	2156	1	1434	0.0	1433
ERR3077557.sra.16647	NC_020450_475434_475549	80.556	72	11	3	2846	2916	103	34	2.26e-06	57.2
ERR3077557.sra.16972	gi|363539767|ref|NC_016072.1|_Megavirus_chiliensis,_complete_genome	83.000	100	15	2	2981	3080	550430	550527	2.07e-18	96.9
ERR3077557.sra.16976	NC_021350_359864_361325	71.875	160	37	8	2138	2294	1287	1133	1.17e-06	57.2
ERR3077557.sra.17069	gi|441431943|ref|NC_020104.1|_Acanthamoeba_polyphaga_moumouvirus,_complete_genome	79.339	121	18	4	3070	3183	474894	474774	6.09e-18	95.1
ERR3077557.sra.17078	gi|311977355|ref|NC_014649.1|_Acanthamoeba_polyphaga_mimivirus,_complete_genome	72.185	151	37	3	3155	3305	299051	299196	6.43e-12	75.2
ERR3077557.sra.17078	gi|311977355|ref|NC_014649.1|_Acanthamoeba_polyphaga_mimivirus,_complete_genome	68.687	198	57	3	3067	3263	884729	884536	2.74e-10	69.8
ERR3077557.sra.17078	gi|311977355|ref|NC_014649.1|_Acanthamoeba_polyphaga_mimivirus,_complete_genome	69.110	191	54	3	3112	3302	884809	884624	2.74e-10	69.8
ERR3077557.sra.17078	gi|311977355|ref|NC_014649.1|_Acanthamoeba_polyphaga_mimivirus,_complete_genome	67.083	240	64	5	3067	3305	884765	884540	9.55e-10	68.0
ERR3077557.sra.17078	gi|311977355|ref|NC_014649.1|_Acanthamoeba_polyphaga_mimivirus,_complete_genome	69.737	152	42	2	3112	3263	878066	877919	4.06e-08	62.6
ERR3077557.sra.17078	gi|311977355|ref|NC_014649.1|_Acanthamoeba_polyphaga_mimivirus,_complete_genome	67.662	201	56	4	3066	3263	878149	877955	1.42e-07	60.8
ERR3077557.sra.17078	gi|311977355|ref|NC_014649.1|_Acanthamoeba_polyphaga_mimivirus,_complete_genome	68.421	152	35	2	3114	3265	884843	884705	1.42e-07	60.8
ERR3077557.sra.17078	gi|311977355|ref|NC_014649.1|_Acanthamoeba_polyphaga_mimivirus,_complete_genome	69.872	156	42	3	3147	3302	885737	885587	1.42e-07	60.8
ERR3077557.sra.17078	gi|311977355|ref|NC_014649.1|_Acanthamoeba_polyphaga_mimivirus,_complete_genome	69.375	160	44	3	3105	3263	878191	878036	4.95e-07	59.0
ERR3077557.sra.17078	gi|311977355|ref|NC_014649.1|_Acanthamoeba_polyphaga_mimivirus,_complete_genome	67.513	197	55	4	3105	3294	88357	88163	1.73e-06	57.2
ERR3077557.sra.17078	gi|311977355|ref|NC_014649.1|_Acanthamoeba_polyphaga_mimivirus,_complete_genome	71.028	107	18	2	3153	3259	239398	239491	1.73e-06	57.2
ERR3077557.sra.17078	gi|311977355|ref|NC_014649.1|_Acanthamoeba_polyphaga_mimivirus,_complete_genome	69.231	156	43	3	3105	3259	299585	299736	1.73e-06	57.2
ERR3077557.sra.17078	gi|311977355|ref|NC_014649.1|_Acanthamoeba_polyphaga_mimivirus,_complete_genome	69.079	152	43	2	3112	3263	878264	878117	1.73e-06	57.2
ERR3077557.sra.17078	gi|311977355|ref|NC_014649.1|_Acanthamoeba_polyphaga_mimivirus,_complete_genome	68.212	151	35	3	3114	3264	88104	87967	6.03e-06	55.4
ERR3077557.sra.17078	gi|311977355|ref|NC_014649.1|_Acanthamoeba_polyphaga_mimivirus,_complete_genome	72.549	102	16	3	3112	3213	239402	239491	6.03e-06	55.4
ERR3077557.sra.17078	gi|311977355|ref|NC_014649.1|_Acanthamoeba_polyphaga_mimivirus,_complete_genome	67.164	201	57	4	3066	3263	878266	878072	6.03e-06	55.4
ERR3077557.sra.17234	NC_003028_15344_16903	82.126	207	12	12	1673	1865	1560	1365	1.36e-42	176
ERR3077557.sra.17237	NC_021350_359864_361325	67.890	327	86	9	1632	1944	1133	1454	1.35e-17	93.3
ERR3077557.sra.17244	AF003930	87.240	1536	88	62	547	2014	2	1497	0.0	1707
ERR3077557.sra.17361	gi|582973099|ref|NC_023426.1|_Anomala_cuprea_entomopoxvirus_DNA,_complete_genome,_strain:_CV6M	76.744	86	16	3	540	623	3474	3391	4.10e-06	55.4
ERR3077557.sra.17361	gi|582973099|ref|NC_023426.1|_Anomala_cuprea_entomopoxvirus_DNA,_complete_genome,_strain:_CV6M	76.744	86	16	3	540	623	242244	242327	4.10e-06	55.4
ERR3077557.sra.17379	gi|441431943|ref|NC_020104.1|_Acanthamoeba_polyphaga_moumouvirus,_complete_genome	76.056	142	27	5	1524	1663	474860	474724	8.21e-16	87.8
ERR3077557.sra.17379	gi|441431943|ref|NC_020104.1|_Acanthamoeba_polyphaga_moumouvirus,_complete_genome	74.167	120	25	4	1536	1653	290843	290958	9.37e-09	64.4
ERR3077557.sra.17449	NC_021350_359864_361325	69.345	473	90	25	458	893	1446	992	3.12e-30	136
ERR3077557.sra.17462	NC_020450_475434_475549	82.418	91	14	2	2745	2834	111	22	2.91e-15	86.0
ERR3077557.sra.17468	NC_016809_179310_180858	86.098	1453	63	63	86	1420	1432	1	0.0	1552
ERR3077557.sra.17512	CP001015	85.145	1279	82	46	1179	2394	1	1234	0.0	1341
ERR3077557.sra.17540	NC_014498_31096_32654	81.378	827	57	43	103	842	821	5	0.0	691
ERR3077557.sra.17601	CP001015	82.691	1479	114	64	996	2353	1458	1	0.0	1353
ERR3077557.sra.17620	NC_020450_475434_475549	81.081	74	12	1	1495	1568	97	26	1.02e-09	68.0
ERR3077557.sra.17621	gi|9625955|ref|NC_001350.1|_Saimiriine_herpesvirus_2_complete_genome	73.109	119	28	3	3484	3601	106713	106828	1.58e-07	60.8
ERR3077557.sra.17621	gi|9625955|ref|NC_001350.1|_Saimiriine_herpesvirus_2_complete_genome	72.816	103	21	2	3485	3587	106525	106620	1.93e-06	57.2
ERR3077557.sra.17621	gi|9625955|ref|NC_001350.1|_Saimiriine_herpesvirus_2_complete_genome	77.333	75	15	1	3482	3556	106612	106684	1.93e-06	57.2
ERR3077557.sra.17668	AY485603	79.577	1278	133	59	1425	2591	15	1275	0.0	978
ERR3077557.sra.17698	NC_016809_179310_180858	90.608	181	6	8	77	250	182	6	3.58e-57	224
ERR3077557.sra.17752	NC_022655_1696703_1698247	81.402	1027	65	50	1630	2539	1	1018	0.0	879
ERR3077557.sra.17788	NC_015875_2081382_2082934	80.966	352	19	20	1121	1427	10	358	7.90e-76	286
ERR3077557.sra.17790	NC_018630_15355_16888	82.742	846	65	45	1849	2633	1534	709	0.0	738
ERR3077557.sra.17998	CP001015	87.457	1459	67	73	966	2331	1438	3	0.0	1582
ERR3077557.sra.18009	CP000725	86.277	1523	78	66	604	2008	1510	1	0.0	1626
ERR3077557.sra.18018	NC_014498_31096_32654	80.615	846	49	46	88	832	836	5	0.0	682
ERR3077557.sra.18077	gi|158380386|ref|NC_009552.2|_Geobacillus_virus_E2,_complete_genome	70.621	177	42	5	1218	1388	37776	37948	6.26e-11	71.6
ERR3077557.sra.18485	NC_020450_475434_475549	77.108	83	17	2	2994	3074	101	19	1.50e-06	57.2
ERR3077557.sra.18586	gi|506497718|ref|NC_021246.1|_Mythimna_separata_entomopoxvirus_'L',_complete_genome	80.000	70	8	3	1025	1093	127646	127710	4.84e-06	55.4
ERR3077557.sra.18652	AF224299	81.697	1355	115	66	935	2176	1516	182	0.0	1148
ERR3077557.sra.18693	gi|441431943|ref|NC_020104.1|_Acanthamoeba_polyphaga_moumouvirus,_complete_genome	78.641	103	19	2	397	496	474771	474873	8.00e-14	80.6
ERR3077557.sra.18743	NC_014498_31096_32654	85.205	757	53	32	38	754	822	1559	0.0	769
ERR3077557.sra.18779	CP001015	86.252	1462	77	59	1025	2378	1446	1	0.0	1577
ERR3077557.sra.18864	NC_014498_31096_32654	71.628	1579	201	94	449	1800	1	1559	3.06e-178	627
ERR3077557.sra.18926	NC_017595_14961_16496	76.220	656	42	42	14	561	995	346	3.72e-108	394
ERR3077557.sra.18971	AY879305	90.205	1123	50	34	2033	3103	1518	404	0.0	1431
ERR3077557.sra.18974	gi|363539767|ref|NC_016072.1|_Megavirus_chiliensis,_complete_genome	69.620	237	59	9	1279	1510	337121	337349	8.31e-12	75.2
ERR3077557.sra.18974	gi|363539767|ref|NC_016072.1|_Megavirus_chiliensis,_complete_genome	71.795	117	23	3	1896	2011	1235223	1235330	6.39e-07	59.0
ERR3077557.sra.18974	gi|363539767|ref|NC_016072.1|_Megavirus_chiliensis,_complete_genome	72.881	118	29	3	1896	2011	1235232	1235348	6.39e-07	59.0
ERR3077557.sra.18974	gi|363539767|ref|NC_016072.1|_Megavirus_chiliensis,_complete_genome	67.123	219	53	7	1235	1450	337183	337385	2.23e-06	57.2
ERR3077557.sra.19017	gi|139424470|ref|NC_009334.1|_Human_herpesvirus_4,_complete_genome	74.828	2475	247	158	49	2163	141068	138610	0.0	1281
ERR3077557.sra.19017	gi|139424470|ref|NC_009334.1|_Human_herpesvirus_4,_complete_genome	76.923	91	16	2	848	936	139991	139904	2.04e-09	66.2
ERR3077557.sra.19079	gi|509139559|ref|NC_021320.1|_Halovirus_HRTV-5,_complete_genome	85.714	56	7	1	1685	1739	55882	55937	3.46e-08	62.6
ERR3077557.sra.19123	NC_014498_31096_32654	86.198	797	47	33	1932	2690	1	772	0.0	850
ERR3077557.sra.19148	NC_016809_179310_180858	86.111	216	10	11	63	258	1326	1541	1.03e-56	223
ERR3077557.sra.19212	NC_021350_359864_361325	86.957	46	6	0	4384	4429	1297	1252	3.63e-06	57.2
ERR3077557.sra.19215	NC_021350_359864_361325	71.429	168	37	7	719	877	1249	1414	3.36e-09	66.2
ERR3077557.sra.19271	gi|441431943|ref|NC_020104.1|_Acanthamoeba_polyphaga_moumouvirus,_complete_genome	76.821	151	34	1	257	407	474726	474875	7.92e-23	111
ERR3077557.sra.19271	gi|441431943|ref|NC_020104.1|_Acanthamoeba_polyphaga_moumouvirus,_complete_genome	75.214	117	28	1	265	381	290958	290843	1.63e-12	77.0
ERR3077557.sra.19317	NC_020450_475434_475549	80.597	67	11	2	2423	2487	91	25	4.45e-06	55.4
ERR3077557.sra.19467	AY485603	86.797	409	18	20	4	383	402	1	1.26e-121	437
ERR3077557.sra.19663	NC_013511_330275_331792	90.909	55	1	2	2863	2914	1518	1465	6.46e-11	71.6
ERR3077557.sra.19739	NC_021040_348381_351031	74.324	148	27	6	2231	2368	2597	2451	3.93e-13	78.8
ERR3077557.sra.19761	NC_021175_16001_17556	88.274	307	10	12	3418	3706	1555	1257	3.21e-98	361
ERR3077557.sra.19815	NC_021350_359864_361325	70.721	222	56	7	1433	1646	1452	1232	9.34e-15	84.2
ERR3077557.sra.20131	gi|163954976|ref|NC_010191.1|_Ostreococcus_virus_OsV5,_complete_genome	73.913	115	24	4	1618	1728	10113	10001	7.06e-08	60.8
ERR3077557.sra.20237	NC_011072_15360_16817	85.990	1035	51	49	1670	2652	18	1010	0.0	1077
ERR3077557.sra.20351	AF003929	76.029	972	87	55	89	926	561	1520	3.56e-166	587
ERR3077557.sra.20409	NC_014498_31096_32654	88.108	185	8	9	581	759	3	179	3.33e-52	206
ERR3077557.sra.20608	gi|506498274|ref|NC_021248.1|_Choristoneura_biennis_entomopoxvirus_'L',_complete_genome	78.824	85	14	3	1875	1958	35744	35663	3.81e-08	62.6
ERR3077557.sra.20815	gi|409191184|ref|NC_018874.1|_Abalone_herpesvirus_Victoria_AUS_2009,_complete_genome	84.746	59	9	0	36	94	167067	167009	2.05e-09	66.2
ERR3077557.sra.20849	AF003929	87.815	1510	87	55	281	1715	1492	5	0.0	1734
ERR3077557.sra.20936	NC_003028_15344_16903	87.821	468	15	18	1076	1508	1560	1100	1.91e-153	544
ERR3077557.sra.20943	gi|216905852|ref|NC_011644.1|_Equid_herpesvirus_9,_complete_genome	76.712	73	11	1	1588	1654	107179	107251	1.27e-06	57.2
ERR3077557.sra.20972	CP001015	84.298	1261	92	52	62	1243	1234	1	0.0	1243
ERR3077557.sra.21072	NC_015678_4661_6196	86.188	362	15	15	73	403	1175	1532	2.05e-107	392
ERR3077557.sra.21128	gi|363539767|ref|NC_016072.1|_Megavirus_chiliensis,_complete_genome	80.531	113	12	5	98	201	550416	550527	6.18e-17	91.5
ERR3077557.sra.21262	AF003930	79.137	1112	83	70	63	1035	393	1494	0.0	778
ERR3077557.sra.21278	gi|314055095|ref|NC_014789.1|_Ostreococcus_tauri_virus_2,_complete_genome	76.404	89	15	2	2348	2432	9335	9249	3.26e-08	62.6
ERR3077557.sra.21304	gi|82503188|ref|NC_007605.1|_Human_herpesvirus_4_complete_wild_type_genome	80.511	2427	191	131	89	2257	81939	79537	0.0	1909
ERR3077557.sra.21446	CP001015	80.730	1178	100	73	1461	2542	1	1147	0.0	886
ERR3077557.sra.21553	NC_021009_505857_508732	71.094	256	50	15	489	730	431	186	2.96e-14	82.4
ERR3077557.sra.21595	gi|441431943|ref|NC_020104.1|_Acanthamoeba_polyphaga_moumouvirus,_complete_genome	74.400	125	20	4	920	1033	474771	474894	4.54e-12	75.2
ERR3077557.sra.21711	NC_020450_475434_475549	82.143	84	13	2	221	302	23	106	1.41e-12	77.0
ERR3077557.sra.21758	gi|441431943|ref|NC_020104.1|_Acanthamoeba_polyphaga_moumouvirus,_complete_genome	73.944	142	27	6	555	688	474894	474755	5.17e-11	71.6
ERR3077557.sra.21866	NC_021350_359864_361325	70.189	265	71	5	268	525	1133	1396	7.91e-22	107
ERR3077557.sra.21898	NC_010380_15372_16805	72.358	1353	160	89	2122	3274	1	1339	1.22e-153	545
ERR3077557.sra.22059	NC_017592_15332_16890	76.425	649	61	42	89	650	648	5	2.42e-102	374
ERR3077557.sra.22093	NC_021040_348381_351031	75.940	133	19	6	2145	2265	2582	2451	1.19e-13	80.6
ERR3077557.sra.22096	CP001015	85.586	777	40	35	105	820	766	1	0.0	803
ERR3077557.sra.22108	NC_014498_31096_32654	80.556	216	20	12	1324	1521	1	212	5.73e-40	167
ERR3077557.sra.22224	NC_014498_31096_32654	97.727	44	0	1	2072	2115	5	47	4.71e-11	71.6
ERR3077557.sra.22226	DQ232536	78.264	1325	144	71	1665	2888	38	1319	0.0	904
ERR3077557.sra.22364	AY281082	82.198	1292	108	67	64	1278	177	1423	0.0	1101
ERR3077557.sra.22379	gi|509139559|ref|NC_021320.1|_Halovirus_HRTV-5,_complete_genome	85.965	57	7	1	2385	2441	55937	55882	1.07e-08	64.4
ERR3077557.sra.22446	CP001015	81.878	916	49	55	77	883	547	1454	0.0	762
ERR3077557.sra.22566	L06168	74.519	416	38	27	2469	2819	40	452	8.14e-54	214
ERR3077557.sra.22668	AY613590	88.375	1471	69	52	84	1481	1442	1	0.0	1739
ERR3077557.sra.22738	AY005033	86.129	1550	117	53	1085	2557	1	1529	0.0	1676
ERR3077557.sra.23045	DQ232536	80.545	550	46	29	103	597	135	678	4.68e-120	434
ERR3077557.sra.23045	DQ232536	80.808	297	24	19	976	1241	1167	1461	1.53e-56	223
ERR3077557.sra.23092	NC_008767_46638_48181	71.309	596	77	33	95	602	955	1544	5.95e-62	241
ERR3077557.sra.23124	gi|9631294|ref|NC_001993.1|_Melanoplus_sanguinipes_entomopoxvirus,_complete_genome	83.607	61	6	3	2213	2270	227037	227096	4.69e-06	55.4
ERR3077557.sra.23195	NC_020450_475434_475549	86.111	72	10	0	3111	3182	90	19	3.97e-15	86.0
ERR3077557.sra.23244	CP001015	85.677	1536	76	70	831	2300	1	1458	0.0	1593
ERR3077557.sra.23246	NC_014498_31096_32654	88.618	246	11	9	2443	2678	1	239	1.00e-77	293
ERR3077557.sra.23453	NC_014498_31096_32654	76.944	720	61	49	2254	2871	4	720	2.52e-117	425
ERR3077557.sra.23548	CP001015	81.742	1320	127	61	83	1316	163	1454	0.0	1122
ERR3077557.sra.23556	NC_021350_359864_361325	68.451	355	77	19	235	561	1103	1450	3.33e-14	82.4
ERR3077557.sra.23588	gi|310830989|ref|NC_014637.1|_Cafeteria_roenbergensis_virus_BV-PW1,_complete_genome	74.615	130	23	3	837	959	451443	451317	2.42e-14	82.4
ERR3077557.sra.23601	AF003929	82.880	1361	106	63	82	1355	1325	5	0.0	1234
ERR3077557.sra.23628	gi|363539767|ref|NC_016072.1|_Megavirus_chiliensis,_complete_genome	79.412	102	20	1	1419	1519	550436	550537	3.21e-15	86.0
ERR3077557.sra.23628	gi|363539767|ref|NC_016072.1|_Megavirus_chiliensis,_complete_genome	67.407	270	77	6	2094	2356	552309	552574	2.02e-11	73.4
ERR3077557.sra.23678	gi|30984428|ref|NC_004812.1|_Macacine_herpesvirus_1,_complete_genome	86.000	50	7	0	1079	1128	116770	116819	2.34e-07	59.0
ERR3077557.sra.23684	NC_020450_475434_475549	77.647	85	15	3	765	845	103	19	3.10e-07	59.0
ERR3077557.sra.23731	CP001015	86.061	1320	79	59	1775	3018	1458	168	0.0	1380
