ERR3077522.sra.1416	NC_013654_241042_242583	85.215	744	42	35	50	734	735	1	0.0	749
ERR3077522.sra.2073	gi|531034792|ref|NC_022098.1|_Pandoravirus_salinus,_complete_genome	72.897	107	27	2	771	876	2175085	2175190	2.21e-06	55.4
ERR3077522.sra.2309	NC_022241_2737171_2738712	87.129	606	31	23	606	1171	7	605	0.0	681
ERR3077522.sra.2641	gi|363539767|ref|NC_016072.1|_Megavirus_chiliensis,_complete_genome	81.967	61	5	3	386	444	581153	581209	5.42e-06	53.6
ERR3077522.sra.2963	gi|526118633|ref|NC_021858.1|_Pandoravirus_dulcis,_complete_genome	90.000	40	4	0	831	870	1713524	1713485	1.71e-06	55.4
ERR3077522.sra.3222	AM157436	81.997	1522	115	79	270	1653	1547	47	0.0	1297
ERR3077522.sra.3313	NC_020802_47849_49393	85.185	108	10	4	1470	1572	1	107	3.88e-23	111
ERR3077522.sra.3876	NC_004741_214156_215696	83.827	742	54	33	53	738	807	1538	0.0	708
ERR3077522.sra.4076	gi|531034792|ref|NC_022098.1|_Pandoravirus_salinus,_complete_genome	78.750	80	13	2	499	574	2175029	2175108	1.13e-08	62.6
ERR3077522.sra.4560	NC_022241_2737171_2738712	87.066	518	22	22	100	576	523	10	8.94e-163	574
ERR3077522.sra.5916	gi|582973099|ref|NC_023426.1|_Anomala_cuprea_entomopoxvirus_DNA,_complete_genome,_strain:_CV6M	77.000	100	13	7	602	698	209191	209099	2.10e-06	55.4
ERR3077522.sra.7495	NC_007606_224744_226285	83.731	713	50	36	207	871	1	695	0.0	661
ERR3077522.sra.7835	NC_017633_227039_228580	77.652	528	45	28	61	521	522	1	1.96e-98	360
ERR3077522.sra.8601	gi|109638594|ref|NC_008210.1|_Ranid_herpesvirus_2_strain_ATCC_VR-568,_complete_genome	90.244	41	4	0	444	484	97238	97278	2.86e-07	57.2
ERR3077522.sra.9491	NC_021009_505857_508732	78.218	101	11	5	771	863	305	208	1.84e-11	71.6
ERR3077522.sra.9741	gi|526118633|ref|NC_021858.1|_Pandoravirus_dulcis,_complete_genome	85.246	61	6	3	94	152	18091	18150	1.25e-07	59.0
ERR3077522.sra.10018	NC_004741_214156_215696	80.126	956	83	57	214	1078	1	940	0.0	708
ERR3077522.sra.10904	NC_003197_289189_290732	87.220	313	19	14	589	881	1534	1223	2.46e-92	340
ERR3077522.sra.11277	NC_017638_223769_225313	86.301	73	4	4	53	121	71	1	2.62e-12	75.2
ERR3077522.sra.11579	AF403733	84.388	980	61	49	711	1604	1502	529	0.0	940
ERR3077522.sra.12478	AM157436	84.755	938	60	45	50	906	982	47	0.0	919
ERR3077522.sra.12812	NC_017632_767066_768619	88.627	466	23	21	589	1031	1553	1095	6.78e-151	535
ERR3077522.sra.13224	NC_017632_767066_768619	84.367	371	23	19	228	570	1	364	7.08e-97	354
ERR3077522.sra.14546	gi|441431943|ref|NC_020104.1|_Acanthamoeba_polyphaga_moumouvirus,_complete_genome	77.143	70	16	0	1752	1821	521338	521269	4.49e-06	55.4
ERR3077522.sra.15049	NC_021350_359864_361325	69.307	202	54	6	129	322	1245	1446	1.16e-09	66.2
ERR3077522.sra.15267	AM157436	83.895	1366	90	73	63	1315	1395	47	0.0	1260
ERR3077522.sra.15304	NC_018661_518081_519633	81.548	168	17	8	67	221	1382	1548	4.33e-32	140
ERR3077522.sra.17488	NC_004741_214156_215696	82.094	1547	106	78	294	1685	1540	10	0.0	1344
ERR3077522.sra.19555	gi|255987650|ref|NC_013110.1|_Primula_malacoides_virus_China_Mar2007_RNA_2,_complete_genome	90.196	51	2	1	402	452	2296	2249	3.82e-10	68.0
ERR3077522.sra.20720	NC_013654_241042_242583	82.570	677	52	35	216	841	1	662	8.16e-168	590
ERR3077522.sra.22636	gi|448824968|ref|NC_020232.1|_Megavirus_lba_isolate_LBA111,_complete_genome	73.984	123	20	7	1929	2043	1022459	1022577	1.14e-06	57.2
