ERR3077523.sra.243	NC_016845_16189_17714	83.184	1005	58	56	683	1583	1511	514	0.0	899
ERR3077523.sra.667	NC_022223_73009_74563	85.507	69	4	4	981	1044	1555	1488	2.79e-10	68.0
ERR3077523.sra.703	NC_022566_236807_238345	82.407	108	5	4	16	109	108	1	5.24e-21	104
ERR3077523.sra.902	NC_017540_397790_399343	76.744	129	15	7	56	169	132	4	2.45e-14	80.6
ERR3077523.sra.1184	GQ098970	79.887	1064	83	56	3	944	1055	1	0.0	820
ERR3077523.sra.1544	NC_017540_397790_399343	93.396	106	6	1	21	125	106	1	8.43e-37	156
ERR3077523.sra.2036	NC_022226_483035_484865	75.341	1099	100	73	202	1138	1620	531	1.35e-166	587
ERR3077523.sra.2036	NC_022226_483035_484865	85.542	83	2	4	102	174	1815	1733	3.21e-16	87.8
ERR3077523.sra.2320	NC_017445_204256_205791	78.543	988	99	56	30	911	100	1080	0.0	675
ERR3077523.sra.2570	NC_018690_284015_285558	81.720	93	7	6	1520	1609	6	91	1.00e-11	73.4
ERR3077523.sra.2618	NC_017540_397790_399343	86.842	114	7	6	43	149	113	1	1.65e-25	118
ERR3077523.sra.3039	NC_017540_397790_399343	82.278	79	9	2	75	149	78	1	1.11e-12	75.2
ERR3077523.sra.3062	NC_017540_397790_399343	87.912	91	3	4	42	124	95	5	4.12e-21	104
ERR3077523.sra.3278	NC_021500_1700903_1702442	83.333	96	9	3	1019	1107	1539	1444	2.08e-18	95.1
ERR3077523.sra.3637	NC_021350_359864_361325	69.312	189	41	9	605	779	1396	1211	2.13e-06	55.4
ERR3077523.sra.3829	NC_017540_397790_399343	82.407	108	11	6	838	937	1	108	7.47e-17	89.7
ERR3077523.sra.3918	NC_021066_3088508_3090061	83.636	110	4	3	19	116	1447	1554	1.15e-24	116
ERR3077523.sra.3947	NC_017540_397790_399343	84.545	110	6	5	39	138	113	5	1.77e-22	109
ERR3077523.sra.4235	gi|761895455|ref|NC_001650.2|_Equid_herpesvirus_2_strain_86_67,_complete_genome	77.500	80	16	1	862	939	145910	145831	3.85e-08	60.8
ERR3077523.sra.4286	NC_013961_41032_42559	77.399	1438	149	80	39	1318	66	1485	0.0	926
ERR3077523.sra.4478	NC_017540_397790_399343	88.462	104	1	4	49	141	105	2	1.67e-27	125
ERR3077523.sra.4612	NC_017731_1196537_1198078	77.692	130	18	6	1343	1463	16	143	4.17e-16	87.8
ERR3077523.sra.4616	NC_017540_397790_399343	84.211	76	3	5	60	126	78	3	1.15e-10	69.8
ERR3077523.sra.4673	NC_012731_16080_17619	83.437	483	23	20	6	433	501	21	5.57e-132	471
ERR3077523.sra.4949	NC_017540_397790_399343	88.235	102	4	6	1309	1403	5	105	3.45e-23	111
ERR3077523.sra.4959	NC_017390_33276_34803	92.683	41	2	1	1089	1128	52	92	5.34e-07	57.2
ERR3077523.sra.5178	NC_009783_3765179_3765351	89.796	49	2	3	30	76	46	93	1.88e-06	55.4
ERR3077523.sra.5478	NC_022566_236807_238345	84.917	484	34	21	188	636	40	519	6.59e-136	484
ERR3077523.sra.5499	NC_017540_397790_399343	90.722	97	3	4	638	731	5	98	9.77e-27	122
ERR3077523.sra.5636	NC_003197_289189_290732	79.825	456	36	32	516	926	1542	1098	1.02e-84	315
ERR3077523.sra.5870	gi|15617474|ref|NC_003102.1|_Spodoptera_litura_NPV,_complete_genome	92.500	40	3	0	1589	1628	6621	6660	3.67e-07	59.0
ERR3077523.sra.6114	NC_017540_397790_399343	87.179	117	1	8	27	133	113	1	5.07e-26	120
ERR3077523.sra.6184	NC_021350_359864_361325	70.414	169	33	8	9	161	1247	1414	1.06e-07	59.0
ERR3077523.sra.6757	NC_021066_3088508_3090061	78.750	80	11	2	1226	1299	1526	1447	4.16e-09	64.4
ERR3077523.sra.6815	NC_012731_16080_17619	82.984	1193	83	66	183	1268	340	1519	0.0	1047
ERR3077523.sra.6815	NC_012731_16080_17619	86.735	98	1	4	88	173	98	195	3.82e-23	111
ERR3077523.sra.6891	NC_017540_397790_399343	91.209	91	7	1	49	138	95	5	1.50e-27	125
ERR3077523.sra.7065	gi|531034792|ref|NC_022098.1|_Pandoravirus_salinus,_complete_genome	76.000	75	18	0	6	80	2033275	2033349	1.06e-06	55.4
ERR3077523.sra.7146	NC_011283_454685_456216	77.898	1199	101	71	41	1083	1205	15	0.0	796
ERR3077523.sra.7888	NC_021290_106184_107738	92.453	53	1	2	18	69	51	1	1.40e-11	71.6
ERR3077523.sra.8368	gi|526118633|ref|NC_021858.1|_Pandoravirus_dulcis,_complete_genome	81.034	58	11	0	25	82	275787	275844	1.67e-06	55.4
ERR3077523.sra.8390	gi|123318702|ref|NC_005261.2|_Bovine_herpesvirus_5,_complete_genome	75.000	88	20	2	1137	1223	99591	99505	7.60e-06	53.6
ERR3077523.sra.9052	NC_017540_397790_399343	88.235	102	7	3	1571	1668	1	101	2.28e-26	122
ERR3077523.sra.9124	NC_003197_289189_290732	90.667	150	9	2	222	369	1396	1542	4.60e-51	203
ERR3077523.sra.9647	NC_017540_397790_399343	90.278	72	6	1	37	107	75	4	2.06e-18	95.1
ERR3077523.sra.9824	NC_017540_397790_399343	89.815	108	6	3	749	851	1	108	5.19e-31	136
ERR3077523.sra.10153	NC_021290_106184_107738	93.333	60	4	0	629	688	1	60	4.34e-17	91.5
ERR3077523.sra.10964	gi|509139559|ref|NC_021320.1|_Halovirus_HRTV-5,_complete_genome	82.759	58	8	1	1004	1061	55938	55883	6.46e-07	57.2
ERR3077523.sra.11321	NC_022566_236807_238345	80.935	834	57	46	157	897	4	828	0.0	672
ERR3077523.sra.11522	AE015929	81.006	795	68	44	23	744	764	1548	1.11e-179	630
ERR3077523.sra.11537	NC_017540_397790_399343	93.137	102	4	3	835	934	1	101	1.35e-32	141
ERR3077523.sra.11856	NC_022566_236807_238345	78.421	380	43	19	61	403	1150	1527	5.58e-70	266
ERR3077523.sra.12228	NC_017540_397790_399343	91.892	111	5	4	21	129	109	1	1.65e-33	145
ERR3077523.sra.12319	gi|224020395|ref|NC_001664.2|_Human_herpesvirus_6A,_complete_genome	89.744	39	4	0	959	997	55608	55570	7.56e-06	53.6
ERR3077523.sra.12436	NC_022544_289178_290721	80.456	1008	84	55	717	1614	1542	538	0.0	783
ERR3077523.sra.12774	NC_022566_236807_238345	77.869	1342	128	79	16	1196	1334	1	0.0	877
ERR3077523.sra.12923	NC_017540_397790_399343	82.727	110	6	6	26	123	113	5	1.30e-19	98.7
ERR3077523.sra.12968	EU034726.1_Candida_tropicalis_strain_W103_18S_ribosomal_RNA_gene	76.765	340	37	19	37	347	342	16	4.02e-53	210
ERR3077523.sra.13247	gi|531034792|ref|NC_022098.1|_Pandoravirus_salinus,_complete_genome	81.333	75	13	1	688	761	2175063	2175137	1.59e-10	69.8
ERR3077523.sra.13401	gi|9632388|ref|NC_002051.1|_Tomato_spotted_wilt_virus_RNA_S,_complete_sequence	76.636	107	22	1	13	119	1691	1588	2.27e-13	78.8
ERR3077523.sra.13863	NC_022566_236807_238345	84.127	315	21	18	5	292	335	23	3.46e-76	288
ERR3077523.sra.13993	NC_012731_16080_17619	83.871	1302	68	68	467	1646	1540	259	0.0	1223
ERR3077523.sra.14034	NC_017540_397790_399343	84.884	86	5	3	57	134	89	4	3.57e-17	91.5
ERR3077523.sra.14248	NC_021009_505857_508732	80.303	66	10	2	304	366	270	205	2.02e-06	55.4
ERR3077523.sra.14271	NC_017540_397790_399343	81.026	390	29	21	27	376	1167	1551	2.88e-85	316
ERR3077523.sra.14342	NC_021290_106184_107738	89.333	75	3	3	27	96	75	1	2.61e-17	91.5
ERR3077523.sra.15366	NC_022566_236807_238345	82.558	258	22	10	737	973	9	264	6.79e-62	239
ERR3077523.sra.15372	gi|531034792|ref|NC_022098.1|_Pandoravirus_salinus,_complete_genome	78.049	82	14	3	986	1063	2175077	2175158	5.59e-07	57.2
ERR3077523.sra.15454	NC_011283_454685_456216	81.672	873	64	52	35	828	677	1532	0.0	706
ERR3077523.sra.15713	NC_021350_359864_361325	71.078	204	49	4	1435	1628	1414	1211	1.13e-17	93.3
ERR3077523.sra.16086	gi|508181800|ref|NC_021312.1|_Phaeocystis_globosa_virus_strain_16T,_complete_genome	73.684	95	23	2	249	341	60300	60206	9.97e-06	51.8
ERR3077523.sra.16170	NC_022566_236807_238345	81.389	360	20	22	630	947	1526	1172	1.20e-77	291
ERR3077523.sra.16180	NC_017540_397790_399343	85.714	112	6	6	53	154	112	1	1.05e-23	113
ERR3077523.sra.16324	NC_022566_236807_238345	81.000	100	9	4	679	771	4	100	7.47e-16	86.0
ERR3077523.sra.16632	NC_022566_236807_238345	77.778	108	9	5	17	109	108	1	3.72e-13	78.8
ERR3077523.sra.16698	NC_018079_277104_278653	79.745	548	58	28	124	634	1019	1550	2.18e-113	410
ERR3077523.sra.16879	NC_002976_105734_107287	78.928	541	37	31	144	613	1460	926	3.12e-108	392
ERR3077523.sra.16936	NC_017540_397790_399343	82.353	102	5	8	456	546	2	101	7.75e-14	78.8
ERR3077523.sra.17241	NC_011283_454685_456216	81.522	460	35	25	300	710	477	19	2.23e-104	379
ERR3077523.sra.17269	NC_017540_397790_399343	82.222	90	11	4	12	96	90	1	2.57e-13	77.0
ERR3077523.sra.17290	NC_016514_237096_238638	82.969	640	42	37	5	584	639	7	3.20e-157	556
ERR3077523.sra.17363	NC_022566_236807_238345	79.000	100	10	4	630	718	1	100	1.03e-13	78.8
ERR3077523.sra.17489	NC_017540_397790_399343	85.417	96	10	3	39	131	95	1	7.36e-20	100
ERR3077523.sra.17936	NC_022566_236807_238345	75.230	977	98	62	29	872	74	1039	5.79e-147	522
ERR3077523.sra.18231	gi|526118633|ref|NC_021858.1|_Pandoravirus_dulcis,_complete_genome	75.532	94	20	3	279	370	18174	18082	1.19e-06	55.4
ERR3077523.sra.18558	NC_021500_1700903_1702442	82.558	86	4	6	1555	1631	1540	1457	3.55e-11	71.6
ERR3077523.sra.18645	NC_017540_397790_399343	88.496	113	6	3	26	131	113	1	2.27e-31	138
ERR3077523.sra.19001	NC_021040_348381_351031	79.817	109	18	4	944	1050	2584	2478	5.46e-15	84.2
ERR3077523.sra.19096	NC_015663_220089_221642	82.155	919	81	45	170	1025	1554	656	0.0	791
ERR3077523.sra.19453	NC_011283_454685_456216	87.927	381	19	18	923	1276	1078	698	3.81e-117	423
ERR3077523.sra.19453	NC_011283_454685_456216	81.892	370	29	24	586	920	1528	1162	1.62e-77	291
ERR3077523.sra.19760	NC_017540_397790_399343	82.178	101	12	5	936	1034	1	97	3.54e-15	84.2
ERR3077523.sra.19954	gi|526118633|ref|NC_021858.1|_Pandoravirus_dulcis,_complete_genome	76.842	95	17	3	499	590	18082	18174	2.34e-09	64.4
ERR3077523.sra.20399	NC_017540_397790_399343	88.000	100	4	5	830	923	1	98	2.25e-23	111
ERR3077523.sra.20758	NC_022082_488668_490195	82.609	575	42	27	90	613	569	2	1.33e-145	517
ERR3077523.sra.21432	NC_013850_442637_444164	74.386	773	85	50	58	739	764	14	1.09e-103	378
ERR3077523.sra.21499	NC_021500_1700903_1702442	84.810	79	6	4	934	1007	1539	1462	5.17e-13	77.0
ERR3077523.sra.21992	NC_012731_16080_17619	85.751	772	46	35	63	778	777	1540	0.0	796
ERR3077523.sra.22328	NC_016809_179310_180858	87.654	81	3	3	32	107	1468	1546	1.89e-18	95.1
ERR3077523.sra.22375	NC_017540_397790_399343	80.612	98	13	4	1485	1576	1	98	2.31e-13	78.8
ERR3077523.sra.22831	gi|9964314|ref|NC_002520.1|_Amsacta_moorei_entomopoxvirus_'L',_complete_genome	80.556	72	11	3	712	782	72610	72679	6.04e-07	57.2
ERR3077523.sra.22840	NC_021066_3088508_3090061	77.064	109	10	7	877	977	1554	1453	8.92e-10	66.2
ERR3077523.sra.23106	NC_021350_359864_361325	81.707	82	10	3	1171	1249	1219	1298	3.12e-11	71.6
ERR3077523.sra.23271	NC_018706_214504_216058	73.196	97	25	1	1555	1650	99	3	2.92e-06	55.4
