ERR3077524.sra.267	NC_020211_293908_295437	78.440	923	74	55	58	862	916	1	4.75e-180	632
ERR3077524.sra.380	gi|526118633|ref|NC_021858.1|_Pandoravirus_dulcis,_complete_genome	73.759	141	28	7	718	854	1726830	1726695	5.95e-09	64.4
ERR3077524.sra.589	gi|519904135|ref|NC_001493.2|_Ictalurid_herpesvirus_1_strain_Auburn_1,_complete_genome	78.082	73	14	2	145	216	62500	62571	5.52e-06	53.6
ERR3077524.sra.741	NC_015968_257230_258757	83.105	438	32	20	1107	1504	1511	1076	1.21e-111	405
ERR3077524.sra.831	gi|531034792|ref|NC_022098.1|_Pandoravirus_salinus,_complete_genome	77.885	104	18	5	884	984	2175175	2175074	9.24e-10	66.2
ERR3077524.sra.1039	gi|526118633|ref|NC_021858.1|_Pandoravirus_dulcis,_complete_genome	74.747	99	17	3	830	921	1726830	1726733	4.12e-08	60.8
ERR3077524.sra.1212	NC_013971_41021_42578	100.000	30	0	0	51	80	30	1	1.69e-06	55.4
ERR3077524.sra.1635	NC_020888_341495_343033	95.062	81	2	2	30	109	84	5	2.00e-26	122
ERR3077524.sra.1715	NC_009436_250882_252426	86.517	89	6	4	44	126	109	21	1.77e-18	95.1
ERR3077524.sra.2152	NC_021659_248429_249969	86.667	105	6	5	509	606	2	105	1.46e-23	111
ERR3077524.sra.2488	gi|531034792|ref|NC_022098.1|_Pandoravirus_salinus,_complete_genome	79.412	102	14	4	1239	1333	2175175	2175074	2.75e-13	78.8
ERR3077524.sra.2914	NC_020300_1249645_1251119	84.615	52	7	1	1239	1290	1408	1458	2.76e-06	55.4
ERR3077524.sra.3662	NC_021742_1085_2628	81.034	116	11	4	31	137	1431	1544	1.45e-20	102
ERR3077524.sra.4254	gi|531034792|ref|NC_022098.1|_Pandoravirus_salinus,_complete_genome	83.019	53	9	0	1109	1161	2175127	2175075	3.79e-06	55.4
ERR3077524.sra.4352	NC_020888_341495_343033	81.053	95	12	3	1144	1232	5	99	1.47e-14	82.4
ERR3077524.sra.4606	gi|509139559|ref|NC_021320.1|_Halovirus_HRTV-5,_complete_genome	82.759	58	9	1	125	181	55937	55880	4.78e-07	57.2
ERR3077524.sra.4696	NC_011586_56013_57570	82.857	70	4	4	42	103	76	7	1.08e-08	62.6
ERR3077524.sra.5157	NC_009436_250882_252426	86.316	95	11	2	1038	1130	2	96	1.18e-21	105
ERR3077524.sra.5186	NC_021742_1085_2628	81.308	107	11	4	24	121	1438	1544	6.13e-18	93.3
ERR3077524.sra.5400	NC_009654_1190886_1192417	91.398	93	5	3	42	131	100	8	1.93e-26	122
ERR3077524.sra.5827	NC_017067_586645_588164	82.927	82	10	4	16	93	94	13	2.02e-11	71.6
ERR3077524.sra.6017	gi|118496614|ref|NC_008603.1|_Paramecium_bursaria_Chlorella_virus_FR483,_complete_genome	83.929	56	7	2	563	616	142328	142383	6.54e-06	53.6
ERR3077524.sra.6510	NC_015567_252738_254267	82.664	1344	119	65	136	1374	1518	184	0.0	1184
ERR3077524.sra.6570	gi|114679849|ref|NC_008348.1|_Leucania_separata_nuclear_polyhedrosis_virus_strain_AH1,_complete_genome	66.933	375	80	16	21	354	52326	51955	7.78e-16	86.0
ERR3077524.sra.6709	NC_011586_56013_57570	84.507	71	3	6	32	95	75	6	1.53e-07	59.0
ERR3077524.sra.6847	NC_009436_250882_252426	79.541	479	41	29	45	485	1086	1545	2.47e-93	343
ERR3077524.sra.7009	NC_021742_1085_2628	81.308	107	8	5	21	115	1438	1544	1.30e-17	91.5
ERR3077524.sra.7078	NC_021742_1085_2628	81.481	108	6	5	45	138	1437	1544	1.69e-18	95.1
ERR3077524.sra.7129	gi|671723033|ref|NC_024625.1|_Peridroma_alphabaculovirus_isolate_GR_167,_complete_genome	70.264	454	109	18	367	797	25286	24836	1.28e-35	152
ERR3077524.sra.7176	NC_021591_249273_250803	88.235	799	46	29	754	1526	1517	741	0.0	930
ERR3077524.sra.7184	gi|9631294|ref|NC_001993.1|_Melanoplus_sanguinipes_entomopoxvirus,_complete_genome	80.952	63	9	2	707	767	141511	141450	4.79e-06	53.6
ERR3077524.sra.7190	NC_021066_3088508_3090061	82.844	886	71	39	3	811	883	2	0.0	810
ERR3077524.sra.8395	NC_021741_264344_265885	81.319	91	4	5	531	608	1	91	3.08e-13	77.0
ERR3077524.sra.8672	NC_004088_12016_13600	75.532	188	19	13	44	210	1403	1584	1.30e-19	98.7
ERR3077524.sra.8815	NC_015567_252738_254267	78.164	1035	114	57	11	951	514	1530	0.0	691
ERR3077524.sra.9159	NC_009436_250882_252426	76.636	107	16	5	1120	1220	1	104	1.12e-09	66.2
ERR3077524.sra.9624	NC_015663_220089_221642	78.590	766	57	49	650	1319	2	756	6.69e-146	518
ERR3077524.sra.9626	NC_013971_41021_42578	76.106	113	8	6	11	104	113	1	9.01e-12	73.4
ERR3077524.sra.9946	gi|531034792|ref|NC_022098.1|_Pandoravirus_salinus,_complete_genome	72.222	108	26	1	152	255	2175056	2175163	1.29e-07	59.0
ERR3077524.sra.10003	NC_022566_236807_238345	79.279	111	12	6	7	109	108	1	6.14e-14	80.6
ERR3077524.sra.10017	gi|531034792|ref|NC_022098.1|_Pandoravirus_salinus,_complete_genome	71.512	172	30	11	885	1042	2174945	2175111	7.72e-07	57.2
ERR3077524.sra.10240	NC_020211_293908_295437	81.395	86	5	4	749	823	7	92	1.44e-12	75.2
ERR3077524.sra.10242	NC_021742_1085_2628	83.929	112	8	4	7	108	1433	1544	5.98e-24	113
ERR3077524.sra.10374	gi|157953191|ref|NC_009899.1|_Paramecium_bursaria_Chlorella_virus_AR158,_complete_genome	74.257	101	22	2	871	969	322186	322284	7.20e-08	60.8
ERR3077524.sra.10437	NC_004459_475697_477238	83.495	103	9	6	1358	1453	1542	1441	1.17e-16	89.7
ERR3077524.sra.10808	gi|723265770|ref|NC_008310.2|_Hibiscus_latent_Singapore_virus,_complete_genome	92.727	110	8	0	42	151	6379	6270	4.62e-39	163
ERR3077524.sra.11162	NC_013971_41021_42578	91.589	107	2	5	870	972	1	104	5.97e-31	136
ERR3077524.sra.11379	NC_020888_341495_343033	84.043	94	6	7	54	138	96	3	1.40e-13	78.8
ERR3077524.sra.11643	NC_013971_41021_42578	87.234	47	5	1	15	60	49	3	2.39e-06	55.4
ERR3077524.sra.11709	NC_021742_1085_2628	83.186	113	9	5	579	687	1544	1438	7.05e-22	105
ERR3077524.sra.11761	NC_020211_293908_295437	83.333	1020	67	46	62	987	1011	1	0.0	958
ERR3077524.sra.11985	NC_021741_264344_265885	83.696	92	4	2	26	106	92	1	2.35e-20	100
ERR3077524.sra.12516	NC_002663_341427_342975	82.022	89	10	3	794	877	1	88	3.69e-14	80.6
ERR3077524.sra.13138	NC_020888_341495_343033	81.818	99	4	8	914	1000	5	101	1.76e-12	75.2
ERR3077524.sra.13171	gi|671723033|ref|NC_024625.1|_Peridroma_alphabaculovirus_isolate_GR_167,_complete_genome	70.222	225	49	11	592	802	25078	25298	2.07e-11	71.6
ERR3077524.sra.13719	NC_013592_231098_232628	86.667	75	5	3	1395	1465	17	90	1.76e-14	82.4
ERR3077524.sra.13893	NC_017540_397790_399343	84.259	108	8	6	4	103	108	2	4.47e-20	100
ERR3077524.sra.14325	NC_015968_257230_258757	79.744	469	39	31	619	1041	1528	1070	5.35e-89	329
ERR3077524.sra.14387	NC_013971_41021_42578	93.750	48	0	2	1420	1465	1	47	3.90e-10	68.0
ERR3077524.sra.14769	gi|9632388|ref|NC_002051.1|_Tomato_spotted_wilt_virus_RNA_S,_complete_sequence	74.312	109	23	1	46	154	1691	1588	2.52e-11	71.6
ERR3077524.sra.15022	NC_015968_257230_258757	80.000	85	7	3	23	97	102	18	5.76e-12	73.4
ERR3077524.sra.15039	gi|671723033|ref|NC_024625.1|_Peridroma_alphabaculovirus_isolate_GR_167,_complete_genome	74.638	276	49	16	705	961	25298	25025	8.86e-29	129
ERR3077524.sra.15482	gi|555928249|ref|NC_022614.1|_Dill_cryptic_virus_1_isolate_IPP_hortorum_segment_1,_complete_sequence	82.143	56	4	1	45	94	2004	1949	3.01e-07	57.2
ERR3077524.sra.15853	gi|671723033|ref|NC_024625.1|_Peridroma_alphabaculovirus_isolate_GR_167,_complete_genome	69.258	283	55	13	42	301	25025	25298	4.40e-17	89.7
ERR3077524.sra.16147	NC_021350_359864_361325	77.778	81	15	3	1271	1348	997	1077	2.49e-06	55.4
ERR3077524.sra.16160	NC_020888_341495_343033	88.172	93	8	3	1013	1103	92	1	6.69e-22	107
ERR3077524.sra.16204	gi|509139559|ref|NC_021320.1|_Halovirus_HRTV-5,_complete_genome	85.455	55	7	1	320	373	55883	55937	5.31e-08	60.8
ERR3077524.sra.17003	NC_015968_257230_258757	85.000	420	18	20	519	903	1039	1448	7.64e-118	425
ERR3077524.sra.17003	NC_015968_257230_258757	79.673	428	44	22	131	520	460	882	2.34e-86	320
ERR3077524.sra.17085	NC_020211_293908_295437	82.621	702	56	37	57	699	221	915	2.55e-173	609
ERR3077524.sra.17327	NC_011586_56013_57570	91.667	72	5	1	55	125	77	6	3.77e-20	100
ERR3077524.sra.17338	gi|42733078|ref|NC_005497.1|_Tomato_leaf_curl_Java_virus-[Ageratum]_satellite_DNA,_complete_genome	79.412	68	10	1	65	132	787	724	1.36e-07	59.0
ERR3077524.sra.17416	NC_020211_293908_295437	77.474	879	83	57	317	1094	3	867	1.68e-152	540
ERR3077524.sra.17526	gi|51557483|ref|NC_006151.1|_Suid_herpesvirus_1,_complete_genome	91.892	37	3	0	1470	1506	39261	39297	9.86e-06	53.6
ERR3077524.sra.17597	NC_020888_341495_343033	83.133	83	5	4	41	115	87	6	3.42e-13	77.0
ERR3077524.sra.17694	gi|531034792|ref|NC_022098.1|_Pandoravirus_salinus,_complete_genome	76.000	100	15	4	406	496	2175175	2175076	9.03e-09	62.6
ERR3077524.sra.17760	gi|671723033|ref|NC_024625.1|_Peridroma_alphabaculovirus_isolate_GR_167,_complete_genome	74.359	234	32	15	293	499	25298	25066	4.58e-23	109
ERR3077524.sra.17861	NC_013971_41021_42578	80.556	108	9	5	28	123	108	1	7.18e-17	89.7
ERR3077524.sra.18273	NC_015968_257230_258757	83.582	268	17	16	710	955	1490	1228	2.35e-61	237
ERR3077524.sra.18322	NC_021741_264344_265885	81.633	98	7	7	909	997	1	96	1.78e-12	75.2
ERR3077524.sra.19294	NC_004088_12016_13600	79.651	172	23	5	722	885	1582	1415	1.28e-32	141
ERR3077524.sra.19298	NC_022566_236807_238345	79.000	100	10	6	29	118	104	6	7.55e-11	69.8
ERR3077524.sra.19493	gi|119953744|ref|NC_008724.1|_Acanthocystis_turfacea_Chlorella_virus_1,_complete_genome	79.661	59	12	0	715	773	225573	225515	6.12e-06	53.6
ERR3077524.sra.19685	NC_002663_341427_342975	88.889	81	5	3	735	811	4	84	4.45e-19	96.9
ERR3077524.sra.19745	NC_018690_284015_285558	82.812	64	10	1	42	104	67	4	1.05e-08	62.6
ERR3077524.sra.20010	NC_020211_293908_295437	81.140	228	14	13	25	223	229	2	1.62e-45	185
ERR3077524.sra.20027	NC_020211_293908_295437	75.804	777	94	50	44	760	573	1315	1.25e-114	414
ERR3077524.sra.20087	gi|671723033|ref|NC_024625.1|_Peridroma_alphabaculovirus_isolate_GR_167,_complete_genome	73.704	270	54	11	26	281	25025	25291	6.85e-30	132
ERR3077524.sra.20143	gi|260665870|ref|NC_013288.1|_Ostreococcus_tauri_virus_1_complete_genome	76.923	78	15	2	232	306	12434	12357	6.45e-06	53.6
ERR3077524.sra.20177	gi|531034792|ref|NC_022098.1|_Pandoravirus_salinus,_complete_genome	82.000	100	15	1	935	1031	2175076	2175175	1.83e-19	98.7
ERR3077524.sra.20394	NC_020888_341495_343033	84.762	105	5	6	57	153	105	4	3.85e-20	100
ERR3077524.sra.20476	NC_013971_41021_42578	95.918	49	2	0	65	113	49	1	4.53e-14	80.6
ERR3077524.sra.20501	NC_020888_341495_343033	85.897	78	5	3	1125	1197	25	101	4.09e-15	84.2
ERR3077524.sra.20697	gi|531034792|ref|NC_022098.1|_Pandoravirus_salinus,_complete_genome	80.000	85	12	3	876	957	2175076	2175158	3.98e-10	68.0
ERR3077524.sra.20724	NC_009832_298569_300103	86.667	75	7	1	1224	1295	18	92	1.04e-16	89.7
ERR3077524.sra.20771	NC_013971_41021_42578	100.000	47	0	0	17	63	47	1	5.77e-16	86.0
ERR3077524.sra.20956	NC_022566_236807_238345	82.524	103	7	6	6	97	107	5	1.61e-16	87.8
ERR3077524.sra.21276	NC_009783_3765179_3765351	85.246	61	4	2	33	88	31	91	1.25e-09	66.2
ERR3077524.sra.21329	NC_021742_1085_2628	87.500	112	7	3	20	124	1433	1544	3.69e-30	132
ERR3077524.sra.21354	NC_021742_1085_2628	83.036	112	13	4	20	125	1433	1544	3.86e-21	104
ERR3077524.sra.21699	NC_020888_341495_343033	87.500	88	4	4	46	128	100	15	1.12e-19	98.7
ERR3077524.sra.22007	NC_018690_284015_285558	80.435	92	8	5	16	98	91	1	2.55e-11	71.6
ERR3077524.sra.22059	NC_021040_348381_351031	78.947	114	18	4	1146	1254	2604	2492	1.24e-15	86.0
ERR3077524.sra.22128	NC_017540_397790_399343	86.275	102	11	3	485	584	1	101	1.41e-23	111
ERR3077524.sra.22733	gi|531034792|ref|NC_022098.1|_Pandoravirus_salinus,_complete_genome	75.728	103	14	4	888	980	2175175	2175074	9.16e-10	66.2
ERR3077524.sra.23030	NC_013971_41021_42578	91.304	69	3	2	993	1060	1	67	2.51e-17	91.5
ERR3077524.sra.23252	gi|526118633|ref|NC_021858.1|_Pandoravirus_dulcis,_complete_genome	76.531	98	18	4	989	1081	1726685	1726782	5.55e-08	60.8
ERR3077524.sra.23448	NC_020888_341495_343033	89.796	98	3	6	46	138	100	5	4.03e-23	111
ERR3077524.sra.23860	gi|671723033|ref|NC_024625.1|_Peridroma_alphabaculovirus_isolate_GR_167,_complete_genome	70.149	268	48	15	1485	1721	25291	25025	5.94e-15	84.2
