ERR3077525.sra.296	NC_000907_127172_128720	100.000	42	0	0	1062	1103	1549	1508	5.58e-13	77.0
ERR3077525.sra.393	NC_021350_359864_361325	70.070	284	60	14	607	868	997	1277	6.90e-17	89.7
ERR3077525.sra.595	NC_016809_179310_180858	78.398	949	79	61	18	854	606	1540	1.21e-178	627
ERR3077525.sra.1134	NC_021350_359864_361325	71.951	164	31	6	42	190	1268	1105	1.85e-12	75.2
ERR3077525.sra.1868	gi|313767999|ref|NC_014765.1|_Bathycoccus_sp._RCC1105_virus_BpV1,_complete_genome	81.818	55	10	0	1114	1168	11562	11508	2.18e-06	55.4
ERR3077525.sra.1958	gi|441431943|ref|NC_020104.1|_Acanthamoeba_polyphaga_moumouvirus,_complete_genome	79.452	73	13	2	978	1050	251822	251892	7.96e-07	57.2
ERR3077525.sra.2063	NC_014147_315691_317208	75.357	280	31	16	31	275	1212	1488	6.09e-37	156
ERR3077525.sra.2539	gi|441431943|ref|NC_020104.1|_Acanthamoeba_polyphaga_moumouvirus,_complete_genome	74.757	103	19	5	235	334	154846	154944	4.65e-06	53.6
ERR3077525.sra.2541	NC_000907_127172_128720	82.456	114	14	5	42	152	1439	1549	1.58e-19	98.7
ERR3077525.sra.2563	NC_007146_193215_194753	74.177	759	101	39	48	720	694	1443	2.97e-109	396
ERR3077525.sra.2932	AF145242	78.154	1062	90	67	14	951	462	1505	0.0	697
ERR3077525.sra.3183	NC_014147_315691_317208	86.275	204	16	8	749	943	1516	1316	2.20e-55	217
ERR3077525.sra.3234	NC_014920_160651_162199	76.106	565	56	38	52	544	567	10	1.64e-83	311
ERR3077525.sra.3598	NC_014147_315691_317208	83.728	338	25	17	695	1007	1518	1186	3.90e-84	313
ERR3077525.sra.3957	gi|255987650|ref|NC_013110.1|_Primula_malacoides_virus_China_Mar2007_RNA_2,_complete_genome	88.060	67	4	1	13	75	2306	2240	2.26e-15	84.2
ERR3077525.sra.4158	X87976	82.484	765	65	35	783	1482	1434	674	0.0	681
ERR3077525.sra.4202	NC_014147_315691_317208	79.259	1080	95	63	56	1018	451	1518	0.0	771
ERR3077525.sra.4207	NC_021290_106184_107738	78.481	79	12	4	836	910	7	84	5.33e-06	53.6
ERR3077525.sra.4345	NC_014147_315691_317208	85.545	505	28	22	179	648	8	502	7.56e-148	524
ERR3077525.sra.4400	NC_021350_359864_361325	69.534	279	51	14	36	284	1266	992	2.87e-16	87.8
ERR3077525.sra.4410	NC_014147_315691_317208	84.211	133	8	8	720	843	1516	1388	1.19e-26	122
ERR3077525.sra.4416	NC_016809_179310_180858	90.179	112	4	4	22	129	1439	1547	1.31e-32	141
ERR3077525.sra.4461	NC_009567_443072_444611	81.162	568	40	33	32	539	565	5	2.58e-126	453
ERR3077525.sra.4611	NC_017595_14961_16496	77.689	251	25	16	271	495	1528	1283	3.19e-37	156
ERR3077525.sra.4888	gi|496991088|ref|NC_020474.2|_Elephantid_herpesvirus_1,_complete_genome	74.725	91	12	3	271	350	155987	155897	3.33e-07	57.2
ERR3077525.sra.4899	NC_015573_9094_9189	95.556	45	1	1	18	62	46	3	3.91e-11	69.8
ERR3077525.sra.5221	NC_000907_127172_128720	79.808	104	15	5	1038	1136	1549	1447	5.78e-13	77.0
ERR3077525.sra.5311	NC_016809_179310_180858	78.351	194	28	10	148	330	192	2	9.18e-29	129
ERR3077525.sra.5311	NC_016809_179310_180858	78.947	76	8	3	64	133	319	246	1.36e-07	59.0
ERR3077525.sra.5329	gi|20428591|ref|NC_003776.1|_Rice_stripe_virus_RNA_3,_complete_sequence	77.000	100	19	1	7	106	702	797	5.42e-13	77.0
ERR3077525.sra.5366	NC_016809_179310_180858	77.647	85	9	5	21	95	1462	1546	2.35e-06	55.4
ERR3077525.sra.5375	NC_021040_348381_351031	78.000	100	14	4	327	421	2492	2588	3.26e-11	71.6
ERR3077525.sra.5521	NC_014922_427300_428848	78.905	621	65	41	918	1483	1	610	1.20e-111	405
ERR3077525.sra.5544	NC_014920_160651_162199	80.973	452	45	23	62	480	448	5	1.18e-98	361
ERR3077525.sra.5573	NC_018706_214504_216058	80.723	83	15	1	1148	1229	85	3	2.54e-12	75.2
ERR3077525.sra.5618	NC_016809_179310_180858	79.641	334	22	19	65	358	328	1	1.11e-65	251
ERR3077525.sra.5665	NC_014147_315691_317208	83.498	303	28	13	747	1030	1518	1219	6.77e-75	282
ERR3077525.sra.5684	NC_014147_315691_317208	84.444	225	16	12	56	263	1296	1518	9.18e-54	212
ERR3077525.sra.5882	NC_014147_315691_317208	74.003	577	70	38	47	558	957	1518	6.30e-70	266
ERR3077525.sra.5906	NC_016809_179310_180858	74.654	651	72	44	9	574	643	1	4.67e-85	316
ERR3077525.sra.6027	gi|441431943|ref|NC_020104.1|_Acanthamoeba_polyphaga_moumouvirus,_complete_genome	80.992	121	18	3	855	970	474894	474774	1.43e-21	105
ERR3077525.sra.6041	NC_021350_359864_361325	70.769	325	60	18	91	387	1131	1448	4.59e-23	109
ERR3077525.sra.6072	gi|168804017|ref|NC_010356.1|_Glossina_pallidipes_salivary_gland_hypertrophy_virus,_complete_genome	83.019	53	7	1	638	688	70915	70967	7.00e-06	53.6
ERR3077525.sra.6073	NC_021350_359864_361325	70.280	286	61	15	59	322	1275	992	2.81e-16	87.8
ERR3077525.sra.6145	NC_016809_179310_180858	80.826	339	25	18	642	942	28	364	3.20e-72	273
ERR3077525.sra.6203	NC_016809_179310_180858	83.235	340	27	19	915	1232	13	344	1.06e-79	298
ERR3077525.sra.6275	NC_018706_214504_216058	80.392	102	13	5	204	298	13	114	3.03e-13	78.8
ERR3077525.sra.6579	gi|585299329|ref|NC_023423.1|_Pithovirus_sibericum_isolate_P1084-T,_complete_genome	81.818	55	10	0	203	257	222752	222698	1.75e-06	55.4
ERR3077525.sra.6643	gi|313767999|ref|NC_014765.1|_Bathycoccus_sp._RCC1105_virus_BpV1,_complete_genome	69.163	227	63	5	979	1201	6736	6959	2.68e-13	78.8
ERR3077525.sra.6700	gi|313843970|ref|NC_014766.1|_Ostreococcus_lucimarinus_virus_OlV1,_complete_genome	73.626	91	23	1	1167	1256	16149	16059	7.40e-06	53.6
ERR3077525.sra.6807	NC_014147_315691_317208	77.108	249	29	15	53	275	1196	1442	2.69e-35	150
ERR3077525.sra.6971	NC_016513_395462_396989	89.157	83	4	2	1429	1508	1528	1448	1.60e-21	105
ERR3077525.sra.7454	NC_021350_359864_361325	71.280	289	54	14	10	276	1278	997	1.35e-23	111
ERR3077525.sra.7800	AY613590	83.491	951	80	47	576	1480	2	921	0.0	865
ERR3077525.sra.7853	NC_017451_357249_358787	78.270	925	76	51	42	849	939	23	0.0	645
ERR3077525.sra.7980	gi|9964314|ref|NC_002520.1|_Amsacta_moorei_entomopoxvirus_'L',_complete_genome	84.483	58	6	3	1360	1416	32655	32600	8.99e-06	53.6
ERR3077525.sra.8523	NC_015291_14803_16340	74.590	366	47	23	966	1292	16	374	7.61e-44	179
ERR3077525.sra.8524	NC_016809_179310_180858	78.455	246	23	16	944	1162	13	255	6.32e-38	159
ERR3077525.sra.8589	NC_014147_315691_317208	83.446	296	21	15	54	324	1226	1518	1.21e-71	271
ERR3077525.sra.9149	NC_000907_127172_128720	85.246	61	3	3	979	1033	1549	1489	1.19e-08	62.6
ERR3077525.sra.9159	NC_007146_193215_194753	77.581	1075	108	65	711	1664	18	1080	0.0	679
ERR3077525.sra.9246	gi|585299329|ref|NC_023423.1|_Pithovirus_sibericum_isolate_P1084-T,_complete_genome	92.683	41	2	1	205	245	108168	108129	5.46e-07	57.2
ERR3077525.sra.9278	NC_016809_179310_180858	76.923	91	11	5	1114	1194	1544	1454	5.71e-07	57.2
ERR3077525.sra.9282	NC_021350_359864_361325	71.523	151	28	8	591	731	1127	1272	3.42e-07	57.2
ERR3077525.sra.9885	gi|555928249|ref|NC_022614.1|_Dill_cryptic_virus_1_isolate_IPP_hortorum_segment_1,_complete_sequence	93.478	46	3	0	394	439	2004	1959	8.28e-11	69.8
ERR3077525.sra.10271	NC_017451_357249_358787	82.219	703	63	32	219	882	2	681	2.13e-175	616
ERR3077525.sra.10290	gi|506497718|ref|NC_021246.1|_Mythimna_separata_entomopoxvirus_'L',_complete_genome	83.333	60	8	2	278	337	42664	42607	4.19e-07	57.2
ERR3077525.sra.10589	gi|531034792|ref|NC_022098.1|_Pandoravirus_salinus,_complete_genome	87.500	48	4	1	287	334	408318	408273	5.87e-07	57.2
ERR3077525.sra.10593	NC_021350_359864_361325	68.651	252	61	13	61	301	1246	1002	3.45e-07	57.2
ERR3077525.sra.10712	NC_014251_60580_62113	84.294	694	34	32	269	890	1	691	0.0	684
ERR3077525.sra.11240	NC_014147_315691_317208	82.803	157	8	10	68	208	154	1	2.84e-30	134
ERR3077525.sra.11248	NC_000907_127172_128720	90.654	107	4	4	849	949	1549	1443	5.84e-31	136
ERR3077525.sra.11361	NC_014920_160651_162199	74.851	505	48	32	899	1329	3	502	6.75e-70	266
ERR3077525.sra.11446	NC_002663_341427_342975	92.727	110	4	3	22	127	112	3	7.48e-36	152
ERR3077525.sra.11962	gi|20153336|ref|NC_003624.1|_Impatiens_necrotic_spot_virus_segment_S,_complete_sequence	72.093	86	11	1	752	837	1681	1753	3.45e-06	55.4
ERR3077525.sra.12138	gi|340025671|ref|NC_000852.5|_Paramecium_bursaria_Chlorella_virus_1,_complete_genome	79.688	64	12	1	157	220	57455	57393	6.71e-06	53.6
ERR3077525.sra.12410	gi|441431943|ref|NC_020104.1|_Acanthamoeba_polyphaga_moumouvirus,_complete_genome	76.531	98	18	3	361	453	474749	474846	3.89e-09	64.4
ERR3077525.sra.12453	NC_014920_160651_162199	78.763	372	24	25	1010	1329	85	453	1.49e-65	251
ERR3077525.sra.12740	NC_016809_179310_180858	77.381	336	29	24	16	312	328	1	2.10e-49	197
ERR3077525.sra.12818	NC_014147_315691_317208	75.637	353	41	24	40	352	1170	1517	1.70e-44	181
ERR3077525.sra.12875	gi|506497718|ref|NC_021246.1|_Mythimna_separata_entomopoxvirus_'L',_complete_genome	76.829	82	13	3	1105	1182	203132	203053	2.25e-06	55.4
ERR3077525.sra.13272	NC_014147_315691_317208	78.247	616	54	40	65	618	920	1517	4.44e-110	399
ERR3077525.sra.13421	NC_014922_427300_428848	77.293	229	16	16	33	227	227	1	4.47e-32	140
ERR3077525.sra.13621	NC_009567_443072_444611	80.021	936	64	51	35	867	625	1540	0.0	726
ERR3077525.sra.13998	gi|311977355|ref|NC_014649.1|_Acanthamoeba_polyphaga_mimivirus,_complete_genome	70.455	132	29	4	234	364	610016	610138	7.40e-06	53.6
ERR3077525.sra.14451	NC_014147_315691_317208	83.085	201	16	12	77	263	1322	1518	7.91e-42	172
ERR3077525.sra.14492	gi|57659643|ref|NC_006658.1|_Cotesia_congregata_virus_complete_genome,_segment_Circle31	83.673	49	8	0	147	195	13121	13073	4.41e-06	53.6
ERR3077525.sra.14662	gi|363539767|ref|NC_016072.1|_Megavirus_chiliensis,_complete_genome	78.022	91	11	6	71	155	1023861	1023774	1.58e-06	55.4
ERR3077525.sra.14865	NC_021350_359864_361325	73.196	291	51	15	23	295	1278	997	2.66e-29	131
ERR3077525.sra.14895	NC_016809_179310_180858	81.001	879	67	57	119	914	1549	688	0.0	666
ERR3077525.sra.14951	gi|313843970|ref|NC_014766.1|_Ostreococcus_lucimarinus_virus_OlV1,_complete_genome	71.311	122	30	3	58	174	16041	16162	4.32e-06	53.6
ERR3077525.sra.14976	gi|9632388|ref|NC_002051.1|_Tomato_spotted_wilt_virus_RNA_S,_complete_sequence	73.394	109	25	1	493	601	1693	1589	1.11e-09	66.2
ERR3077525.sra.14998	gi|22164589|ref|NC_004105.1|_Ectromelia_virus,_complete_genome	75.949	79	18	1	477	554	51597	51675	4.33e-06	53.6
ERR3077525.sra.15195	NC_021350_359864_361325	69.266	218	40	13	439	632	1452	1238	7.66e-07	57.2
ERR3077525.sra.15209	NC_000907_127172_128720	76.724	116	14	6	13	116	1435	1549	6.50e-12	73.4
ERR3077525.sra.15280	NC_016809_179310_180858	89.320	103	6	4	14	111	1440	1542	4.41e-27	123
ERR3077525.sra.15410	NC_018661_518081_519633	80.822	73	5	5	176	246	1478	1543	1.80e-06	55.4
ERR3077525.sra.15625	NC_009446_927599_929146	88.889	45	4	1	869	912	8	52	1.50e-06	55.4
ERR3077525.sra.15669	NC_016809_179310_180858	76.991	113	14	5	8	109	1435	1546	2.21e-12	75.2
ERR3077525.sra.15766	NC_015291_14803_16340	88.704	602	19	25	21	574	729	129	0.0	711
ERR3077525.sra.16074	NC_016809_179310_180858	93.269	104	4	2	1010	1111	1546	1444	3.11e-35	150
ERR3077525.sra.16309	NC_016809_179310_180858	76.471	170	19	11	9	157	1281	1450	7.33e-19	96.9
ERR3077525.sra.16712	NC_016809_179310_180858	81.284	919	67	55	36	868	900	1	0.0	729
ERR3077525.sra.17076	NC_021350_359864_361325	69.930	286	61	13	36	299	1279	997	6.89e-18	93.3
ERR3077525.sra.17082	gi|311977355|ref|NC_014649.1|_Acanthamoeba_polyphaga_mimivirus,_complete_genome	83.929	56	8	1	201	256	1041906	1041960	2.86e-07	57.2
ERR3077525.sra.17126	NC_016809_179310_180858	83.668	349	28	17	956	1280	1	344	9.65e-87	322
ERR3077525.sra.17331	NC_007146_193215_194753	80.807	818	76	39	134	874	726	1539	0.0	664
ERR3077525.sra.17707	gi|313767999|ref|NC_014765.1|_Bathycoccus_sp._RCC1105_virus_BpV1,_complete_genome	72.727	110	22	4	999	1103	11561	11455	6.52e-06	53.6
ERR3077525.sra.17768	NC_015460_612647_614171	91.765	85	2	4	730	810	51	134	6.91e-23	109
ERR3077525.sra.17858	gi|441431943|ref|NC_020104.1|_Acanthamoeba_polyphaga_moumouvirus,_complete_genome	74.400	125	23	2	1020	1135	474852	474728	4.95e-14	80.6
ERR3077525.sra.17858	gi|441431943|ref|NC_020104.1|_Acanthamoeba_polyphaga_moumouvirus,_complete_genome	75.949	79	15	1	1054	1128	290879	290957	5.65e-07	57.2
ERR3077525.sra.17870	NC_000907_127172_128720	80.639	563	53	28	2	516	1433	879	5.17e-125	448
ERR3077525.sra.17870	NC_000907_127172_128720	82.707	133	13	5	573	697	743	613	2.69e-27	123
ERR3077525.sra.17943	AF003929	87.270	597	30	24	54	614	531	1117	0.0	668
ERR3077525.sra.18338	NC_016809_179310_180858	82.979	94	7	6	13	98	1455	1547	8.17e-14	78.8
ERR3077525.sra.18350	NC_014147_315691_317208	77.474	293	32	21	12	277	1226	1511	3.44e-40	167
ERR3077525.sra.18352	NC_016809_179310_180858	77.429	350	32	26	56	365	344	2	2.18e-50	201
ERR3077525.sra.18474	NC_014147_315691_317208	75.000	300	35	16	1095	1359	3	297	5.01e-40	167
ERR3077525.sra.18586	NC_014498_31096_32654	90.909	44	1	2	776	816	1	44	1.34e-06	55.4
ERR3077525.sra.18811	AY349380	74.788	353	42	22	702	1007	1527	1175	5.79e-44	179
ERR3077525.sra.18955	gi|9695413|ref|NC_001824.1|_Lymphocystis_disease_virus_1,_complete_genome	78.082	73	11	2	705	774	25944	25874	2.24e-06	55.4
ERR3077525.sra.19600	NC_009524_776635_778181	84.211	57	7	1	1295	1351	42	96	5.28e-08	60.8
ERR3077525.sra.19606	NC_016809_179310_180858	80.952	147	13	8	684	818	3	146	4.70e-25	116
ERR3077525.sra.19660	NC_021009_505857_508732	75.000	108	16	6	35	138	237	337	6.68e-07	57.2
ERR3077525.sra.20484	NC_016809_179310_180858	89.236	288	11	12	1884	2159	1	280	5.01e-93	343
ERR3077525.sra.20572	gi|585299329|ref|NC_023423.1|_Pithovirus_sibericum_isolate_P1084-T,_complete_genome	88.636	44	4	1	465	507	108168	108125	7.19e-06	53.6
ERR3077525.sra.20932	AY613590	78.720	1344	121	82	23	1224	218	1538	0.0	913
ERR3077525.sra.21065	gi|441431943|ref|NC_020104.1|_Acanthamoeba_polyphaga_moumouvirus,_complete_genome	80.519	77	12	3	768	842	474819	474744	3.55e-08	60.8
ERR3077525.sra.21078	gi|68304136|ref|NC_007151.1|_Chrysodeixis_chalcites_nucleopolyhedrovirus,_complete_genome	87.500	48	5	1	625	671	109829	109876	4.70e-07	57.2
ERR3077525.sra.21364	gi|73852470|ref|NC_007346.1|_Emiliania_huxleyi_virus_86,_complete_genome	79.167	72	13	1	36	105	251935	252006	2.67e-08	60.8
ERR3077525.sra.21388	gi|531034792|ref|NC_022098.1|_Pandoravirus_salinus,_complete_genome	94.444	36	2	0	482	517	584988	584953	2.41e-07	57.2
ERR3077525.sra.21444	NC_000907_127172_128720	81.659	229	14	14	41	243	1323	1549	5.28e-46	187
ERR3077525.sra.21542	AY485603	82.143	1036	77	59	270	1208	1467	443	0.0	866
ERR3077525.sra.21544	NC_014803_39894_41421	91.111	45	2	1	266	308	1445	1489	3.68e-08	60.8
ERR3077525.sra.21735	NC_021350_359864_361325	69.030	268	68	9	1015	1267	997	1264	1.52e-14	82.4
ERR3077525.sra.21870	NC_016809_179310_180858	72.862	269	32	18	929	1162	82	344	8.19e-24	113
ERR3077525.sra.22172	gi|71658856|ref|NC_007241.1|_Vicia_cryptic_virus_RNA1,_complete_sequence	86.207	58	3	2	186	242	1954	2007	3.49e-09	64.4
ERR3077525.sra.22231	gi|358356460|ref|NC_016157.1|_Human_papillomavirus_type_126,_complete_genome	89.744	39	4	0	58	96	5165	5127	6.50e-06	53.6
ERR3077525.sra.22307	NC_014147_315691_317208	80.556	180	19	8	67	238	1345	1516	1.12e-33	145
ERR3077525.sra.22556	gi|313768203|ref|NC_014767.1|_Micromonas_sp._RCC1109_virus_MpV1,_complete_genome	78.788	66	13	1	1146	1211	11570	11506	7.66e-06	53.6
ERR3077525.sra.22908	gi|441431943|ref|NC_020104.1|_Acanthamoeba_polyphaga_moumouvirus,_complete_genome	71.812	149	32	4	950	1088	474894	474746	3.13e-11	71.6
ERR3077525.sra.23133	AY005033	87.500	80	6	2	880	957	1525	1448	5.96e-19	96.9
ERR3077525.sra.23133	AY005033	77.570	107	7	6	1007	1097	1300	1195	6.80e-12	73.4
ERR3077525.sra.23179	NC_019902_3560018_3561620	94.118	34	2	0	445	478	2	35	3.96e-06	53.6
ERR3077525.sra.23354	NC_014920_160651_162199	76.343	689	70	46	14	621	677	1	6.79e-106	385
ERR3077525.sra.23462	gi|313843970|ref|NC_014766.1|_Ostreococcus_lucimarinus_virus_OlV1,_complete_genome	72.868	129	29	4	22	146	16040	16166	1.54e-08	62.6
ERR3077525.sra.23670	NC_014147_315691_317208	90.099	101	3	5	28	123	99	1	9.95e-27	122
ERR3077525.sra.23855	gi|313843970|ref|NC_014766.1|_Ostreococcus_lucimarinus_virus_OlV1,_complete_genome	75.238	105	18	3	561	658	16162	16059	1.24e-09	66.2
ERR3077525.sra.23870	gi|441431943|ref|NC_020104.1|_Acanthamoeba_polyphaga_moumouvirus,_complete_genome	74.854	171	32	6	398	561	474723	474889	1.94e-19	98.7
ERR3077525.sra.23924	gi|441431943|ref|NC_020104.1|_Acanthamoeba_polyphaga_moumouvirus,_complete_genome	72.263	137	28	5	164	294	474876	474744	6.42e-09	62.6
ERR3077525.sra.23924	gi|441431943|ref|NC_020104.1|_Acanthamoeba_polyphaga_moumouvirus,_complete_genome	76.623	77	13	2	231	303	290882	290957	3.32e-06	53.6
