ERR3077526.sra.76	NC_015875_2081382_2082934	78.104	1329	136	75	621	1812	22	1332	0.0	886
ERR3077526.sra.90	NC_020450_475434_475549	79.747	79	12	3	738	813	24	101	1.30e-07	60.8
ERR3077526.sra.274	CP001015	82.927	1312	80	71	334	1513	1458	159	0.0	1166
ERR3077526.sra.367	AF145242	75.793	1041	111	73	44	957	473	1499	2.19e-152	540
ERR3077526.sra.412	NC_007146_193215_194753	74.457	920	114	65	18	831	909	5	1.08e-114	416
ERR3077526.sra.641	NC_021175_16001_17556	83.850	452	39	18	235	653	1556	1106	3.09e-121	435
ERR3077526.sra.745	X84006	78.824	1530	142	87	705	2069	1	1513	0.0	1074
ERR3077526.sra.907	NC_008532_19146_20695	79.813	1179	113	62	57	1148	403	1543	0.0	886
ERR3077526.sra.927	NC_018081_587633_589195	84.153	183	14	6	675	842	1	183	3.25e-46	187
ERR3077526.sra.1029	AF104675	70.418	1244	147	100	362	1403	284	1508	2.31e-90	334
ERR3077526.sra.1095	CP001015	88.550	1476	77	57	676	2077	1458	1	0.0	1727
ERR3077526.sra.1493	DQ201336	79.669	1510	130	88	335	1679	1	1498	0.0	1103
ERR3077526.sra.1584	gi|441431943|ref|NC_020104.1|_Acanthamoeba_polyphaga_moumouvirus,_complete_genome	73.077	182	39	7	1490	1661	474713	474894	2.53e-15	86.0
ERR3077526.sra.1594	NC_017595_14961_16496	78.119	553	55	32	5	494	550	1	2.24e-100	367
ERR3077526.sra.1742	AM157441	82.576	792	76	34	53	790	772	1555	0.0	710
ERR3077526.sra.1945	gi|697827457|ref|NC_025257.1|_Erinnyis_ello_granulovirus,_complete_genome	78.313	83	11	3	56	131	37033	37115	2.17e-08	62.6
ERR3077526.sra.1945	gi|697827457|ref|NC_025257.1|_Erinnyis_ello_granulovirus,_complete_genome	77.778	81	11	3	56	129	37057	37137	2.64e-07	59.0
ERR3077526.sra.1945	gi|697827457|ref|NC_025257.1|_Erinnyis_ello_granulovirus,_complete_genome	81.967	61	7	2	75	131	37031	37091	3.22e-06	55.4
ERR3077526.sra.1965	gi|761895455|ref|NC_001650.2|_Equid_herpesvirus_2_strain_86_67,_complete_genome	75.904	83	11	3	1290	1372	151746	151673	5.87e-06	55.4
ERR3077526.sra.2168	AM157420	82.731	1106	83	60	14	1025	436	1527	0.0	960
ERR3077526.sra.2434	NC_014498_31096_32654	90.909	44	1	2	2901	2941	4	47	4.93e-06	55.4
ERR3077526.sra.2532	AY995770	78.098	799	102	41	55	814	403	1167	1.84e-150	533
ERR3077526.sra.2663	NC_013016_142152_143695	76.567	734	59	41	48	672	730	1	3.04e-130	466
ERR3077526.sra.2752	AY278609	73.450	1145	148	73	413	1420	1502	377	4.53e-142	506
ERR3077526.sra.3035	AF003928	83.923	311	17	19	2442	2722	1	308	6.33e-74	280
ERR3077526.sra.3116	AY281080	75.198	504	56	28	31	469	537	38	7.68e-75	282
ERR3077526.sra.3173	NC_017591_15331_16889	83.000	400	31	24	266	630	1559	1162	1.80e-92	340
ERR3077526.sra.3370	NC_012470_18043_19591	81.250	176	10	11	1098	1252	1542	1369	6.34e-32	140
ERR3077526.sra.3418	AF003929	81.027	1091	93	57	38	1034	419	1489	0.0	881
ERR3077526.sra.3438	FJ470432	73.572	1506	165	105	1290	2570	1502	5	0.0	659
ERR3077526.sra.3681	gi|9632388|ref|NC_002051.1|_Tomato_spotted_wilt_virus_RNA_S,_complete_sequence	74.528	106	25	1	1	106	1691	1588	4.21e-10	68.0
ERR3077526.sra.3769	NC_022582_327975_329522	74.190	895	123	52	315	1112	1548	665	5.27e-121	435
ERR3077526.sra.3829	CP000725	80.962	1434	126	77	84	1391	94	1506	0.0	1141
ERR3077526.sra.3886	NC_017316_213429_214977	84.659	176	10	7	1338	1498	1548	1375	8.68e-44	179
ERR3077526.sra.4051	AF016390	77.396	1513	139	88	242	1565	1	1499	0.0	973
ERR3077526.sra.4333	gi|509139559|ref|NC_021320.1|_Halovirus_HRTV-5,_complete_genome	82.143	56	7	1	949	1001	55882	55937	2.30e-06	55.4
ERR3077526.sra.4374	NC_011374_149403_150929	91.892	37	3	0	548	584	15	51	3.29e-06	53.6
ERR3077526.sra.4407	AY485603	74.916	1483	167	98	621	1919	1	1462	0.0	740
ERR3077526.sra.4469	CP000725	81.031	1397	126	69	524	1789	1506	118	0.0	1139
ERR3077526.sra.4489	gi|506498610|ref|NC_021249.1|_Choristoneura_rosaceana_entomopoxvirus_'L',_complete_genome	92.500	40	2	1	265	304	182730	182692	1.15e-06	55.4
ERR3077526.sra.4562	AB355602	76.314	1275	113	82	239	1344	1398	144	0.0	738
ERR3077526.sra.4877	NC_021175_16001_17556	77.918	317	30	20	234	514	1555	1243	2.58e-51	203
ERR3077526.sra.4966	gi|118496614|ref|NC_008603.1|_Paramecium_bursaria_Chlorella_virus_FR483,_complete_genome	87.273	55	6	1	2446	2499	142510	142564	9.81e-09	64.4
ERR3077526.sra.5086	gi|9964314|ref|NC_002520.1|_Amsacta_moorei_entomopoxvirus_'L',_complete_genome	81.538	65	8	2	561	625	143321	143381	1.02e-07	59.0
ERR3077526.sra.5136	NC_013853_16701_18238	70.015	677	84	50	50	618	872	1537	9.37e-47	188
ERR3077526.sra.5220	NC_019902_3560018_3561620	94.118	34	2	0	255	288	2	35	4.32e-06	53.6
ERR3077526.sra.5281	DQ232537	80.631	1110	84	60	7	1003	376	1467	0.0	881
ERR3077526.sra.5340	gi|109255272|ref|NC_008168.1|_Choristoneura_occidentalis_granulovirus,_complete_genome	83.051	59	8	2	1629	1686	34989	34932	3.40e-06	55.4
ERR3077526.sra.5393	NC_013520_103635_105185	80.579	484	31	25	616	1042	1551	1074	1.52e-108	394
ERR3077526.sra.5395	AF003929	79.925	1066	76	62	299	1232	1474	415	0.0	803
ERR3077526.sra.5481	CP000725	82.187	1134	100	57	33	1088	401	1510	0.0	969
ERR3077526.sra.5515	AY005033	78.027	1561	172	76	16	1434	1	1532	0.0	1081
ERR3077526.sra.5595	NC_021350_359864_361325	68.201	478	116	22	1397	1842	1459	986	4.75e-23	111
ERR3077526.sra.5658	AF003929	86.735	588	36	22	34	587	658	79	0.0	648
ERR3077526.sra.5714	gi|506497718|ref|NC_021246.1|_Mythimna_separata_entomopoxvirus_'L',_complete_genome	71.311	122	33	2	835	954	115336	115215	2.04e-06	55.4
ERR3077526.sra.5884	AJ239282	75.295	1186	134	81	1950	2993	11	1179	7.04e-169	596
ERR3077526.sra.5894	gi|506497718|ref|NC_021246.1|_Mythimna_separata_entomopoxvirus_'L',_complete_genome	84.127	63	6	3	1909	1969	234831	234771	4.34e-07	59.0
ERR3077526.sra.5905	NC_021350_359864_361325	78.378	74	14	2	2826	2897	986	1059	5.10e-06	55.4
ERR3077526.sra.6273	gi|441431943|ref|NC_020104.1|_Acanthamoeba_polyphaga_moumouvirus,_complete_genome	74.757	103	20	3	375	471	474713	474815	6.14e-08	60.8
ERR3077526.sra.6274	AF292371	81.635	893	70	44	23	854	493	1352	0.0	758
ERR3077526.sra.6358	NC_009443_16967_18518	84.498	329	17	17	24	318	1213	1541	5.02e-86	318
ERR3077526.sra.6694	gi|314055095|ref|NC_014789.1|_Ostreococcus_tauri_virus_2,_complete_genome	71.111	180	35	8	772	939	9240	9414	1.47e-10	69.8
ERR3077526.sra.6887	AF003930	67.463	544	91	35	815	1282	44	577	1.47e-21	105
ERR3077526.sra.6974	NC_021009_505857_508732	84.416	77	9	2	1865	1939	180	255	2.95e-13	78.8
ERR3077526.sra.7044	NC_014922_427300_428848	78.937	508	44	30	33	486	503	5	4.13e-97	356
ERR3077526.sra.7334	gi|509139559|ref|NC_021320.1|_Halovirus_HRTV-5,_complete_genome	86.441	59	6	2	1857	1914	55879	55936	6.91e-09	64.4
ERR3077526.sra.7373	NC_004070_17066_18620	89.404	151	5	7	1316	1457	1551	1403	8.49e-44	179
ERR3077526.sra.7666	NC_021350_359864_361325	72.038	211	36	12	371	562	1450	1244	1.58e-14	82.4
ERR3077526.sra.8092	DQ201336	77.452	1397	139	87	935	2169	1498	116	0.0	866
ERR3077526.sra.8106	NC_015875_2081382_2082934	86.905	420	23	18	27	420	420	7	9.45e-128	457
ERR3077526.sra.8407	AY134901	68.209	670	111	46	162	738	869	1529	9.09e-30	132
ERR3077526.sra.8989	gi|363539767|ref|NC_016072.1|_Megavirus_chiliensis,_complete_genome	90.000	40	4	0	275	314	1114487	1114526	1.40e-06	55.4
ERR3077526.sra.9052	NC_022582_327975_329522	82.564	780	49	44	287	986	1548	776	0.0	673
ERR3077526.sra.9621	NC_019842_9758_11299	79.286	140	15	7	742	869	1537	1400	3.22e-21	104
ERR3077526.sra.9922	AY995770	73.112	1417	178	101	294	1543	7	1387	3.65e-160	567
ERR3077526.sra.9990	NC_022356_182851_184377	82.692	156	15	9	843	987	1	155	2.59e-29	131
ERR3077526.sra.10006	AM420016	79.783	277	25	16	1883	2137	1	268	1.09e-50	203
ERR3077526.sra.10038	AF003933	76.442	815	87	43	247	965	1510	705	3.08e-142	506
ERR3077526.sra.10214	gi|441431943|ref|NC_020104.1|_Acanthamoeba_polyphaga_moumouvirus,_complete_genome	75.200	125	22	8	385	501	474863	474740	1.24e-07	59.0
ERR3077526.sra.10391	gi|113195177|ref|NC_008291.1|_Taterapox_virus,_complete_genome	73.404	188	27	9	373	557	184820	184987	3.44e-18	95.1
ERR3077526.sra.10391	gi|113195177|ref|NC_008291.1|_Taterapox_virus,_complete_genome	74.757	103	16	4	475	574	184841	184936	7.09e-08	60.8
ERR3077526.sra.10391	gi|113195177|ref|NC_008291.1|_Taterapox_virus,_complete_genome	81.538	65	10	2	512	574	184822	184886	8.64e-07	57.2
ERR3077526.sra.10391	gi|113195177|ref|NC_008291.1|_Taterapox_virus,_complete_genome	75.000	92	14	3	485	574	184827	184911	8.64e-07	57.2
ERR3077526.sra.10440	NC_013520_103635_105185	78.085	867	57	49	887	1624	1551	689	2.10e-172	607
ERR3077526.sra.10565	NC_017591_15331_16889	84.130	460	22	28	277	690	1548	1094	7.15e-117	421
ERR3077526.sra.10791	NC_015875_2081382_2082934	81.959	194	9	11	2321	2489	4	196	9.19e-40	167
ERR3077526.sra.10858	NC_006449_17815_19369	83.696	184	18	8	1203	1375	1552	1370	1.18e-41	172
ERR3077526.sra.10880	AF145242	81.064	808	60	51	249	974	1505	709	1.60e-177	623
ERR3077526.sra.10891	NC_017595_14961_16496	70.764	1074	108	77	1735	2607	1536	468	7.96e-98	360
ERR3077526.sra.10924	NC_017595_14961_16496	79.029	515	46	30	13	473	1025	1531	2.33e-99	363
ERR3077526.sra.10953	CP000725	77.798	1126	114	61	43	1051	401	1507	0.0	751
ERR3077526.sra.11177	CP000725	80.124	1132	112	64	5	1046	402	1510	0.0	841
ERR3077526.sra.11294	NC_021018_3070260_3072809	74.194	124	27	4	118	236	258	135	2.86e-09	66.2
ERR3077526.sra.11442	NC_011025_191404_192928	94.118	34	2	0	17	50	41	8	3.68e-06	53.6
ERR3077526.sra.11727	AM157420	75.392	1532	153	95	1149	2471	1544	28	0.0	838
ERR3077526.sra.11757	gi|509139559|ref|NC_021320.1|_Halovirus_HRTV-5,_complete_genome	89.474	57	5	1	93	149	55882	55937	1.41e-11	73.4
ERR3077526.sra.11811	NC_017595_14961_16496	84.384	730	35	38	254	907	1524	798	0.0	702
ERR3077526.sra.11821	GU470899	73.856	1530	204	100	809	2167	17	1521	0.0	682
ERR3077526.sra.11924	AJ239301	86.065	775	64	29	41	780	330	1095	0.0	820
ERR3077526.sra.12196	AY005041	78.431	204	23	13	100	284	202	1	4.24e-29	131
ERR3077526.sra.12203	EU592964	80.000	65	9	2	12	75	62	1	7.17e-06	53.6
ERR3077526.sra.12277	NC_015964_438409_439961	78.807	1392	147	81	61	1326	1373	4	0.0	949
ERR3077526.sra.12293	NC_014498_31096_32654	97.143	35	1	0	9	43	39	5	1.09e-07	59.0
ERR3077526.sra.12513	AM157441	85.075	603	57	26	1817	2399	45	634	1.94e-168	594
ERR3077526.sra.12549	NC_020450_475434_475549	79.221	77	15	1	1841	1917	27	102	8.25e-09	64.4
ERR3077526.sra.12693	NC_017591_15331_16889	83.607	122	3	6	78	183	1439	1559	1.01e-25	118
ERR3077526.sra.12756	NC_017591_15331_16889	79.756	573	51	32	283	797	1557	992	6.79e-118	425
ERR3077526.sra.13029	NC_022584_1536869_1538421	78.378	740	77	41	8	677	727	1	1.13e-141	504
ERR3077526.sra.13063	gi|237781162|ref|NC_012703.1|_Nyamanini_virus,_complete_genome	74.074	108	24	2	1041	1146	9289	9184	6.64e-09	64.4
ERR3077526.sra.13140	AY485603	78.799	1382	134	84	41	1305	127	1466	0.0	937
ERR3077526.sra.13224	gi|9635240|ref|NC_002327.1|_Rice_grassy_stunt_virus_RNA_5,_complete_sequence	78.378	74	14	1	1	72	851	778	3.21e-07	59.0
ERR3077526.sra.13237	gi|584593359|ref|NC_023442.1|_Buzura_suppressaria_nucleopolyhedrovirus_isolate_Hubei,_complete_genome	92.308	39	1	1	1644	1680	7998	8036	5.13e-06	55.4
ERR3077526.sra.13312	CP001015	77.630	1426	172	76	2378	3707	1	1375	0.0	924
ERR3077526.sra.13388	gi|363539767|ref|NC_016072.1|_Megavirus_chiliensis,_complete_genome	77.500	80	12	3	795	870	930650	930727	4.93e-06	55.4
ERR3077526.sra.13412	NC_015678_4661_6196	76.167	407	38	25	45	399	1133	1532	1.58e-61	237
ERR3077526.sra.13718	NC_014498_31096_32654	95.455	44	1	1	30	72	48	5	2.05e-10	68.0
ERR3077526.sra.13772	AF145242	80.402	1245	99	68	264	1376	1505	274	0.0	971
ERR3077526.sra.13795	NC_017595_14961_16496	75.834	1109	130	64	38	1026	445	1535	4.89e-179	628
ERR3077526.sra.13823	NC_015291_14803_16340	77.982	327	31	18	2058	2354	12	327	4.50e-56	221
ERR3077526.sra.13868	NC_014498_31096_32654	91.667	48	3	1	29	75	48	1	9.64e-10	66.2
ERR3077526.sra.13952	NC_021350_359864_361325	78.333	120	19	6	1727	1840	1344	1226	3.23e-13	78.8
ERR3077526.sra.13994	NC_021350_359864_361325	76.404	89	17	3	12	99	1263	1178	2.37e-07	57.2
ERR3077526.sra.13996	AM157441	80.586	546	33	35	7	485	600	61	9.56e-115	416
ERR3077526.sra.14042	NC_004070_17066_18620	81.957	327	26	17	246	543	1555	1233	1.55e-73	277
ERR3077526.sra.14117	NC_006449_17815_19369	79.819	441	48	23	425	829	1555	1120	1.45e-88	327
ERR3077526.sra.14166	NC_017595_14961_16496	84.897	629	37	28	206	783	1520	899	2.46e-180	632
ERR3077526.sra.14167	AY525790	75.862	1131	122	73	33	1019	1160	37	5.56e-175	616
ERR3077526.sra.14451	NC_015875_2081382_2082934	82.759	377	15	22	239	567	2	376	2.33e-90	333
ERR3077526.sra.14589	NC_018065_3632_5180	77.193	171	16	11	1055	1203	8	177	4.38e-21	104
ERR3077526.sra.14775	FJ557816	81.197	585	53	25	626	1162	2	577	5.48e-140	499
ERR3077526.sra.14797	gi|340025671|ref|NC_000852.5|_Paramecium_bursaria_Chlorella_virus_1,_complete_genome	85.417	48	7	0	1315	1362	165717	165764	4.86e-06	55.4
ERR3077526.sra.14869	NC_017592_15332_16890	80.126	478	40	29	17	447	470	1	1.12e-95	352
ERR3077526.sra.14873	gi|506498026|ref|NC_021247.1|_Adoxophyes_honmai_enomopoxvirus_'L',_complete_genome	79.412	68	12	2	1203	1269	97812	97878	8.74e-06	53.6
ERR3077526.sra.14903	CP001015	77.701	1444	153	80	576	1863	28	1458	0.0	944
ERR3077526.sra.15113	NC_008532_19146_20695	79.883	512	33	26	240	689	1545	1042	5.44e-112	405
ERR3077526.sra.15238	NC_021839_1492052_1493604	79.066	1285	144	73	434	1614	1264	1	0.0	888
ERR3077526.sra.15238	NC_021839_1492052_1493604	82.609	69	5	4	160	222	1553	1486	2.65e-07	59.0
ERR3077526.sra.15241	NC_003028_15344_16903	74.031	258	22	18	286	503	1560	1308	1.99e-27	123
ERR3077526.sra.15271	NC_015678_4661_6196	84.879	701	40	29	1050	1686	1499	801	0.0	715
ERR3077526.sra.15473	NC_017592_15332_16890	77.184	206	16	12	29	206	207	5	4.40e-30	134
ERR3077526.sra.15495	NC_013715_1592163_1593688	82.407	108	12	6	2534	2635	139	33	4.64e-16	89.7
ERR3077526.sra.15707	NC_021040_348381_351031	72.727	121	25	5	272	385	2526	2645	5.14e-06	55.4
ERR3077526.sra.15917	gi|363539767|ref|NC_016072.1|_Megavirus_chiliensis,_complete_genome	86.667	45	6	0	381	425	552578	552534	1.39e-06	55.4
ERR3077526.sra.16030	AY525790	83.270	526	42	23	31	519	728	1244	1.40e-137	489
ERR3077526.sra.16040	AY995770	82.677	381	25	21	26	370	1108	1483	1.30e-89	333
ERR3077526.sra.16058	AM157441	81.183	744	66	35	1704	2402	45	759	4.86e-176	619
ERR3077526.sra.16270	FJ983036	76.816	936	95	56	70	898	617	1537	1.51e-160	567
ERR3077526.sra.16376	NC_017584_192512_194014	86.538	52	4	2	1480	1528	2	53	7.28e-07	57.2
ERR3077526.sra.16619	gi|508181800|ref|NC_021312.1|_Phaeocystis_globosa_virus_strain_16T,_complete_genome	72.826	92	25	0	32	123	459798	459707	9.76e-06	53.6
ERR3077526.sra.16657	CP001015	82.980	1463	119	65	141	1490	13	1458	0.0	1341
ERR3077526.sra.16801	NC_022582_327975_329522	84.046	702	48	33	21	660	848	1547	0.0	670
ERR3077526.sra.16962	NC_015875_2081382_2082934	73.788	1217	114	79	26	1047	247	1453	9.17e-166	585
ERR3077526.sra.17021	NC_021350_359864_361325	74.638	138	27	5	11	141	1278	1142	3.24e-13	77.0
ERR3077526.sra.17054	NC_014498_31096_32654	89.130	46	2	2	789	834	5	47	1.37e-06	55.4
ERR3077526.sra.17158	NC_020450_475434_475549	79.747	79	12	2	2258	2332	23	101	2.61e-09	66.2
ERR3077526.sra.17182	Y13364	85.888	907	51	38	2702	3543	1510	616	0.0	957
ERR3077526.sra.17191	NC_015875_2081382_2082934	75.699	465	44	29	1268	1666	10	471	3.62e-68	260
ERR3077526.sra.17261	NC_015678_4661_6196	76.906	446	57	21	436	840	3	443	1.29e-76	288
ERR3077526.sra.17347	NC_015678_4661_6196	80.372	591	49	28	284	813	1528	944	1.25e-133	477
ERR3077526.sra.17589	NC_022245_16649_18192	85.207	169	8	6	1064	1216	1542	1375	2.01e-44	181
ERR3077526.sra.17657	NC_022584_1536869_1538421	95.122	41	1	1	1527	1566	1	41	1.76e-08	62.6
ERR3077526.sra.17696	NC_008533_15164_16621	73.237	482	58	30	26	441	478	2	3.26e-55	217
ERR3077526.sra.17733	gi|509139559|ref|NC_021320.1|_Halovirus_HRTV-5,_complete_genome	90.385	52	3	2	1193	1242	55932	55881	7.47e-09	64.4
ERR3077526.sra.17770	CP000725	78.675	1524	128	84	682	2028	1507	4	0.0	1083
ERR3077526.sra.17839	NC_015678_4661_6196	78.425	1562	128	103	630	2009	2	1536	0.0	1021
ERR3077526.sra.17841	CP001015	81.713	1471	105	85	525	1844	1458	1	0.0	1205
ERR3077526.sra.17954	NC_013853_16701_18238	77.912	747	57	42	1331	1990	660	1385	2.29e-143	511
ERR3077526.sra.17954	NC_013853_16701_18238	87.560	418	26	14	889	1293	164	568	3.88e-134	480
ERR3077526.sra.17954	NC_013853_16701_18238	95.000	60	0	2	775	832	1	59	2.46e-16	89.7
ERR3077526.sra.17954	NC_013853_16701_18238	78.889	90	7	4	1998	2075	1449	1538	2.30e-10	69.8
ERR3077526.sra.18035	NC_022582_327975_329522	83.088	1153	60	49	159	1181	1548	401	0.0	1101
ERR3077526.sra.18079	AJ239282	82.511	1115	93	59	726	1755	189	1286	0.0	958
ERR3077526.sra.18094	NC_015875_2081382_2082934	83.704	540	51	25	19	531	530	1	3.62e-140	499
ERR3077526.sra.18104	NC_022356_182851_184377	76.227	1548	173	89	589	1964	1525	1	0.0	908
ERR3077526.sra.18111	gi|363539767|ref|NC_016072.1|_Megavirus_chiliensis,_complete_genome	83.636	55	8	1	2668	2722	798841	798894	4.96e-06	55.4
ERR3077526.sra.18161	gi|363539767|ref|NC_016072.1|_Megavirus_chiliensis,_complete_genome	78.571	112	20	4	2144	2253	339101	339210	1.20e-13	80.6
ERR3077526.sra.18161	gi|363539767|ref|NC_016072.1|_Megavirus_chiliensis,_complete_genome	74.400	125	28	4	2160	2282	339089	339211	7.60e-10	68.0
ERR3077526.sra.18161	gi|363539767|ref|NC_016072.1|_Megavirus_chiliensis,_complete_genome	75.806	124	24	6	2102	2224	339116	339234	7.60e-10	68.0
ERR3077526.sra.18161	gi|363539767|ref|NC_016072.1|_Megavirus_chiliensis,_complete_genome	76.531	98	20	3	2157	2252	339635	339731	3.23e-08	62.6
ERR3077526.sra.18161	gi|363539767|ref|NC_016072.1|_Megavirus_chiliensis,_complete_genome	81.538	65	10	2	2163	2226	337067	337130	1.37e-06	57.2
ERR3077526.sra.18257	gi|543145307|ref|NC_022332.1|_Eel_picornavirus_1_strain_F15_05,_complete_genome	96.610	59	2	0	73	131	7539	7481	3.56e-19	98.7
ERR3077526.sra.18352	AJ239282	82.297	836	63	46	51	811	856	31	0.0	710
ERR3077526.sra.18400	NC_021350_359864_361325	69.444	144	37	3	2044	2180	1142	1285	5.54e-06	55.4
ERR3077526.sra.18405	NC_021020_589522_591540	83.333	72	9	2	103	172	1	71	4.40e-11	69.8
ERR3077526.sra.18409	AJ239281	82.041	490	46	29	549	997	17	505	1.43e-108	394
ERR3077526.sra.18512	NC_017511_1177616_1179168	76.190	105	16	4	684	780	1553	1450	2.07e-10	68.0
ERR3077526.sra.18608	NC_021175_16001_17556	82.105	190	12	10	676	847	1555	1370	1.06e-39	165
ERR3077526.sra.18663	NC_015291_14803_16340	89.017	173	5	8	21	182	1358	1527	4.66e-51	203
